QM Energy	FF Energy
     -0.00300723     -0.00295695
      9.2719e-05      0.00013074
      0.00136258      0.00181378
    -0.000248722    -8.08757e-05
     -0.00281685     -0.00362365
     -0.00224816      -0.0029114
     -0.00340443     -0.00363317
    -0.000193639    -0.000277229
     -0.00223633     -0.00195988
     -0.00130695     -0.00133793
     -0.00189572     -0.00197194
      0.00499736      0.00393008
    -0.000913608     -0.00156823
     -0.00343173      -0.0043737
      0.00293399      0.00261753
     -0.00188367     -0.00248854
    -0.000754833    -0.000692326
      0.00341679      0.00170694
       -0.002642     -0.00261805
    -0.000816869    -0.000881885
      1.4199e-05     0.000263876
    -0.000588261    -0.000765219
      0.00430894      0.00567507
       0.0026843      0.00169087
     -0.00196721     -0.00204162
     -0.00126887      -0.0016818
    -0.000570838     -0.00151294
     0.000711326     0.000250242
      0.00477352      0.00535386
     -0.00247664     -0.00305784
     0.000237404    -0.000165218
       0.0026735    -4.88346e-06
      0.00788461      0.00835157
       0.0161886       0.0176773
    -0.000415727    -0.000747097
     -0.00320851     -0.00384802
    -0.000750885    -0.000703817
      0.00688385      0.00561644
     0.000878457     0.000790657
     -0.00276064     -0.00321454
       0.0076124      0.00890933
    -0.000662402    -0.000766836
    -0.000162468    -8.84372e-05
    -0.000977511     -0.00110579
      0.00508215      0.00363584
     0.000143817    -3.75066e-05
     0.000685544     0.000792833
    -0.000803302     -0.00109097
     -0.00369427     -0.00377184
    -0.000611821    -0.000945998
     -3.1317e-05     0.000199867
      0.00202623      0.00104323
    -0.000570336    -0.000558222
     -0.00281363      -0.0031103
    -0.000933223     -0.00130011
      0.00107431      0.00083637
      0.00247966      0.00218064
     -0.00283479     -0.00287021
     -0.00046613    -0.000546787
     0.000623892     0.000941775
     0.000107873     0.000196451
    -0.000736847    -0.000901875
      0.00656503       0.0041822
    -0.000931696     -0.00100417
     -0.00166549     -0.00249935
    -0.000694085    -0.000951948
    -0.000193693     2.85327e-05
     0.000169599     0.000374022
     -0.00162151     -0.00142181
      0.00782099      0.00779179
        0.013547       0.0107783
      0.00451965      0.00388995
      0.00116777       0.0012769
      0.00739292      0.00650852
      0.00129758     0.000655946
    -0.000546619     -0.00149326
      0.00178759      0.00203512
    -0.000895782     -0.00143316
     -0.00134502     -0.00131655
     -0.00149583     -0.00158887
      -0.0036625     -0.00390052
      0.00813456      0.00545057
       0.0125726       0.0105083
      0.00557026      0.00644418
     -0.00134205     -0.00172627
     0.000443919    -0.000245475
     -0.00277108     -0.00288631
     -0.00173057     -0.00294872
      -0.0017096     -0.00180302
    -0.000336153    -0.000166809
    -0.000650274     -0.00074332
    -0.000348445    -0.000587051
    -0.000366274    -0.000338746
     0.000186076     0.000197657
     -0.00115046     -0.00155027
     -0.00105926     -0.00119279
    -0.000814192    -0.000807046
    -0.000258843    -0.000117386
     -0.00138361     -0.00158701
     -6.5561e-05     0.000114515
     0.000553245      0.00056519
    -0.000458652    -0.000348307
    -0.000581065     -0.00074997
    -0.000608969    -0.000811791
      0.00196567      0.00199709
    -0.000511758    -0.000489019
      0.00863473      0.00806581
      0.00107281     0.000859689
     0.000549224     0.000649219
    -0.000429919     2.86848e-05
     -0.00217701     -0.00280436
      0.00671182      0.00771016
     -0.00255451     -0.00279391
    -0.000540757    -0.000285077
     -0.00217196      -0.0025085
     0.000348979     0.000549187
      0.00624133      0.00641121
    -0.000312725    -0.000143177
      0.00619594       0.0041078
     -0.00139528     -0.00135574
      7.6831e-05     0.000117693
     -7.3548e-05    -8.83883e-06
    -0.000424309    -0.000541462
      0.00765484      0.00770003
    -0.000253492    -0.000243172
     0.000268661     0.000306183
     -0.00220037     -0.00247827
     0.000769401    -4.58696e-05
     0.000618224      0.00015268
      0.00677649      0.00460543
    -0.000670426    -0.000834031
      0.00192206      0.00100995
      -0.0010597     -0.00119232
     0.000290026     0.000362966
     -0.00165229     -0.00191169
     -0.00110733     -0.00126379
     -0.00158224     -0.00168505
    -0.000728672     -0.00117977
     0.000303933    -0.000192586
    -0.000539336    -0.000747751
    -0.000797601    -0.000992903
     -0.00074043    -0.000829706
     0.000321074     -0.00186995
     -0.00215287     -0.00204705
       0.0102938      0.00867991
     -4.8898e-05    -0.000199226
      0.00601202      0.00463368
    -0.000765648    -0.000896581
     -8.4179e-05     0.000206818
     0.000155307    -0.000140124
    -0.000522209    -0.000449541
    -0.000769069     -0.00272472
    -0.000803034    -0.000957362
    -0.000863425     -0.00124639
     -0.00217358     -0.00263478
     -0.00234899     -0.00264892
      0.00173841     0.000432392
    -0.000216182     -0.00061726
    -0.000664471    -0.000986393
    -0.000398904    -0.000417687
    -0.000889777     -0.00112395
    -0.000539764    -0.000488644
    -0.000263772    -0.000226315
     -0.00288391     -0.00348657
     0.000122125     0.000685754
     -0.00193095     -0.00186909
    -0.000570151     -0.00101332
     -0.00124072     -0.00152601
     -0.00162537     -0.00189947
    -0.000639561    -0.000847992
    -0.000540964    -0.000495453
    -0.000393241    -0.000437341
    -0.000645439    -0.000582272
     -0.00155464     -0.00179884
      0.00313636      0.00270964
    -0.000404134     -0.00153171
     -0.00164718      -0.0022829
     0.000703529    -8.45764e-05
     -0.00203391     -0.00240697
     -0.00293979     -0.00321509
     0.000128998     0.000490566
    -0.000611783    -0.000609247
      0.00183334      0.00180333
      0.00397701      0.00542879
     -0.00135853     -0.00144685
      0.00600088      0.00753083
    -0.000156736    -4.85012e-05
     0.000186569     0.000328222
    -0.000888045     -0.00106232
      0.00600271      0.00354184
    -0.000726956    -0.000892523
      -0.0012794     -0.00103752
      5.0742e-05    -0.000154982
      0.00135078    -0.000422742
    -0.000344836    -0.000174905
      0.00341163      0.00494811
          0.0014     0.000682995
    -0.000258052    -0.000750839
      0.00633064      0.00576979
      0.00311728       0.0026689
     -0.00160093     -0.00187875
    -0.000629966    -0.000597358
     0.000842313      0.00126859
    -0.000476109    -0.000841432
     -0.00130529     -0.00146799
    -0.000386547     -0.00037434
     -0.00451674     -0.00494409
      0.00228346      0.00273333
      0.00301496      0.00432705
    -0.000152346    -0.000242061
     -0.00126142     -0.00131609
     -0.00111474     -0.00106821
      0.00212271      0.00124635
    -0.000276023    -0.000184662
    -0.000398361     -0.00084862
     0.000744709     0.000726343
    -0.000364819    -0.000838844
     -0.00261631     -0.00272493
    -0.000342366    -0.000747418
     -0.00119917     -0.00137872
    -0.000285844    -0.000257287
     -0.00393035     -0.00447637
    -0.000966333    -0.000738186
     0.000599336     0.000664792
    -0.000807025    -0.000920478
     -0.00173425     -0.00166674
      0.00313268      0.00283397
     -0.00221761     -0.00275039
     -0.00128089     -0.00154662
       -0.001049     -0.00165973
      -0.0020304     -0.00237887
    -0.000541786    -0.000757635
    -0.000537085     -0.00112028
       0.0008249     0.000903491
     0.000869726     -0.00190007
     -0.00167139     -0.00173471
     -0.00144081     -0.00154543
    -0.000197673    -0.000197821
     -0.00123135     -0.00151791
     0.000181291     0.000234186
    -0.000283562    -0.000113352
      0.00053986     0.000110603
       0.0028741      0.00147869
     -0.00145134     -0.00151395
     -0.00111339     -0.00134944
     -0.00359161     -0.00367968
      0.00626004       0.0069929
      0.00137835      0.00246264
     -0.00106552     -0.00114549
    -0.000527432    -0.000626517
      0.00364961      0.00205791
     -0.00093046      -0.0010612
    -0.000391941    -0.000223051
      0.00632938      0.00448745
     -0.00103786     -0.00116565
    -0.000851907    -0.000947904
     0.000287113    -0.000688267
       0.0110149      0.00837454
    -0.000399584    -0.000331465
     -0.00255025     -0.00256779
     0.000582876      0.00117889
     -0.00104688     -0.00130343
    -0.000578485    -0.000349421
    -0.000434982    -0.000481334
      0.00404595      0.00314305
     -0.00111145     -0.00117663
    -0.000376314     -0.00037973
     -0.00158022     -0.00172739
      0.00461572        0.005641
     0.000261341     0.000523445
    -0.000398151    -0.000261091
     0.000506661    -0.000109209
    -0.000880064     -0.00103836
     -0.00148407      -0.0015916
    -0.000820934     -0.00251068
     -0.00149276     -0.00188592
      -0.0018914     -0.00296906
     0.000982717     9.00817e-05
     -0.00243929     -0.00355183
     0.000311889     1.34262e-05
    -0.000402622    -0.000274372
     -0.00175503     -0.00170801
    -0.000466586     -0.00040639
      0.00540937      0.00452731
    -0.000369864    -7.57887e-05
    -0.000233257    -0.000404245
    -0.000725274     -0.00117663
    -0.000850536    -0.000853512
    -0.000180327    -0.000796145
      0.00516506      0.00415409
    -0.000781353     -0.00119569
        0.005597      0.00551478
     -0.00146205     -0.00171202
    -0.000678289     -0.00127023
     -0.00177855     -0.00237657
    -0.000475089    -0.000638979
       0.0123925       0.0104377
     0.000887007      0.00083439
    -0.000793374    -0.000998586
     -0.00131891     -0.00145877
        0.014644       0.0110776
     0.000452518     0.000576494
    -0.000351943    -0.000232075
    -0.000118963    -0.000458024
    -0.000711344    -0.000672456
     -9.5721e-05      2.8109e-05
     0.000244847     0.000361209
      0.00812321      0.00891552
     -0.00339864     -0.00320171
    -0.000531702    -0.000566461
     -0.00108061    -0.000985769
      0.00201877      0.00187253
     -4.5293e-05    -2.16714e-05
    -0.000503735    -0.000675509
     0.000528843     0.000609893
     -0.00137647     -0.00139222
     -0.00112086     -0.00129758
    -0.000460158     -0.00046368
    -0.000881027     -0.00121895
    -0.000226148    -0.000543041
      0.00159718      0.00175652
     -0.00227754     -0.00277318
        0.001563      0.00070229
     -0.00157043     -0.00140864
    -0.000277776    -0.000219618
       0.0022911      0.00216789
     -0.00162548     -0.00356978
      0.00455739      0.00370745
    -0.000662656    -0.000526285
    -0.000203677    -8.09677e-05
     -0.00419227     -0.00414571
    -0.000343449     -0.00027171
     -0.00196114     -0.00258755
     -0.00105825     -0.00169931
      0.00197326      0.00213268
     -0.00142546     -0.00235742
    -0.000295578    -3.63433e-05
      0.00188855      0.00167071
      0.00227731      0.00178276
      0.00361446      0.00273476
     -6.5664e-05     9.07655e-05
    -0.000538732    -0.000396304
     0.000333218     0.000760901
    -0.000383578    -0.000546113
    -0.000533264    -0.000413987
     0.000113198      0.00020211
       0.0032117      0.00165463
      -0.0013285     -0.00138303
     0.000241342     0.000472538
      0.00481017      0.00395831
    -0.000231234    -0.000547574
      0.00781601       0.0095798
      0.00860076      0.00894205
      0.00160611     0.000884244
     -0.00107714     -0.00147999
    -0.000340106    -0.000352245
     -0.00255982     -0.00331162
     -0.00242971     -0.00294164
    -0.000599348    -0.000560866
     -0.00181169     -0.00247394
      0.00133471      0.00106239
     -0.00073561     -0.00271352
      0.00326281      0.00292196
     -0.00135081     -0.00158358
       0.0118686        0.014945
       0.0220615       0.0209741
     0.000368527     1.04925e-05
      0.00112806      0.00120051
    -0.000819213     -0.00113528
      0.00582311      0.00220522
    -0.000855643     -0.00115783
    -0.000746836    -0.000855199
     -0.00299856     -0.00321105
     -0.00234665     -0.00287529
    -0.000548889    -0.000534088
      0.00147662      0.00139295
      0.00789789       0.0072055
      0.00208007      0.00319776
    -0.000766984    -0.000986286
     -0.00125855     -0.00157541
    -0.000515879    -0.000452011
     -0.00188228     -0.00209686
    -0.000882257    -0.000938037
      0.00262841      0.00263255
     -0.00142182     -0.00181682
      0.00115595      0.00139822
     -0.00146679     -0.00158323
    -0.000720832    -0.000807374
     -9.0062e-05     4.82802e-05
     -0.00169875     -0.00194982
    -0.000614223    -0.000361183
      0.00161337     0.000251879
     0.000602979      0.00113201
     0.000351916    -8.14407e-05
     -0.00169148     -0.00185837
    -0.000217146    -0.000160353
    -0.000658535    -0.000865059
      0.00300863      0.00250592
      0.00325048      0.00425135
    -0.000903917    -0.000861307
      0.00390084      0.00494509
      0.00222554      0.00260011
    -0.000217086    -0.000224899
     -0.00150146     -0.00193282
    -0.000718845    -0.000765778
    -0.000492862    -0.000615064
      0.00379855      0.00482601
    -0.000776756     -0.00075737
      0.00367935      0.00285581
      0.00160785     0.000619405
     0.000345641     0.000651954
     -0.00115739     -0.00163404
    -0.000156425    -1.82088e-05
    -0.000920431    -0.000791396
     -0.00142417     -0.00177753
     -0.00110563     -0.00145178
      0.00124529     5.05816e-05
     0.000295975      0.00047784
      0.00104585      0.00149397
     -0.00312216     -0.00367973
    -0.000721598    -0.000704395
    -0.000455131    -0.000394701
     0.000241425     6.12848e-05
    -0.000275069    -3.05366e-05
      0.00107648      0.00110095
    -0.000652918     -0.00021718
    -0.000328373     -0.00032808
     -0.00232409     -0.00283423
    -0.000247174    -0.000291807
      0.00910391      0.00549736
      2.1784e-05     2.40324e-05
     0.000117635    -0.000947338
    -0.000364065    -0.000762884
     -0.00242078     -0.00243946
    -0.000981733      -0.0012828
     -0.00423709     -0.00447264
    -0.000709971    -0.000887446
     -0.00270665     -0.00356766
     -0.00225034     -0.00230572
      0.00411337      0.00402252
     -0.00347246     -0.00355504
    -0.000605784    -0.000703751
      0.00449915      0.00530467
    -0.000556815    -0.000843469
    -0.000846413    -0.000903624
     -0.00195557     -0.00214228
     -0.00067867      -0.0011725
      6.1364e-05     0.000190104
     -0.00191799     -0.00171274
    -0.000655681    -0.000980027
    -0.000567452     -0.00055647
      0.00161857     0.000273274
    -0.000138575     -4.7927e-05
      0.00272575      0.00355118
      0.00414536      0.00294331
    -0.000853209    -0.000708113
     -0.00109463     -0.00158695
      0.00285338     0.000355493
     -0.00098591     -0.00121352
    -0.000196584     0.000150744
    -0.000529932     -0.00047907
    -0.000856193     -0.00121565
     -0.00237502     -0.00259705
     0.000182029     0.000410099
     -0.00286766     -0.00289902
    -0.000360907    -0.000285477
    -0.000941357    -0.000930585
    -0.000364249    -0.000272376
      -0.0023834      -0.0024281
     -0.00108519     -0.00126546
     -0.00124036     -0.00156098
     0.000179084     0.000313753
    -0.000143116     0.000154997
      0.00744652      0.00602379
      0.00270491      0.00277585
    -0.000742476    -0.000798364
      -0.0014842     -0.00200019
     0.000498007     0.000261116
     -0.00107025     -0.00122651
    -0.000904537    -0.000776373
     -0.00130302     -0.00145981
       -0.002544     -0.00383388
     -0.00349624     -0.00379401
     -0.00144871     -0.00171878
      0.00017067    -0.000603815
      0.00235413      0.00260074
      0.00048827    -0.000407222
    -0.000598688     -0.00119776
    -0.000855605    -0.000554598
     -0.00258535     -0.00268818
    -0.000183695    -0.000119766
    -0.000962344     -0.00114169
    -0.000639881    -0.000641431
       0.0110312      0.00968565
      -0.0024558     -0.00260764
     -0.00139258     -0.00221955
      -0.0001968    -0.000174635
    -0.000492014    -0.000961339
      0.00346723      0.00330871
    -0.000893495    -0.000803396
      0.00437989      0.00388902
    -0.000765568    -0.000949257
     0.000145075     0.000168697
     -0.00160762      -0.0015661
      0.00129233      0.00181137
      -0.0012028     -0.00139801
     -0.00308479     -0.00349954
    -0.000274621    -0.000812967
      -0.0006349    -0.000760246
    -0.000518366    -0.000411633
      0.00239469      0.00178954
        0.012566       0.0121844
      0.00625342      0.00542625
      0.00791338         0.00828
       0.0003903     0.000374042
    -0.000743395       -0.002142
    -0.000855282     -0.00113576
    -0.000762134     -0.00121706
    -0.000398862     -0.00146174
      0.00676844      0.00525272
    -0.000598303    -0.000762293
    -0.000819584     -0.00118488
     -0.00143776      -0.0024456
      0.00569303      0.00495193
      0.00154019      0.00213587
      0.00160308      0.00132801
      0.00893885      0.00733933
    -0.000862743     -0.00112814
     -0.00191548     -0.00208888
     -0.00307994     -0.00360489
    -0.000233984    -0.000260234
    -0.000433064    -0.000323947
     -0.00216492     -0.00197176
      0.00302829        0.003385
     -0.00151184      -0.0017856
     -0.00194582     -0.00232124
       0.0166985        0.020707
    -0.000556295    -0.000498641
     -0.00126388     -0.00122327
    -0.000491602    -0.000619126
      0.00228264       0.0025724
    -0.000691435    -0.000667926
    -0.000716803    -0.000821798
    -0.000582037    -0.000498041
     -0.00168879     -0.00200918
     -0.00179621     -0.00204001
     -0.00167931      -0.0018319
     0.000357362     0.000250787
       0.0135502       0.0125901
     -0.00239632     -0.00344937
     -0.00241157     -0.00349599
      0.00022191      0.00041732
    -0.000241875    -3.98861e-05
       0.0104629       0.0123385
     0.000433866     1.86939e-05
     -0.00165296     -0.00172016
      0.00181366     0.000793514
    -0.000888386     -0.00113467
     -0.00181642     -0.00188141
       0.0106127       0.0103567
      -0.0012207     -0.00129546
      0.00477024      0.00369798
     -0.00169551     -0.00208923
     0.000136682     -0.00119645
    -0.000699695    -0.000656667
       0.0136771       0.0131939
     -0.00253475     -0.00292917
    -0.000388348    -0.000298821
      7.3092e-05    -0.000471812
     0.000160201     0.000559193
     -0.00126067     -0.00143337
      5.1835e-05    -0.000349905
    -0.000526772    -0.000667387
       0.0033526      0.00361328
     -0.00044427    -0.000422195
    -0.000118893    -0.000196511
      0.00850345      0.00919343
    -0.000249837    -0.000340997
     -0.00264217     -0.00393939
    -0.000586829    -0.000749736
    -0.000468125    -0.000362625
    -0.000291695    -0.000229538
    -0.000587977    -0.000584083
    -0.000210962     -0.00018955
     -2.7962e-05    -9.72131e-05
    -0.000527009    -0.000475844
     -0.00191379     -0.00202301
     -0.00060999    -0.000533629
     -0.00204845     -0.00255428
    -0.000677585    -0.000998493
     -0.00299645     -0.00289245
     -0.00104997     -0.00128864
    -0.000479211    -0.000590681
     -0.00139878     -0.00182511
      -0.0003072    -0.000514862
     -9.4764e-05     0.000627041
     -0.00134603     -0.00189298
    -0.000411572    -0.000393882
     -0.00204455     -0.00247413
     -0.00139804     -0.00156545
    -0.000724587    -0.000640223
    -0.000184691    -0.000364866
     -0.00342185     -0.00357812
    -0.000905318     -0.00139975
     0.000230947    -7.64085e-05
    -0.000934828     -0.00112331
    -0.000208868    -3.12325e-05
    -0.000632101    -0.000617884
      7.6455e-05    -2.00656e-05
      -9.481e-05    -0.000500127
     -0.00110339     -0.00126738
     -0.00238039     -0.00295551
       0.0053603       0.0033828
    -0.000489654    -0.000350474
    -0.000660377    -0.000746044
     0.000311951    -0.000747379
     -0.00128693     -0.00137402
    -0.000850843     -0.00101481
      0.00660645      0.00402161
    -0.000361352    -0.000268002
      -0.0010008    -0.000788752
     -0.00110275     -0.00101415
     -0.00092358    -0.000958835
     -0.00135494     -0.00152527
        0.005424      0.00231696
      0.00983308      0.00724089
     -0.00222117     -0.00285487
    -0.000251891    -0.000222015
     -0.00163993     -0.00233663
    -0.000290359     3.76529e-05
    -0.000335741    -0.000719295
     -0.00295203     -0.00318065
     -0.00264303     -0.00295376
     0.000646988     0.000593684
     0.000967816    -0.000404624
     -0.00232278     -0.00238642
    -0.000447221    -0.000705085
    -0.000682667    -0.000633997
    -0.000145909    -0.000288896
    -0.000719129    -0.000408735
    -0.000171773    -0.000380864
    -0.000764825     -0.00101045
      3.8475e-05     0.000624028
    -0.000292944    -0.000162144
      -0.0015278     -0.00168007
    -0.000863918    -0.000758432
     -0.00152626     -0.00163228
      0.00169565      0.00242435
    -0.000323492    -0.000298933
     -6.5567e-05    -0.000161439
    -0.000455909    -0.000467273
    -0.000322474    -0.000304508
     0.000222767     0.000109393
    -0.000466809      -0.0014512
      0.00401136      0.00082199
    -0.000771742    -0.000797728
    -0.000788855     -0.00103226
      -0.0031716     -0.00385783
      0.00448495      0.00338511
    -0.000958985      -0.0010295
    -0.000791556     -0.00113544
      0.00100452      0.00142674
     -4.0441e-05    -3.00762e-05
     -0.00050521    -0.000568364
      0.00017952     0.000207099
      0.00346839      0.00289024
     -0.00251602     -0.00320242
    -0.000201483    -3.93615e-06
    -0.000439834    -0.000285971
     0.000608814     0.000413847
      0.00132902      0.00229281
    -0.000316061    -0.000251556
       0.0106186       0.0143858
     -0.00105221     -0.00122903
     -0.00115861      -0.0017703
      0.00797959      0.00849758
     -0.00158107     -0.00200941
     -0.00099908    -0.000987353
     -0.00145217     -0.00151284
    -0.000672615    -0.000334925
      0.00208299      0.00151837
    -0.000338881    -0.000273113
      0.00180124     0.000819526
      0.00122735     0.000864696
      0.00465621      0.00425136
       0.0138236       0.0159175
     -0.00109441     -0.00101405
    -0.000494658     -0.00047021
     -0.00147463     -0.00187715
    -0.000468955    -0.000644475
    -0.000143471    -6.54695e-05
     -0.00141771     -0.00175273
      0.00739248      0.00802841
     -0.00137235     -0.00170402
      0.00529731      0.00531272
     -0.00134885       -0.001408
    -0.000607239     -0.00150468
    -0.000688233    -0.000505841
      0.00845768      0.00760201
     0.000259287     0.000312625
       0.0144471        0.011675
     0.000217463     -0.00027412
     0.000191707     0.000338966
      0.00216311      0.00199708
     0.000136247     9.80539e-05
    -0.000917204    -0.000966722
      0.00233237      0.00238456
     0.000122886     0.000154386
      0.00453641       0.0017594
      0.00738665      0.00457242
    -0.000931449    -0.000864596
     0.000235778     0.000510328
     -0.00149952     -0.00214779
     -0.00108131     -0.00132219
    -0.000539321    -0.000722615
      -0.0021993     -0.00253925
     -0.00111522     -0.00133254
     -0.00057931    -0.000822279
    -0.000639442    -0.000829111
    -0.000366118     -0.00033244
      0.00465533       0.0037943
      0.00281187      0.00163375
     -0.00148976     -0.00146009
     0.000812779     0.000400039
    -0.000595867    -0.000611807
     -0.00113204     -0.00138203
     -9.7197e-05    -0.000621324
       0.0030554      0.00257977
      0.00523063      0.00374687
     -0.00124243     -0.00131186
    -0.000153439    -0.000264511
    -0.000515588    -0.000750459
     0.000875092     0.000664376
      0.00342568      0.00211578
     0.000865504     0.000942454
     -0.00056351     -0.00030165
    -0.000967484     -0.00157016
    -0.000492309    -0.000517141
    -0.000565512     -0.00113944
    -0.000357749    -0.000359076
    -0.000371992    -7.12605e-05
     -0.00155203     -0.00184283
    -0.000445995    -0.000455985
    -0.000602304    -0.000566575
    -0.000592189    -0.000572149
     -0.00126479     -0.00151412
     -0.00169212     -0.00155227
     0.000336035     0.000763316
     -0.00180003     -0.00191903
     -0.00325878      -0.0040716
     -0.00282326     -0.00371097
     -0.00112338     -0.00109806
      0.00138375      0.00182082
     0.000431319    -0.000744316
      0.00422451      0.00389956
    -0.000566514    -0.000519036
      0.00110598      0.00023003
       0.0105136      0.00930722
     0.000438685     0.000318387
     0.000725302     0.000357162
    -0.000210737    -0.000184123
     -0.00123694     -0.00166193
     -0.00099479    -0.000744131
    -0.000856934     -0.00123479
     -0.00115859     -0.00125501
      0.00032595     0.000369113
      0.00242797      0.00224916
    -0.000686967    -0.000715585
      0.00864464      0.00844044
      0.00300077      0.00292455
      0.00268408      0.00200498
    -0.000258289    -0.000225303
    -0.000550782    -0.000565129
      0.00472586      0.00397354
      5.9197e-05    -0.000454505
     -0.00108745     -0.00148583
     -0.00181452     -0.00210748
     -0.00081036    -0.000907639
    -0.000269532    -0.000181584
     0.000878231      0.00180108
      0.00277282      0.00233608
     -0.00035748    -0.000298863
      0.00205826      0.00200832
    -0.000525975     -0.00048525
     -0.00050575    -0.000635118
      0.00928255      0.00659837
      0.00231631      0.00132301
    -0.000510284    -0.000421203
     -0.00308464      -0.0040038
    -0.000726718    -0.000790251
     -7.2542e-05    -0.000274249
    -0.000934975    -0.000917818
     -0.00147101     -0.00178991
    -0.000208127    -9.67889e-05
    -0.000834282    -0.000913879
     -0.00354078     -0.00450359
      -0.0021586     -0.00284732
    -0.000128638    -0.000439808
      0.00491517      0.00314539
     -0.00203179     -0.00225718
    -0.000507009    -0.000618527
    -0.000708573    -0.000731005
     0.000536697     0.000971797
     0.000414848     0.000780796
      -0.0014169     -0.00196376
      -0.0024609     -0.00285442
    -0.000717438    -0.000836231
      0.00490282      0.00600296
     -0.00179318     -0.00216653
    -0.000361392    -0.000238471
     -0.00167795     -0.00197243
    -0.000186889     -0.00034601
    -0.000677392     -0.00090263
    -0.000617249    -0.000710576
     -8.5995e-05     0.000712253
      0.00335604       0.0038071
    -0.000314666    -0.000326968
     -0.00256803     -0.00241102
      0.00338518      0.00221936
    -0.000414986    -0.000634774
    -0.000990016     -0.00117637
     -0.00218281     -0.00240093
    -0.000270659     3.53229e-06
    -0.000443142    -0.000465793
     0.000586209    -0.000219554
     -0.00113911     -0.00198436
    -0.000633673    -0.000651399
    -0.000839254    -0.000781421
    -0.000263392    -0.000536391
      0.00327575       0.0041863
     -0.00200117     -0.00201777
     -0.00109639     -0.00175737
      0.00017379     0.000678425
      0.00618945      0.00425536
    -0.000477985     -0.00030395
     -0.00281034     -0.00301823
    -0.000886508    -0.000910714
      4.6132e-05    -0.000268503
     -0.00109313     -0.00146476
    -0.000576361     -0.00095098
      0.00554341      0.00500477
    -0.000391676    -0.000103267
     -0.00057232    -0.000464607
     0.000992487      0.00223812
    -0.000707601    -0.000770504
    -0.000479378    -0.000389302
    -0.000630227    -0.000565735
     -0.00101745     -0.00109772
      0.00617517      0.00475145
      -0.0018324     -0.00193596
     -0.00123914     -0.00174143
     0.000496676     9.30889e-05
      0.00424397      0.00469004
     0.000242658     0.000581647
      0.00198043      0.00227138
    -0.000579698    -0.000542672
     -0.00183376     -0.00192276
    -0.000908162     -0.00142079
      0.00381642        0.004965
     -0.00042147    -0.000374774
     -0.00026112    -0.000167506
      -0.0010204     -0.00159541
     -0.00205203     -0.00211851
     -0.00165424     -0.00155897
     -0.00171004     -0.00172786
     -0.00108083     -0.00116593
    -0.000186351    -0.000575135
     -0.00167973     -0.00168256
    -0.000540858    -0.000352863
      0.00785953      0.00814782
    -0.000582785    -0.000582407
     -0.00202677     -0.00269006
     -0.00117902     -0.00149339
      4.6727e-05      0.00026061
     -0.00423659     -0.00457158
    -0.000264176    -0.000377581
      0.00261429      0.00277953
    -0.000962165    -0.000358649
     -0.00417003     -0.00497112
    -0.000462396     -0.00128749
     -0.00370615     -0.00378891
    -0.000402077    -0.000341404
      0.00439237      0.00296345
     -0.00168463     -0.00190038
    -0.000774973     -0.00121539
    -0.000303418    -0.000508272
      0.00699782       0.0064794
     -0.00125269     -0.00145821
    -0.000594676    -0.000837626
     -0.00121424     -0.00148726
    -0.000714864    -0.000531268
     -2.4814e-05     1.72831e-05
    -0.000991711     -0.00122199
     0.000426415     0.000109655
       0.0117682       0.0126243
    -0.000575692    -0.000568524
    -0.000553933    -0.000673484
      0.00563673      0.00549406
    -0.000780722    -0.000729085
      0.00261933      0.00212541
    -0.000403809    -0.000238456
     -0.00011309    -0.000164921
     -0.00195712     -0.00218437
    -0.000137398    -0.000994862
    -0.000919495     -0.00131716
      0.00200057      0.00226516
    -0.000366456     -0.00018659
    -0.000823619    -0.000704485
     0.000440752      0.00118055
    -0.000862372     -0.00109127
     -0.00125467     -0.00117009
     0.000810958     0.000346615
      0.00112536      0.00120071
    -0.000163985    -2.80526e-05
     -0.00159842     -0.00155431
     0.000946215      0.00140423
    -0.000109488    -0.000664536
      0.00885426       0.0051203
    -0.000131256     -0.00175269
      -0.0011576     -0.00126729
       -0.002268     -0.00256496
     0.000402036     0.000392726
    -0.000836305     -0.00120524
      0.00688666      0.00568582
       0.0144496       0.0138361
    -0.000937201    -0.000908115
    -0.000612198    -0.000620688
       0.0073208      0.00672472
    -0.000421307    -0.000602132
    -0.000488367    -0.000297624
    -0.000700766    -0.000516534
      0.00310845      0.00438989
      0.00301288       0.0032782
     -0.00100625     -0.00093881
     -0.00124856     -0.00130371
     0.000101633     0.000303487
    -0.000624446    -0.000811391
     -0.00227306     -0.00231355
     -0.00102707     -0.00153653
     -0.00146852     -0.00149547
    -0.000926336     -0.00130611
    -0.000927662     -0.00112271
    -0.000118332    -0.000764256
     0.000341092     0.000744316
      0.00198348      0.00117478
      0.00144307      0.00155427
      0.00270532      0.00192383
    -0.000897401     -0.00125496
     -0.00145193     -0.00173805
    -0.000871064    -0.000897719
    -0.000614135    -0.000821307
    -0.000122637     0.000135959
     -0.00146785      -0.0015603
    -0.000993666    -0.000862715
     -0.00122854     -0.00108734
    -0.000558712    -0.000561221
     -0.00176096     -0.00187473
    -0.000362237    -0.000618448
    -0.000623113    -0.000698335
     -0.00102358     -0.00123546
     -0.00025563     5.85568e-05
    -0.000307806    -0.000210593
       0.0039018      0.00290277
    -0.000632012    -0.000755539
      0.00118994     0.000251768
    -0.000417397    -0.000338341
     -0.00243768     -0.00234905
     -7.4314e-05    -0.000212422
     -0.00200899     -0.00230944
    -0.000563113    -0.000775705
     -0.00153783     -0.00198351
      0.00031592    -0.000301309
     0.000361751     0.000410855
    -0.000149961    -0.000357715
    -0.000385283    -0.000986924
    -0.000108153    -0.000294777
    -0.000606916    -0.000560547
      0.00364251      0.00244085
     -0.00153285     -0.00162838
      0.00281569      0.00365994
     -0.00010423    -0.000354284
      0.00542212      0.00493565
