QM Energy	FF Energy
     0.000355796    -0.000776276
    -0.000797401     -0.00198362
     -0.00223366     -0.00173022
     -0.00343343     -0.00552695
     -0.00054308    -0.000308117
      9.4899e-05      0.00207146
    -0.000960967     -0.00092694
     -0.00118549     -0.00209282
     0.000291341     -0.00145507
    -0.000136425    -0.000260206
     0.000349722      0.00108959
      0.00127298      0.00297794
      0.00451627      0.00201147
     -0.00201567     -0.00522987
      0.00219268     0.000603827
      0.00127986      0.00214344
     -1.9524e-05    -0.000390857
      0.00888755      0.00733625
    -0.000454688    -0.000602585
      0.00196999      0.00381271
      0.00063617     0.000393653
     -0.00118975     -0.00142332
       0.0018542      0.00131194
      0.00487047      0.00514799
     -0.00021091    -6.79691e-05
      -0.0013172     -0.00234293
     -0.00225433     -0.00304483
     -0.00136355     -0.00169622
      0.00105214      0.00301984
      0.00106061      0.00182298
    -0.000634389    -0.000298572
      -0.0015815     -0.00207984
    -0.000343966     -0.00204137
      0.00462461      0.00325171
      0.00663923      0.00382033
    -0.000289816    -0.000744643
     -0.00111339     -0.00148316
     -0.00126685     -0.00184452
     -0.00105677      -0.0014594
     -0.00102412     -0.00166478
     0.000412606     0.000137724
    -0.000734781     -0.00109098
      0.00246315      0.00305428
     -0.00129675     -0.00173095
      0.00863873      0.00838261
    -0.000590673    -0.000530182
     0.000406006     0.000957392
      0.00216143      0.00175433
      0.00541488       0.0067181
     -6.6937e-05     -0.00033215
     0.000686633      0.00166951
     -0.00156945     -0.00333254
      0.00495292       0.0027187
    -0.000229969    -0.000153242
     -0.00169513     -0.00173641
    -0.000154736     0.000680608
     -0.00135671     -0.00158417
     -0.00101897      -0.0013206
    -0.000950924    -0.000473644
     -0.00149042     -0.00171468
      0.00364659        0.004853
     0.000652315     0.000862181
     -9.1243e-05     0.000408732
     -0.00097745     -0.00136104
    -0.000536302    -0.000337404
    -0.000757703      -0.0011674
     -0.00237045     -0.00321899
      0.00364226       0.0064707
     0.000449307     0.000846665
      0.00023767      0.00113975
    -0.000549373    -0.000313186
        0.005325      0.00390498
      0.00489239      0.00751935
     -0.00263918     -0.00319262
     0.000370654     0.000273141
      0.00937646       0.0103057
       0.0055193      0.00670012
     -9.7076e-05     0.000492999
       -0.002047      -0.0015155
      0.00158012      0.00419242
      0.00416828      0.00403459
    -0.000760755    -0.000837819
      0.00124621      0.00264454
      -0.0024498     -0.00416287
    -0.000844468    -0.000749566
     0.000172972     0.000387753
    -0.000664276    -0.000455758
    -0.000487731    -0.000581946
     0.000146334     0.000232512
     -0.00053042    -0.000864621
      0.00494642      0.00440436
      0.00548818      0.00739179
    -0.000206756      0.00039933
     0.000815487    -0.000591776
     -0.00154532     -0.00225527
    -0.000996277     -0.00146512
     -0.00117192     -0.00261801
    -0.000130599      0.00014888
      0.00738223      0.00681105
     0.000198575     0.000287781
      0.00173226      0.00297202
      0.00126926      0.00229037
     -0.00116754     -0.00127549
    -0.000807772     -0.00104829
    -0.000162451    -0.000239314
     0.000841587      0.00134609
     -0.00136195      -0.0017705
     0.000613449      0.00113145
      0.00340588     0.000863994
     -0.00218556     -0.00304813
      0.00330121      0.00298395
    -0.000641953    -0.000480195
      0.00973709      0.00928217
     -8.2774e-05     0.000184436
     -0.00104221     -0.00153455
      9.1568e-05     0.000503221
       0.0143878       0.0159595
     -0.00135532     -0.00194692
     0.000569969      0.00111488
    -0.000239734    -0.000622634
     0.000990451      0.00151865
     -0.00133358    -0.000987266
    -0.000405898    -7.40622e-05
     0.000636489      0.00145996
     -0.00246074     -0.00156579
      0.00037696     0.000979116
      0.00102278      0.00145019
    -0.000381098     0.000208201
     -0.00064126     -0.00191304
      0.00180782      0.00234755
     -1.5827e-05     -0.00128497
     0.000472784      0.00110174
     -0.00163013     -0.00191867
     0.000524836      0.00314714
      0.00807671      0.00909932
      0.00617839      0.00558612
    -0.000175916    -2.35839e-05
      0.00448548      0.00399872
    -0.000429777    -0.000506121
     -0.00164184     -0.00147238
     0.000318904     0.000811845
    -0.000524592     -0.00112556
     0.000404086     0.000999806
      0.00497594      0.00482247
     0.000716817       0.0013368
        4.38e-05     0.000357785
      0.00165555      0.00159455
     -0.00220424     -0.00241519
    -0.000297067     -0.00043336
    -0.000322391    -0.000980625
    -0.000932236      -0.0017714
     -0.00148085     -0.00099233
    -0.000752543     -0.00375031
     -0.00141969     -0.00198799
     -0.00127345     -0.00162546
     -1.0056e-05      0.00117279
    -0.000520037    -0.000784182
     -0.00293242      -0.0039228
     0.000461271     0.000771783
     -0.00236947     -0.00400851
    -0.000558396      -0.0005587
     -0.00135123     -0.00114191
     -0.00170528     -0.00214016
     -0.00384766     -0.00681513
    -0.000557579     0.000427203
     0.000369729       0.0016919
     -0.00155214     -0.00208127
     -0.00284814     -0.00340297
    -0.000120465    -0.000312287
     -0.00113458      -0.0011175
     0.000357955     0.000781992
      0.00142941      0.00014991
      0.00159394    -6.65577e-05
     0.000545857     0.000916559
      0.00094241     -0.00174736
      0.00857171        0.008678
     0.000610265     0.000536903
     0.000251571    -4.57324e-05
    -0.000702019     -0.00142728
    -0.000272433    -0.000359347
     -7.6611e-05    -2.82227e-05
      0.00072006      0.00137344
     -0.00136246     -0.00243084
     -0.00105986     -0.00116423
    -0.000801328     -0.00094039
     -0.00158229     -0.00175501
       0.0020936      0.00147033
      0.00653875      0.00164931
      0.00040777      0.00104249
     0.000343111      0.00080044
      0.00695628      0.00675033
      0.00300932      0.00389243
     0.000449411     -0.00358396
     -0.00178361     -0.00231568
     -0.00129655    -0.000453092
     0.000383937     0.000373101
      0.00461513      0.00307768
    -0.000730117    -0.000427052
      0.00173684      0.00157423
    -0.000840776     -0.00131432
     -2.6036e-05      0.00032905
    -0.000253384    -0.000564924
      0.00306351     0.000380781
      0.00160583     -0.00198624
     -5.6314e-05    -0.000305091
     -0.00128773     -0.00168731
      4.0768e-05     0.000264623
      7.1034e-05     0.000472706
      0.00173538      0.00191159
      0.00072505    -0.000500381
     -0.00012508    -0.000634977
     0.000885242      0.00166611
    -0.000776309     -0.00114845
    -0.000534823    -0.000403592
      0.00458372      0.00792574
      0.00332707      0.00502662
    -0.000660824    -0.000572806
      0.00413161      0.00639395
     -0.00104242     -0.00118836
     0.000657869     0.000951507
      0.00154994      0.00236163
    -0.000896364     -0.00125962
    -0.000951787     -0.00105368
      0.00118926    -0.000307192
     -0.00197051      -0.0023343
      0.00266739      0.00249711
     -0.00101406     -0.00141995
      0.00205407      0.00380572
       5.609e-05     0.000220693
     -0.00141325     -0.00196904
      0.00165952      0.00216256
      -0.0019599     -0.00175982
       0.0101787       0.0080333
      -2.244e-05     0.000290836
     0.000610238      0.00059587
     0.000431171     0.000420001
    -0.000458295     0.000170935
       4.217e-05    -0.000170344
     -0.00160415     -0.00230336
    -0.000763933     -0.00134598
       0.0104648      0.00565698
    -0.000126297    -0.000520452
     0.000906748      0.00199254
     -2.8062e-05     0.000452107
     -0.00220989     -0.00229912
     -0.00130063     -0.00162245
    -0.000489016     1.07716e-05
    -0.000244324     0.000252049
     -0.00190247      -0.0058903
     -0.00186696     -0.00165002
    -0.000758787      0.00113839
    -0.000621388    -0.000792677
     -6.7209e-05     0.000163978
     0.000290564    -0.000669577
    -0.000109939     0.000167425
    -0.000768744     -0.00495485
       0.0052361      0.00498462
      5.9761e-05    -0.000345473
    -0.000939288     -0.00135023
       0.0104939       0.0102986
       0.0162763       0.0162625
      0.00657829      0.00360458
    -0.000949585     -0.00118384
     -0.00029153     -0.00425301
      0.00517619       0.0046666
       0.0032229      0.00444293
     -0.00089448    -0.000751664
     0.000324521     0.000121491
     -0.00184385     -0.00155044
     -0.00339019     -0.00518009
    -0.000848262    -0.000907728
      0.00745694      0.00725951
     -0.00103846     0.000128361
     0.000423182     0.000743219
      -0.0021861     -0.00403309
     -0.00167579     -0.00234962
    -0.000216338     -0.00046974
     0.000205267     0.000210875
      0.00109701     0.000618409
      0.00418107      0.00377331
      0.00899837      0.00786865
      5.0257e-05     0.000748028
     -0.00162986     -0.00288198
      0.00127524       0.0027561
     -0.00022126    -0.000755079
     0.000388533     0.000832195
     -0.00164928    -0.000187905
      0.00272457      0.00200826
    -0.000332956     -0.00041987
      0.00270678      0.00402108
     -0.00148194      -0.0021704
      0.00405789      0.00245119
     0.000257209     0.000435353
      0.00867537       0.0048368
     -0.00111258     -0.00109652
     -0.00359724     -0.00520177
       -8.22e-05     -8.5938e-05
       0.0011118      0.00141655
     -0.00068418    -0.000688602
     -0.00113043     -0.00148561
      -0.0015489     -0.00223727
      0.00841392       0.0071142
    -0.000518948      0.00104341
      7.0863e-05     0.000282438
      -0.0019673     -0.00396958
     -0.00188035     -0.00308663
     -0.00107819      -0.0018965
     0.000247062     0.000679969
    -0.000950778     0.000539152
     0.000560224      0.00080582
      0.00125994      0.00180382
      -0.0015319     -0.00156493
     -0.00119906    -1.11828e-05
     -0.00115058    -0.000897821
     -0.00133423     -0.00159961
     -0.00190856     -0.00413053
      0.00965548      0.00872882
     -0.00109492     -0.00164116
    -0.000781386     -0.00100865
      0.00337791      0.00360225
      0.00459848      0.00188504
      0.00116298     0.000821995
     -0.00264082     -0.00447113
     -0.00151662     -0.00181036
     -0.00146251     -0.00202011
      -0.0023702     -0.00325275
     -0.00115244     -0.00115103
      -0.0015321     -0.00440603
     -0.00155699     -0.00224534
     0.000287809      0.00322855
     0.000715304      0.00139816
     -0.00282548     -0.00543271
     0.000286707     0.000970894
     0.000204572     0.000786465
      0.00274613      0.00469312
    -0.000873431     -0.00100775
      0.00474021      0.00364243
       0.0035603      0.00367231
     0.000617341       0.0004949
      0.00623679      0.00764627
      0.00804245      0.00639349
    -0.000874223     -0.00180057
    -0.000661241     -0.00105612
      0.00984775      0.00820747
      0.00424566      0.00341679
      0.00257583       0.0038847
     -0.00060816     -0.00151725
    -0.000500039      0.00125446
     -0.00134742     -0.00215935
      0.00166242     -0.00321504
    -0.000926061      -0.0010442
     -0.00227081     -0.00185609
    -0.000948911     -0.00128283
     -0.00103326    -0.000430629
     0.000282634     0.000691723
     0.000277876      0.00201857
      0.00414498     -0.00187989
      0.00945225      0.00880066
     -0.00297329     -0.00494124
    -0.000221751     0.000162666
    -0.000665483      -0.0010925
    -0.000768995     -0.00132921
      0.00383239    -5.17982e-05
     -0.00103256     -0.00149477
    -0.000143356     0.000145051
     -0.00265864     -0.00373263
      0.00993813      0.00640719
      0.00053829     0.000848377
     -0.00193733     -0.00244138
    -0.000753954     0.000368725
      -0.0031763     -0.00410881
      0.00217315      0.00103753
      0.00403439      0.00498992
     -0.00209123     -0.00221154
      0.00183951      0.00329577
       -0.001495     -0.00143671
      0.00356867      0.00409885
    -0.000569626    -0.000670037
     -0.00143993     8.37906e-05
     -0.00258646     -0.00392187
     -0.00225369     -0.00300741
     -0.00175124     -0.00338953
       0.0080342      0.00883291
    -0.000112711     -0.00188439
     -0.00282434     -0.00387225
     -0.00124966    -0.000749718
     -0.00113642     -0.00174174
      0.00205407      0.00227792
     -0.00168142     -0.00184148
       0.0032252      0.00305985
    -0.000872788    -7.72451e-05
    -0.000549953    -0.000966841
     -8.3045e-05     0.000175423
     -0.00166917     -0.00205629
    -0.000807844      -0.0011541
    -0.000609208      0.00200505
      0.00087589      0.00168587
      0.00144249      0.00157267
      0.00385915      0.00570758
     0.000181297     0.000136471
    -0.000881736    -0.000938037
      0.00194221      0.00202371
     -0.00146165    -0.000993104
    -0.000568156    -0.000753964
     0.000286807     0.000620072
    -0.000233762      0.00012126
      0.00169556      0.00258967
     -0.00327679     -0.00538153
      0.00136247      0.00162037
    -0.000833233     -0.00102284
     -0.00105854     -0.00489549
     -0.00128059     -0.00172705
      0.00160772     0.000628177
    -0.000718422     -0.00056991
     -0.00078417     -0.00164984
    -0.000455818     -0.00103787
     0.000294063     0.000286467
     -0.00167624      -0.0030287
     -0.00081812    -0.000314421
      0.00707642      0.00514009
     -0.00158138     -0.00129679
      0.00214763      0.00256663
      -0.0010819    -9.43315e-05
     -0.00126954     -0.00191259
      0.00364883      0.00142716
    -0.000386704    -1.14514e-05
     -0.00222581     -0.00227185
     -0.00120142      -0.0015507
    -0.000580728    -0.000734332
    -0.000947781    -0.000350008
      -0.0012539     -0.00161688
      0.00171983      0.00297547
     0.000552761      0.00103236
     -0.00149618     -0.00133632
      0.00527407      0.00541347
    -0.000127989     0.000363469
     0.000590508     4.01925e-05
     0.000168803     0.000728617
      0.00208124       0.0028609
    -0.000562895     -0.00168527
      0.00150968      0.00434547
     -0.00160581     -0.00131147
      0.00150999       0.0006069
    -0.000401592     -0.00050062
      0.00605585      0.00706501
      1.1235e-05     9.96645e-05
     0.000152224    -0.000743766
     -0.00289657     -0.00480994
     0.000887242      0.00124257
      0.00393075      0.00292565
    -0.000524594    -0.000123991
     -0.00124823     -0.00132966
     -0.00211248      -0.0032808
    -0.000157513    -0.000317371
      0.00762583       0.0100662
     0.000339641     0.000803372
     0.000833764      0.00126367
      0.00146532      0.00249361
     0.000401996     0.000417067
      -0.0011534    -9.10255e-05
     -7.9923e-05     0.000909147
     -0.00172257     -0.00530766
     -0.00129222     -0.00228143
     -4.9807e-05     0.000911742
       0.0108049       0.0105383
     0.000568773      0.00084203
     -0.00149184      -0.0013343
     0.000678399      0.00118049
      0.00310904      0.00145798
     -0.00235218     -0.00238318
     0.000539815     0.000893025
     0.000351711    -0.000433278
       0.0010853      0.00205478
     0.000455691     0.000679458
     -0.00011693     0.000457653
     -0.00017853     0.000197551
     -0.00166987     -0.00226694
     -0.00305382     -0.00639261
     0.000468041     0.000779207
    -0.000449683    -0.000331311
    -0.000115205     -0.00023907
    -0.000548431    -0.000662629
    -0.000907028    -0.000842811
      0.00259828      0.00505706
    -0.000683645     0.000550639
       0.0203742          0.0191
    -0.000557133    -0.000534593
     -0.00165742      -0.0023333
     0.000339164     0.000766908
      0.00369341      0.00288244
     -0.00203153     -0.00039813
     0.000429105     0.000730045
     0.000183734      0.00076858
     -0.00106543     -0.00131971
     0.000869712     0.000682355
     -0.00140154      -0.0016912
    -0.000942911     0.000450419
     -0.00207381     -0.00278909
      -0.0019773     -0.00219611
     -0.00096727    -0.000809614
      6.6208e-05    -0.000446782
      0.00317632      0.00672621
    -0.000491382    -8.88594e-05
     0.000580552      0.00103884
     -0.00108751     -0.00133499
     0.000655755     3.53014e-05
    -0.000976424     -0.00121346
     -0.00167597     -0.00239794
     -0.00156229     -0.00127627
     -0.00128086     -0.00169767
      0.00435285      0.00626636
     0.000651899      0.00107739
    -0.000961435     -0.00134734
      0.00737307      0.00423348
     -0.00222564     -0.00304318
      0.00536667      0.00528993
     0.000572426     0.000764634
      -0.0014733     -0.00207847
     0.000645015     0.000910289
    -0.000535387     5.73667e-05
     0.000400778     0.000539088
    -0.000790666     -0.00157381
     0.000728563      0.00171379
     0.000219967       0.0014752
     -0.00124134     -0.00123835
     -0.00213263     -0.00439255
     -0.00100394     -0.00296189
     -0.00142657     -0.00141864
    -0.000416635     -0.00324495
     -0.00105978    -0.000694528
      0.00012199    -0.000840783
    -0.000909112     -0.00136553
      0.00183375      0.00318572
     -0.00108141     -0.00119896
    -0.000657863     -0.00112842
       0.0028788      0.00586117
    -0.000969274    -0.000477345
      0.00104729      0.00152393
     0.000112758      0.00049986
     -0.00132041      -0.0019499
    -0.000804821       -0.001643
    -0.000707983     -0.00124993
    -0.000257121    -0.000280601
      0.00120356      0.00111658
      0.00908769      0.00626909
      0.00830635      0.00956673
     0.000227607     0.000166119
     0.000280897     0.000769377
    -0.000674789    -0.000853806
     -0.00132256      -0.0011997
     -0.00183486     -0.00234847
     0.000597913      0.00103319
    -0.000603555    -0.000644405
     -0.00197952     -0.00359699
     -0.00108864     -0.00129746
     -0.00164245      -0.0020248
      0.00917125      0.00816503
       0.0074662       0.0063137
    -0.000326824     1.03806e-05
    -0.000106668    -7.77901e-05
     -0.00209092     -0.00419734
    -0.000805718    -0.000266791
    -0.000116824     0.000208724
     -0.00283759     -0.00328176
    -0.000238584    -0.000358908
      0.00355392      0.00154888
     0.000879089      0.00123929
    -0.000414162     -0.00308852
     0.000298287     0.000417939
     -0.00117266     -0.00145301
    -0.000452303    -0.000814486
      -0.0018169     -0.00220665
       0.0189009       0.0186845
     0.000460688      0.00301188
     -0.00094671     -0.00116664
       0.0093162       0.0096401
      0.00162216      0.00106903
     0.000845755       0.0022455
       0.0026038      0.00292901
     -0.00184666     -0.00216524
    -0.000838066     -0.00283121
     -0.00110372     -0.00134837
     -0.00137282     -0.00187641
      -0.0028557     -0.00478722
     -6.9858e-05    -0.000120398
     -0.00174122     -0.00298199
    -0.000169204    -0.000959829
     -0.00139101      -0.0015311
    -0.000591743     0.000219386
     -0.00080248     -0.00055406
      0.00037999      0.00111912
    -0.000886251    -0.000810355
      0.00200546      0.00539978
     -0.00168706     -0.00107833
    -0.000141781     0.000501664
    -0.000740294    -0.000939559
    -0.000925209     0.000451826
     -0.00135977    -0.000991378
     -0.00106279    -0.000458479
      2.9844e-05      0.00017561
     -0.00267545     -0.00333675
     0.000154958      0.00107365
      0.00394179       0.0046362
     0.000118572     0.000652934
     -0.00032773    -1.58424e-05
    -0.000773819    -0.000836214
     -0.00123788     -0.00118606
     -0.00272173     -0.00477639
     0.000360057     0.000709199
     0.000574751     -0.00171195
    -0.000735297     7.88162e-05
      0.00651896       0.0105842
     0.000301748     0.000712458
    -0.000175704    -0.000454339
     -0.00184266     -0.00350553
    -0.000238361     0.000352337
      0.00221772      0.00350207
     -0.00116181      -0.0011621
      -0.0013987    -0.000816481
     -0.00140624     -0.00145111
     -9.8989e-05     8.38071e-05
     -0.00160082     -0.00128277
    -0.000613881    -0.000927857
    -0.000494116    -0.000921698
     -0.00121035     -0.00144213
     0.000293256     -0.00169129
      0.00175897      0.00222334
     0.000200005     0.000592346
     -0.00037391      0.00018771
    -0.000759361    -0.000845639
    -0.000153974     0.000545878
     -0.00112267     -0.00168262
      5.8092e-05    -0.000721191
    -0.000853571      -0.0012017
       0.0035743      0.00276005
     -0.00103986     -0.00127195
    -0.000616962      0.00179253
     -0.00066175      0.00210953
      0.00181167      0.00320509
      0.00133581      0.00110263
    -0.000692169     -0.00133784
      8.2041e-05     0.000332812
    -0.000685672    -0.000604768
    -0.000944853     0.000754482
     -0.00275392     -0.00394922
     -0.00112424     -0.00154062
     -0.00140273     -0.00200236
     -0.00116277     -0.00167253
     0.000242736     0.000438397
    -0.000465022      -0.0004304
     -0.00227269      -0.0030737
     -0.00211156     -0.00311108
      0.00944478      0.00913783
    -0.000589241    -0.000780492
    -0.000115003     -0.00332233
        0.004909      0.00326273
      0.00591801        0.006457
     0.000276207     -0.00204022
     0.000202704     0.000631513
     -0.00101032      -0.0016009
     -0.00129541     -0.00153221
    -0.000672058    -0.000907655
     0.000314965     0.000708387
    -0.000361396     -0.00048405
     -0.00113581    -0.000692894
     0.000315385     0.000685013
    -0.000598966    -5.38855e-05
    -0.000858257      -0.0013764
    -0.000775736     0.000599609
    -0.000175991      0.00113395
    -0.000714209     -0.00035439
     0.000123272     0.000552323
      0.00414579      0.00364504
     0.000162262     0.000390799
     -0.00112057     -0.00124538
     -0.00251729     -0.00201924
       0.0150741       0.0153873
      0.00141502     1.39447e-05
     -0.00154999     -0.00257882
     0.000260573      0.00128661
     0.000518423      0.00111814
     -0.00134034     -0.00202394
    -0.000229628      -0.0010042
    -0.000602039     1.49923e-06
       0.0160425       0.0152072
    -0.000367337    -8.00182e-05
     -0.00214322     -0.00240885
     0.000870368      0.00157225
       0.0034695       0.0012657
      0.00319638      0.00270703
    -0.000175845     0.000338515
    -0.000349407    -9.55191e-06
     0.000262162     0.000387122
    -0.000736677    -0.000508176
      0.00321432      0.00273594
    -0.000641114     -0.00044143
     0.000374404     0.000723727
       0.0018144       0.0033603
    -0.000515445     -0.00076661
      -9.599e-05    -4.28548e-05
    -0.000724369     0.000325101
     -0.00263634     -0.00410456
     -0.00126969     -0.00145872
    -0.000108432    -0.000234002
      -0.0004588    -0.000520655
    -0.000530349    -0.000887152
    -0.000128129     0.000914741
     0.000420887     0.000770906
     -0.00125577       -0.001401
    -0.000824091     -0.00126745
     -0.00145649     -0.00286316
     -0.00206966     -0.00140687
      0.00108793     0.000835902
    -0.000702648    -0.000355892
     0.000923661      0.00172697
       0.0105066       0.0058573
    -0.000761156     -0.00111543
      0.00289527      0.00290309
       8.032e-06     0.000473205
     -0.00286682     -0.00455063
      0.00413064      0.00639037
     0.000164971     -0.00106226
    -0.000704477    -0.000538714
     -0.00280624     -0.00380247
      0.00119575     -0.00234689
     0.000632446     6.23505e-05
    -0.000490891    -0.000871036
     -0.00119936     -0.00092175
     -0.00088253     -0.00184782
      0.00246552      0.00615542
     -0.00157731     -0.00208109
     -0.00168049     -0.00457489
     -0.00115277     -0.00165555
    -0.000554088    -0.000639724
     -0.00135615     -0.00173176
      0.00196362      0.00232844
    -0.000493841    -0.000599966
     -0.00112034     0.000120282
     -7.5069e-05      3.8691e-05
     -0.00100541    -0.000644465
      0.00479423      0.00156087
      0.00189468     0.000638989
     -0.00240783     -0.00172291
    -0.000623945    -0.000486276
     0.000831713     -0.00140795
     -0.00194663     -0.00265222
     -8.0626e-05      0.00019695
    -0.000589725     -0.00180288
    -0.000912485    -0.000722876
      0.00126443      0.00193165
       0.0024756      0.00189636
     -0.00206069     -0.00198677
     -0.00131612     -0.00127647
    -0.000947757     -0.00126018
      9.1266e-05     0.000291415
     0.000324742     0.000916379
     0.000633571      0.00126823
      0.00214354      0.00284322
      0.00557017      0.00411149
     -0.00177975     -0.00253103
      0.00358946      0.00551264
      0.00214405      0.00342069
     0.000315066     0.000794579
     0.000313552     0.000467988
    -0.000129339     0.000428427
    -0.000406691    -0.000570612
     -0.00132078     -0.00431528
      0.00515056      0.00426386
     -0.00113489     -0.00112908
     0.000439669     0.000874883
    -0.000603187      0.00139193
    -0.000362067    -0.000663408
    -0.000742123     -0.00105629
      0.00167184      0.00330406
    -0.000128426     2.79699e-05
     -0.00114963     -0.00106833
      -0.0014892     -0.00140959
     -0.00150869     -0.00150749
      -0.0010537    -0.000767878
     0.000312296      0.00077631
    -0.000204013     0.000160084
     -0.00112351     -0.00473004
      0.00083892      0.00109623
     -0.00100488     -0.00109065
     -0.00107231      -0.0015885
       0.0108402        0.010739
      0.00863317       0.0108543
     -0.00184749     -0.00332376
     0.000158676     0.000472478
     0.000650126     -0.00163534
     0.000270889     0.000595821
      0.00258173      0.00443985
     -0.00106123     -0.00139931
    -0.000349079    -0.000556212
       0.0057176      0.00487014
     -0.00183634    -0.000918964
     0.000359071      0.00116124
    -0.000819278      -0.0011502
     0.000348102     0.000940544
     0.000180496     0.000292002
       0.0104189      0.00807646
      0.00062129     0.000799113
      0.00245813      0.00387246
    -0.000121979      0.00220228
      0.00633311      0.00485634
      -0.0025071     -0.00313054
     -0.00055885    -0.000801782
      0.00424682      0.00415126
     0.000559933     0.000784358
     0.000371601      0.00086583
     -0.00163095     -0.00091775
    -0.000869437    -0.000852324
    -0.000555986     -0.00087206
    -0.000901483    -0.000453654
     -0.00140755     -0.00177539
       0.0133209       0.0123123
      0.00352358       0.0031609
    -0.000628579     -0.00058402
    -0.000671209    -0.000874695
    -0.000883984     -0.00150303
    -0.000139886     0.000395382
      -0.0016158     -0.00218123
    -0.000236186     0.000182837
      0.00198465      0.00247957
    -0.000390443    -0.000413469
    -0.000479501     -0.00249887
      0.00189739      0.00229147
     -0.00193694      -0.0025254
     -0.00205243     -0.00280529
     -0.00103757     -0.00144955
     -0.00160131     -0.00550777
    -0.000890348    -0.000976456
    -0.000554771     0.000263788
     -0.00134314     -0.00013733
     0.000308723     0.000145272
      0.00255113      0.00419498
       0.0064363      0.00547637
     0.000170908      0.00156973
    -0.000934315     -0.00116602
     0.000762079     0.000952317
    -0.000266116     0.000191636
     -0.00244414     -0.00408039
      0.00105499      0.00377498
    -0.000367745    -0.000599845
    -0.000216867     2.66513e-05
     -0.00100201     -0.00114245
    -0.000503803     -0.00070152
    -0.000414421    -0.000523022
    -0.000825938    -0.000980201
      0.00236126     -0.00182822
      0.00170437      0.00213276
     -0.00388396      -0.0055887
     -0.00175781     -0.00055225
      0.00118309     7.56826e-05
      0.00218321      0.00293545
      0.00205347      0.00317104
      0.00986716      0.00606598
     -0.00087211     -0.00128291
      0.00150909      0.00261886
     -0.00136713    -0.000425143
     -0.00101382    -0.000706522
       0.0128582       0.0139265
      0.00239343      0.00376141
     -0.00199274      -0.0021069
     -0.00211122     -0.00333926
     -0.00056432    -0.000334321
     0.000121172     0.000154671
    -0.000573155    -0.000656701
     0.000209844     2.47843e-05
    -0.000216686     0.000188707
     -2.4957e-05      3.2703e-05
    -0.000538914    -0.000597111
      -0.0018473     -0.00182976
    -0.000312875    -0.000778278
     -0.00106319     -0.00243545
    -0.000877833     -0.00136758
      0.00310716     -0.00102984
      0.00123851      -0.0019157
      0.00242936     0.000893733
      -0.0018104     -0.00492754
     0.000193083     0.000804512
     0.000512399     0.000905007
    -0.000141689    -8.96769e-05
    -0.000707832    -0.000467075
      0.00248542      0.00274391
     -0.00126521     -0.00142929
      0.00784872      0.00570521
     0.000513378      -0.0015207
     -0.00187926     -0.00163496
     -0.00186533     -0.00175053
       0.0106762      0.00773721
     0.000162498     0.000469903
      0.00020728     0.000221004
     0.000450345     0.000690983
      0.00335816      0.00441295
    -0.000942897     -0.00147352
      5.2712e-05     7.13515e-05
      0.00256363      0.00270505
    -0.000162625     8.91514e-05
    -0.000950856     -0.00108126
     -0.00215949     -0.00288055
      0.00429675      0.00365854
    -0.000743834     -0.00105299
     -0.00122454     -0.00161362
    -0.000987311     -0.00143859
    -0.000265401    -0.000458965
     0.000637064      0.00114125
    -0.000179197     0.000294838
      0.00430925      0.00358635
     -0.00116319     -0.00182618
     -0.00021693     0.000387341
     -0.00199145     -0.00260066
     -0.00132141     -0.00180106
     0.000932667      0.00169484
      0.00018747     0.000865545
      0.00422925     0.000770809
     -0.00124904     -0.00209759
    -0.000313003    -0.000664094
      0.00089661       0.0030682
      0.00287473      0.00529467
     -0.00124569     -0.00177691
    -0.000309578    -0.000241771
      0.00821985      0.00331897
    -0.000880432     -0.00242333
     0.000227205     0.000418508
     0.000349378     0.000804386
    -0.000661463    -0.000886898
     0.000515062     -0.00015822
      0.00147584    -0.000443713
      0.00234616      0.00249768
     0.000631363      0.00138445
    -0.000834463    -0.000163552
     -0.00116606     -0.00240439
     -0.00201354     -0.00103737
       0.0145099       0.0139346
     -0.00079862    -0.000821388
     -0.00141072     -0.00151941
    -0.000745089     -0.00075742
    -0.000499985    -0.000588966
    -0.000648816     0.000802436
     0.000446198     0.000715996
    -0.000862603    -0.000747742
      0.00261087      0.00107416
      0.00462127      0.00683247
    -0.000519446    -0.000738155
      0.00244015      0.00383775
     -0.00104347    -0.000286578
    -0.000904706     -0.00101349
       6.422e-05    -0.000119163
     0.000975188      0.00148003
    -0.000492578     -0.00177176
    -0.000959004     -0.00359954
      0.00978606      0.00426736
    -0.000558806     -0.00118893
     0.000208986     0.000674237
    -0.000153934    -0.000185411
    -0.000411872    -0.000854207
      0.00479267      0.00103298
     -0.00126586     -0.00156145
      0.00173172      0.00298968
     -0.00228654     -0.00222544
     -0.00131874     -0.00145571
    -0.000977389    -0.000937691
      0.00057969     0.000937307
     -8.2411e-05     0.000131715
      0.00214818      0.00352199
     -0.00158416     -0.00189959
     -0.00128988    -0.000970358
      0.00617965      0.00391306
     -0.00106322     -0.00266135
     -0.00167341     -0.00135218
      0.00245211     -0.00304404
     -0.00178542     -0.00296545
    -0.000831637     -0.00133419
    -0.000133369     0.000504862
     -0.00150064     -0.00162656
     -0.00108697     -0.00159045
    -0.000863517      0.00014118
      -7.305e-05    -1.11441e-05
