QM Energy	FF Energy
    -0.000916015    -0.000917216
      0.00449989      0.00517547
      -0.0014445     -0.00143623
      0.00391299      0.00224226
    -0.000511035     -0.00086206
     -0.00117257     -0.00127166
      0.00190656       0.0015468
     -0.00102465     -0.00111689
    -0.000926165     -0.00143297
     -0.00174287       -0.001867
    -0.000795634     -0.00089614
    -0.000105534     -0.00111414
     0.000572352     0.000278735
    -0.000351574     -0.00102792
    -0.000920996    -0.000872629
    -0.000889786    -0.000770307
     0.000685661     0.000273633
    -0.000932967    -0.000994598
    -0.000809902     -0.00108323
    -0.000953987     -0.00112424
    -0.000760977    -0.000769554
     -0.00092598    -0.000991786
     -0.00105642    -0.000907239
    -0.000666157     0.000164713
      0.00301573      0.00320986
    -0.000699293    -0.000845939
    -0.000768046      -0.0010067
     -0.00046274    -0.000547601
    -0.000591659     -0.00137581
       0.0101322      0.00894159
     -0.00147623     -0.00171201
    -0.000688372    -0.000757268
     -0.00149116     -0.00119962
      0.00575428      0.00742933
    -0.000693759    -0.000828355
    -0.000817918     -0.00116164
    -0.000598838    -0.000795734
       0.0063733      0.00755316
     -0.00128026      -0.0010387
      0.00381214      0.00468786
    -0.000835932    -0.000973164
     -0.00142828    -0.000724237
    -0.000729441    -0.000696062
     -0.00074655    -0.000753807
    -0.000714543    -0.000877054
     -0.00111572     -0.00109967
    -0.000825926     -0.00108948
    -0.000892345    -0.000901353
     -0.00162194      -0.0015333
     -0.00106098     -0.00138911
     -0.00158488     -0.00193373
     -0.00121702     -0.00109459
      0.00408537      0.00506869
     -0.00126433     -0.00122169
      0.00318743      0.00364851
    -0.000919836    -0.000772936
    -0.000873856    -0.000927053
      0.00204089      0.00187481
    -0.000865115    -0.000927292
      0.00277688      0.00401337
     -0.00081279    -0.000589028
     -0.00122567     -0.00111424
    -0.000304863    -0.000451008
    -0.000605558    -0.000419183
    -0.000558943    -0.000660729
    -0.000801985    -0.000725514
    -0.000837638    -0.000874003
    -0.000892991     -0.00105656
    -0.000970273    -0.000746952
      0.00150124      0.00124841
     0.000387244     0.000437138
    -0.000671865    -0.000762584
    -0.000794015     -0.00114609
     -0.00071986    -0.000768383
     0.000435702     0.000435856
      0.00169303     0.000761345
    -0.000984754     -0.00115186
     -0.00107102     -0.00116097
    -0.000866226    -0.000838993
     -0.00105911    -0.000825756
      0.00300601      0.00191911
     -0.00100372     -0.00120608
     -0.00132062    -0.000880145
     -0.00014876    -0.000446164
      0.00862568      0.00923271
      0.00476784      0.00392293
     -0.00133694      -0.0012312
     -0.00125765    -0.000839189
     -0.00095492     -0.00127962
      0.00167012      0.00032966
     -0.00106733    -0.000892378
    -0.000234052     -0.00083409
    -0.000102718      -0.0010502
     -0.00100851     -0.00142909
     0.000449819      0.00191759
     -0.00155929     -0.00120144
    -0.000933216     -0.00121914
     -0.00194358     -0.00177456
      0.00747715       0.0103963
     -0.00123979      -0.0010673
    -0.000590607    -0.000749212
    -0.000963596     -0.00108666
    -0.000169889    -0.000385598
    -0.000714806    -0.000980467
     -0.00109353    -8.96767e-05
     -0.00162193     -0.00109718
    -0.000684939    -0.000758394
     -0.00157559     -0.00149563
     -0.00087225    -0.000984197
    -0.000499214    -0.000722438
      0.00208913       0.0016226
    -0.000774028      -0.0010956
    -0.000731146    -0.000793308
     0.000549798      0.00134978
    -0.000702737    -0.000688328
    -0.000740262     -0.00071836
     -0.00060928    -0.000490386
      0.00575606      0.00500963
     -0.00116674     -0.00169999
      0.00134837      0.00146457
    -0.000781407    -0.000838737
    -0.000352662    -0.000413166
     -0.00107666     -0.00127404
     -0.00138478     -0.00158407
     -0.00120852    -0.000837267
     -0.00151318     -0.00165397
    -0.000836646     -0.00102685
    -0.000992192    -0.000985641
     -0.00125002     -0.00110247
     -0.00104464     -0.00107947
      0.00436905      0.00628528
      0.00192076      0.00138971
     -0.00067124    -0.000605302
     -0.00103435    -0.000969655
     -0.00159941     -0.00150795
    -0.000644362    -0.000670983
     -0.00160104     -0.00122315
     -0.00103639     -0.00122749
      0.00500108       0.0056576
     -0.00113745     -0.00140192
       0.0097006       0.0100625
     -6.8029e-05     0.000719404
      0.00225199      0.00242573
      -0.0012721      -0.0011057
     -0.00169551     -0.00161288
     -0.00081874    -0.000875819
    -0.000648758    -0.000621431
     0.000485259     0.000394501
     -0.00069753    -0.000665531
     0.000632645    -1.90708e-05
    -0.000764536     -0.00075612
      0.00196168      0.00217435
      0.00435614      0.00396992
     0.000499421     -0.00030901
      -0.0016696     -0.00145619
     0.000678355     0.000199313
     -0.00102975    -0.000866818
     -0.00108028    -0.000900989
     0.000290219    -0.000324117
     -0.00100515     -0.00106816
    -0.000933719      -0.0011902
    -0.000589322    -0.000585131
    -0.000562471    -0.000628288
    -0.000829836    -0.000610678
    -0.000380318     -0.00104084
     -0.00124283     -0.00136251
      0.00155796     0.000540642
      0.00237226      0.00256964
    -0.000366085    -6.78595e-06
     -0.00118391     -0.00109553
    -0.000705901    -0.000927484
     -0.00127289     -0.00125822
      0.00226988      0.00257722
      0.00575281      0.00527865
      -0.0013086     -0.00140274
    -0.000664307    -0.000693366
    -0.000595837    -0.000613343
    -0.000659481     -0.00110367
     -0.00089719     -0.00106235
    -0.000336185    -0.000446136
    -0.000848034    -0.000815474
     -0.00069507    -0.000629681
     -0.00144206     -0.00106376
     0.000726309      0.00104417
     -0.00083987    -0.000163783
     -0.00108648     -0.00137608
    -0.000663651    -0.000871576
       0.0108837       0.0088842
    -0.000664025    -0.000763626
    -0.000884819     -0.00100542
    -0.000931588     -0.00104671
    -0.000908986    -0.000706921
    -0.000993315    -0.000724971
    -0.000531571    -0.000660837
    -0.000649402    -0.000918668
    -0.000872783    -0.000886515
       0.0039444      0.00457347
    -0.000501743     0.000485862
     -0.00125326    -0.000698061
    -0.000562349    -0.000762091
     -0.00123991    -0.000978721
     -0.00095925    -0.000964967
    -0.000755698     -0.00077056
    -0.000609912    -0.000711176
      0.00279795      0.00242592
    -0.000358694     0.000304329
    -0.000391043    -0.000408033
     0.000728241     0.000671258
    -0.000489394     0.000471117
     -0.00103536    -0.000816096
    -0.000546353    -0.000498991
    -0.000498313    -0.000440683
    -0.000625522    -0.000733743
    -0.000645078    -0.000711065
    -0.000564917    -0.000738442
       0.0068314      0.00420365
    -0.000561986    -0.000516508
    -0.000223165    -0.000341735
    -0.000906326    -0.000661162
     -0.00101475    -0.000854072
     -0.00219569     -0.00226469
    -0.000516142    -0.000799626
    -0.000587292    -0.000828008
      0.00341539      0.00282222
      0.00615157      0.00495998
      0.00254319      0.00233157
      0.00117138     0.000833093
    -0.000697781    -0.000695044
    -0.000462986    -0.000450537
     -0.00141173     -0.00101272
       0.0015791     0.000625959
     -0.00126181      -0.0014653
    -0.000882746    -0.000670667
    -0.000404881    -0.000421587
      0.00303361      0.00191638
    -0.000819433    -0.000823494
      0.00700816      0.00532726
    -0.000994832    -0.000763988
    -0.000519435    -0.000794657
     0.000473495      0.00147371
    -0.000719111    -0.000493338
     0.000953596       0.0001522
     -0.00157087      -0.0013671
     -0.00102476     -0.00117667
     -0.00074389    -0.000890438
    -0.000669642    -0.000731768
    -0.000165877    -0.000484399
     0.000576844      0.00198032
      0.00231833      0.00219181
    -0.000507031    -0.000610961
     -0.00140917     -0.00101304
    -0.000696738    -0.000756698
     -0.00122508    -0.000843738
    -0.000829044     -0.00122838
     -0.00041341     -0.00014838
      0.00235417      0.00224625
    -0.000588284    -0.000815229
    -0.000720811    -0.000711945
    -0.000613648     -0.00081956
     -7.4709e-05     0.000645064
     -0.00142003     -0.00104523
    -0.000705619      -0.0007479
    -0.000880037     -0.00100157
    -0.000944942    -0.000729682
       0.0100727      0.00688727
     -0.00143174     -0.00113582
    -0.000859032    -0.000797574
    -0.000861387    -0.000873398
    -0.000956102     -0.00107396
     -0.00112886    -0.000745905
    -0.000752492    -0.000814351
      0.00758354      0.00711703
     0.000858623      0.00199452
    -0.000758576    -0.000763301
    -0.000560699    -0.000641258
    -0.000904671     -0.00130437
     -0.00068916     -0.00111406
    -0.000628729    -0.000671822
    -0.000679451    -0.000731821
     -0.00110941    -0.000841004
     -0.00117738    -0.000970855
      0.00129088      0.00161685
    -0.000276944     -0.00104471
     -0.00102801    -0.000895548
      0.00131405     0.000510333
    -0.000870018    -0.000948324
     -0.00111636    -0.000883361
     -0.00108555    -0.000978994
      0.00102915    -8.32922e-05
     -0.00060783    -0.000526167
     -0.00127805     -0.00141308
    -0.000910417    -0.000981119
     -0.00175555     -0.00164368
       0.0026757      0.00234761
    -0.000111434     3.29683e-05
     -0.00164871     -0.00191698
      0.00361516      0.00456688
     -0.00101276    -0.000758168
     -0.00148211      -0.0015871
    -0.000304957    -0.000885326
       0.0123811       0.0112271
    -0.000538468    -0.000618246
      0.00664421      0.00542614
     -0.00136652     -0.00134804
     -0.00123966     -0.00145559
     -0.00113974     -0.00101113
    -0.000717782    -0.000826281
    -0.000583498    -0.000880611
     -0.00144904     -0.00151131
      0.00118608      0.00260426
      0.00711488      0.00683093
     -0.00102929     -0.00126808
    -0.000417224    -0.000888256
    -0.000550385     -0.00102461
    -0.000731774    -0.000945755
    -0.000990149     -0.00104983
    -0.000563233    -0.000680116
    -0.000940929     -0.00108472
    -0.000630807    -0.000823813
      0.00274671      0.00272739
      -0.0007638    -0.000740113
     0.000512197    -0.000374558
    -0.000840498     -0.00106173
    -0.000982336     -0.00104481
    -0.000406101    -0.000583678
     -0.00060129    -0.000685522
       0.0141907       0.0152009
    -0.000914784    -0.000613451
      0.00222188      0.00206882
     -0.00120155     -0.00102781
    -0.000694485     -0.00063454
    -0.000500354    -0.000605048
    -0.000458207    -0.000418374
    -0.000586088    -0.000541543
    -0.000583053    -0.000794016
     0.000784475     0.000509723
      0.00254546      0.00310551
    -0.000621287    -0.000717412
    -0.000995233    -0.000764563
     -0.00125867    -0.000744906
     -0.00057678    -0.000821367
      0.00163851      0.00384569
    -0.000179319    -0.000282606
    -0.000917388    -0.000764875
      0.00357448      0.00260238
      0.00732592      0.00566491
     -0.00078798      -0.0009426
    -0.000922572    -0.000751596
    -0.000740618    -0.000696747
      0.00841133      0.00933325
      0.00107186    -0.000421746
    -0.000681267     -0.00062059
     -0.00149177      -0.0015184
       0.0068372      0.00685755
    -0.000757215    -0.000673441
     0.000774179    -7.08822e-05
    -0.000699861    -0.000684592
      0.00122616     6.60443e-05
    -0.000436643    -0.000592872
     -0.00120286     -0.00126369
    -0.000887784    -0.000732839
      -0.0010291     -0.00113071
     -0.00105241    -0.000808123
     -0.00108396    -0.000818359
    -0.000672094    -0.000523959
    -0.000240731    -0.000361252
     -0.00087267     -0.00105284
     0.000808188     0.000448107
     0.000565995     0.000902929
     -9.2853e-05    -2.65862e-05
      0.00814261      0.00737243
    -0.000803898    -0.000826324
    -0.000957515     -0.00109864
    -0.000540321     -0.00060612
      0.00991476       0.0121907
     -0.00116569     -0.00134037
     -0.00127625     -0.00111498
      0.00200533      0.00279202
     -0.00116078      -0.0010919
     -0.00123821     -0.00156121
     0.000231296     2.44555e-06
    -0.000799736    -0.000836618
     -0.00100366     -0.00107945
      0.00226941      0.00176149
      0.00867926      0.00739316
      0.00308456       0.0029161
      0.00140236      0.00244673
    -0.000739332    -0.000574154
    -0.000675358    -0.000788094
     -0.00138004      -0.0011051
    -0.000529702       -0.001414
    -0.000803872    -0.000761984
    -0.000746529    -0.000626298
     -0.00116108     -0.00104705
     -0.00126688    -0.000999417
    -0.000975109    -0.000985126
       0.0013595     0.000730408
    -0.000827902     -0.00104113
    -0.000171788     0.000310389
      0.00427755      0.00294074
    -0.000431311      -0.0011224
     -0.00113906    -0.000971757
     -0.00119068     -0.00127889
    -0.000786524     -0.00095288
    -0.000846087    -0.000777017
    -0.000628309    -0.000627235
    -0.000225257    -0.000552037
     -0.00088117    -0.000751793
     -0.00116724    -0.000913372
      0.00211856      0.00201244
    -0.000890028     -0.00065675
     -0.00077452     -0.00085677
    -0.000649645    -0.000674932
    -0.000570066    -0.000464649
     -0.00102431     -0.00113157
    -0.000777951     -0.00101764
      -0.0010397     -0.00118874
    -0.000934221     -0.00103358
     -0.00119124    -0.000980402
      0.00174053      0.00112238
    -0.000559487    -0.000600255
    -0.000643409    -0.000705397
      0.00034324    -0.000445038
    -0.000224519     0.000663574
      0.00420362       0.0054978
    -0.000621188     -0.00060128
     -0.00104343     -0.00109154
     -0.00135591     -0.00113501
    -0.000758654     -0.00064535
     -0.00063912    -0.000911229
    -0.000908278    -0.000831819
    -0.000752847    -0.000788176
    -0.000663753    -0.000524834
    -0.000687407    -0.000991847
    -0.000898258    -0.000903127
      0.00370553       0.0030036
    -0.000689425     -0.00105375
      -0.0019015     -0.00154268
    -0.000936332     -0.00091808
    -0.000448169     -0.00046913
     -0.00127726     -0.00128983
      0.00565978       0.0058889
      0.00134581      0.00096757
    -0.000193054    -0.000718265
     -0.00160737     -0.00138165
      0.00407545      0.00256693
       0.0156535        0.014358
    -0.000952501    -0.000926931
    -0.000867593    -0.000969868
    -0.000965761     -0.00105443
    -0.000887038     -0.00119384
    -0.000549539    -0.000965133
    -0.000482609    -0.000719608
      0.00129579      0.00110296
     -0.00116421     -0.00145872
    -0.000650727    -0.000853714
     0.000337408    -0.000116172
     -0.00198603     -0.00196279
     0.000473348    -0.000109356
     0.000369855      0.00122582
      0.00391201      0.00230673
     -0.00118628     -0.00101705
    -0.000791085    -0.000910307
     -0.00066525     -0.00083757
     -0.00136831    -0.000950771
      0.00976141      0.00685504
    -0.000790483    -0.000643862
     -0.00104552     -0.00107263
      0.00334704      0.00452748
      0.00418947      0.00312451
     -0.00107783     -0.00112391
      0.00165321      0.00147742
      0.00150325      0.00151981
     -0.00154439     -0.00173631
     -0.00105803     -0.00117942
    -0.000418161    -0.000290762
    -0.000237235    -0.000397973
    -0.000943047    -0.000378102
    -0.000788117    -0.000794268
     -0.00107233    -0.000723572
     -0.00147768     -0.00112353
     -0.00134329     -0.00117208
     -0.00122905     -0.00098246
      0.00966204      0.00681066
    -0.000529683    -0.000674562
    -0.000986869    -0.000603892
       0.0120676       0.0165416
     -0.00060597    -0.000718147
     -0.00062407    -0.000368916
    -0.000674289    -0.000625413
      0.00111207      0.00056794
     -0.00133385     -0.00102222
      0.00623018      0.00416984
     -0.00101445     -0.00078831
     -0.00083361    -0.000836951
      0.00489664      0.00598989
    -0.000723034    -0.000688835
    -0.000553947    -0.000764384
     -0.00106279     -0.00109524
     0.000164553    -0.000542468
    -0.000688466    -0.000976439
    -0.000999163     -0.00110004
      0.00728321      0.00783041
    -0.000678696      -0.0010433
    -0.000928392    -0.000890835
      0.00332275      0.00192564
      -0.0014729     -0.00136051
     -0.00112898    -0.000975702
    -0.000826368    -0.000764352
       0.0022111      0.00310834
    -0.000743403    -0.000865592
      0.00676025      0.00384599
    -0.000439666    -0.000373803
     -0.00176266     -0.00157494
    -0.000599583    -0.000669889
    -0.000431307    -0.000450128
    -0.000787661    -0.000838642
     -0.00079529    -0.000869378
     -0.00111724    -0.000802008
     -0.00152021     -0.00147547
      0.00114053     7.94212e-05
      0.00249625       0.0032304
     -0.00116551     -0.00144132
     -0.00119015     -0.00124596
     -0.00047105     -0.00112628
    -0.000681855    -0.000801943
    -0.000692183    -0.000707862
    -0.000958672    -0.000846233
     -0.00174859     -0.00145215
    -0.000676078     -0.00104286
     -0.00075768    -0.000686966
    -0.000851569     -0.00106692
    -0.000818612     -0.00109857
    -0.000931627    -0.000945228
       0.0011992     0.000887464
     0.000693396     0.000167922
     -0.00146464     -0.00133813
    -0.000696754    -0.000806493
    -0.000648423     -0.00110656
     -0.00074075     -0.00088104
    -0.000806422    -0.000677419
    -0.000686227     -0.00112799
      0.00148257      0.00200938
    -0.000618655    -0.000913679
    -0.000761006    -0.000885899
    -0.000812339    -0.000816932
      0.00148636      0.00149332
     -0.00044742    -0.000349577
     -0.00103881     -0.00101603
    -0.000648389    -0.000605099
      -0.0014758     -0.00100269
     -0.00134197    -0.000949349
    -0.000754008     -0.00119195
    -0.000731185    -0.000802919
     -0.00166345     -0.00145319
    -0.000851925    -0.000840965
    -0.000563295    -0.000620117
      0.00565603      0.00645187
     0.000402606     8.36438e-05
      0.00191955      0.00333758
    -0.000870817     -0.00097062
    -0.000978951    -0.000380415
     -0.00134755    -0.000980007
    -0.000978001    -0.000979098
      0.00183938      0.00210037
    -0.000830294    -0.000976534
     -0.00144015     -0.00125401
    -0.000586637    -0.000639545
      0.00167114      0.00200204
     -0.00131068     -0.00102933
    -0.000487192     -0.00103769
    -0.000549285     -0.00109527
     -0.00127147     -0.00130698
    -0.000838373    -0.000766698
     -0.00123212     -0.00100572
      0.00250968      0.00293394
    -0.000143741     -0.00078011
    -0.000741686    -0.000765949
    -0.000940535    -0.000746191
    -0.000627308    -0.000260348
      0.00414246      0.00368784
     -0.00128887     -0.00132318
    -0.000923974     -0.00097781
     0.000327183     0.000285153
      0.00031301    -0.000167639
      0.00271886       0.0041688
      0.00374128       0.0026535
    -0.000588989    -0.000684429
    -0.000904556    -0.000772966
     -0.00102817    -0.000620822
     -0.00101723    -0.000743373
    -0.000957016    -0.000712546
      0.00496544      0.00297201
     -0.00134818     -0.00104366
     -0.00107465     -0.00130857
     -0.00133817     -0.00107695
      0.00772367      0.00492586
    -0.000487819    -0.000559795
    -0.000422752    -0.000554822
     -0.00068955    -0.000713538
    -0.000738058    -0.000831928
      0.00540583      0.00488694
       0.0013457      0.00148964
      0.00373568      0.00406727
     -9.7911e-05    -0.000390793
     -0.00109685     -0.00108035
      -0.0014097      -0.0014283
    -0.000875412      -0.0009058
      0.00290766      0.00119921
    -0.000641242    -0.000705437
     -0.00154786      -0.0017477
      0.00278893      0.00157726
      0.00409395      0.00242988
     0.000591099      0.00119029
     -0.00127123     -0.00128598
    -0.000757556     -0.00112203
    -0.000678118     -0.00069041
       0.0055712      0.00490236
    -0.000655249    -0.000722093
     0.000907895     0.000805697
     -0.00113781      -0.0012653
    -0.000961622     -0.00102556
     -0.00120766     -0.00100999
     -0.00201668     -0.00159338
     -0.00123817     -0.00118203
    -0.000320882    -0.000330829
     0.000336298    -9.85297e-05
    -0.000468181    -0.000604549
     0.000194307     3.57539e-05
     0.000259363    -0.000404877
    -0.000569693     -0.00060233
     -0.00102422    -0.000824373
     -0.00109612     -0.00091795
      -0.0009082    -0.000604354
    -0.000862112    -0.000767319
     -0.00115184    -0.000903016
     -0.00119709     -0.00132347
     -0.00117611    -0.000991359
     0.000104555    -0.000845549
    -0.000551412    -0.000570157
      0.00186679      0.00264305
      -0.0011714     -0.00137885
    -0.000666916    -0.000532001
      0.00133432      0.00247439
    -0.000985073    -0.000992933
      0.00323023      0.00403693
     -0.00108892     -0.00129383
    -0.000904412    -0.000637954
      0.00473105      0.00398324
       0.0031539      0.00258976
     -0.00107325    -0.000875699
      0.00918448       0.0139254
    -0.000980076     -0.00130248
     -0.00156636     -0.00142863
    -0.000760826    -0.000677205
     -0.00012579    -0.000237968
    -0.000527896    -0.000606338
      -0.0014901     -0.00141267
      0.00202253      0.00118959
     -0.00154176     -0.00141918
     -0.00118235     -0.00134401
     -0.00096088    -0.000868849
    -0.000824605    -0.000650218
    -0.000941138    -0.000819142
    -0.000593024    -0.000804093
      0.00544425      0.00542157
    -0.000672227     -0.00067042
     -0.00104426    -0.000769839
    -0.000561198    -0.000719708
      0.00463435      0.00704542
      0.00151585      0.00289587
    -0.000883093    -0.000930858
       0.0033934       0.0017802
    -0.000231665    -0.000544098
    -0.000459023     -0.00100066
     -0.00134546     -0.00134754
      0.00234419       0.0020665
    -0.000912321     -0.00122979
     -0.00077602      -0.0007905
     -0.00103979     -0.00103198
     -0.00113547    -0.000990783
    -0.000834799    -0.000924791
     -0.00104977    -0.000784499
       -0.001513     -0.00114375
     -0.00102259     -0.00121011
     0.000826311     0.000187416
     -0.00104104     -0.00107474
     -0.00132331     -0.00142085
     0.000255434    -0.000235667
    -0.000609409    -0.000863572
    -0.000481912    -0.000544285
    -0.000435467    -0.000672966
    -0.000869692    -0.000645329
     -0.00064269    -0.000799647
    -0.000859902    -0.000662622
    -0.000963676     -0.00102796
    -0.000715027    -0.000634428
     -0.00102059    -0.000900433
     -0.00101661     -0.00080003
     -0.00067745    -0.000940916
     0.000935019      0.00012381
    -0.000995685    -0.000861276
      0.00199751      0.00281124
     -0.00113131    -0.000851084
     -0.00061654    -0.000714781
     -0.00129272     -0.00130814
     -0.00112767    -0.000706834
     -0.00151138      -0.0019478
     -0.00110806     -0.00106587
     -0.00131992     -0.00142629
    -0.000821496    -0.000953202
     -0.00103785    -0.000964387
    -0.000851221    -0.000170004
     -0.00108537     -0.00115186
       0.0019534      0.00239568
     -0.00116789     -0.00102704
    -0.000649466    -0.000758718
     -0.00049438     -0.00110314
     0.000572068      0.00142641
     -0.00117779     -0.00130104
     -0.00128832     -0.00115708
     0.000178009     0.000512916
    -0.000268663    -0.000479436
    -0.000580193    -0.000798893
    -0.000600575    -0.000979197
    -0.000368485     -0.00118815
     -8.7606e-05    -0.000487043
     -0.00104029     -0.00146894
     0.000706509      0.00040323
    -0.000928373    -0.000649874
     -0.00133323     -0.00104667
    -0.000670124     -0.00127798
    -0.000674264    -3.14718e-05
     -0.00108322    -0.000861237
     -0.00209624     -0.00173633
       -0.001031    -0.000792519
    -0.000465045    -0.000558974
      0.00294155      0.00236243
     -0.00070945     -0.00101211
      -0.0011316      -0.0012021
      -0.0012915     -0.00158397
    -0.000768398    -0.000632926
     -0.00109959    -0.000860404
     -0.00113968     -0.00111793
     -0.00113404     -0.00109979
    -0.000530154    -0.000785121
     -0.00116054     -0.00107084
     0.000547237     7.29151e-05
    -0.000927669     -0.00114329
     -0.00152429     -0.00139036
     -0.00087848    -0.000623671
     -0.00144528     -0.00126979
     -0.00110865     -0.00114877
     -0.00093856    -0.000814157
    -0.000278379     -0.00098732
      -0.0006015    -9.02401e-05
      0.00132654      0.00173876
      0.00393126      0.00517435
     0.000870659    -0.000418814
      0.00634969      0.00926619
      0.00165725      0.00300327
    -0.000504493    -0.000494865
     -0.00124671     -0.00134034
      0.00534102      0.00495087
     -0.00111287    -0.000878159
    -0.000159436    -0.000712686
    -0.000492537    -0.000622737
    -0.000220533    -0.000795694
     -0.00125501     -0.00129106
     -0.00148256     -0.00121213
    -0.000605616    -0.000710261
      -0.0011933     -0.00144277
    -0.000777964      -0.0010172
    -0.000834963    -0.000693465
    -0.000784691     -0.00091614
    -0.000544673    -0.000205199
     -0.00050206    -0.000663594
     -0.00036732    -0.000555661
     -0.00134947     -0.00136513
        0.010771        0.009619
     -0.00029769    -0.000351053
     0.000488406    -8.66877e-05
    -0.000600167    -0.000529763
    -0.000666017     -0.00059722
    -0.000704464    -0.000722401
    -0.000299299    -0.000862418
     -0.00149086     -0.00107076
      0.00107452     0.000794118
     -0.00162448     -0.00132851
     -0.00107999     -0.00101606
     0.000323791      0.00125293
    -0.000505257    -0.000842205
     -0.00168066     -0.00147858
    -0.000602369    -0.000240686
    -0.000441044    -0.000507812
      0.00254649      0.00290313
     -0.00080021    -0.000752243
     -0.00069217      -0.0007955
     -0.00109707     -0.00125116
     -0.00103528     -0.00141762
      0.00184987      0.00181355
    -0.000164094    -0.000327347
    -0.000731493     -0.00098752
     -0.00106379    -0.000851552
     -0.00124909      -0.0017345
     -0.00126092    -0.000920769
     -0.00131057     -0.00119859
    -0.000587452    -0.000766714
       0.0081995      0.00616928
    -0.000967046     -0.00120526
      0.00142529     0.000732847
     -0.00116586     -0.00100847
    -0.000153331     -0.00029987
    -0.000455034     -0.00119951
    -0.000613233    -0.000531717
      -0.0012342     -0.00126607
     -0.00204084     -0.00196199
    -0.000166231     0.000362832
    -0.000554654    -0.000642092
    -0.000665216    -0.000881815
      0.00178129      0.00182146
     -0.00100415     -0.00129636
      0.00744056      0.00744419
    -0.000631252     -0.00057183
     -0.00170936     -0.00171808
     -0.00139934     -0.00111823
    -0.000624477     -0.00059841
      0.00929706      0.00783879
    -0.000657798    -0.000580872
    -0.000794651    -0.000670008
       0.0162412       0.0174354
    -0.000720323    -0.000764964
      0.00701852      0.00723536
    -0.000931697     -0.00105117
     -0.00115467     -0.00115476
    -0.000807285    -0.000953422
    -0.000336573     0.000330998
    -0.000829196    -0.000559209
      0.00159646       0.0015653
    -0.000708344    -0.000717056
    -0.000859715    -0.000854788
      0.00139698      0.00176673
       0.0105835      0.00898042
     0.000913149    -0.000112555
       0.0022042      0.00139438
    -0.000905288    -0.000453118
     -0.00101253    -0.000883789
      0.00129423       0.0018931
       0.0181944       0.0225803
    -0.000931726     -0.00114369
      0.00392931       0.0040108
    -0.000627386    -0.000527074
    -0.000364383    -0.000490371
     -0.00064268    -0.000535681
    -0.000681739    -0.000687402
     -0.00140063     -0.00130644
      0.00139531      0.00310913
     -0.00131089     -0.00148425
    -0.000791594     -0.00104881
    -0.000340114    -0.000883655
    -0.000848243    -0.000571395
    -0.000429711     0.000449005
    -0.000470813    -0.000502155
     -0.00120715     -0.00101864
    -0.000809486     -0.00082242
    -0.000644167     -0.00055894
    -0.000485821    -0.000713643
    -0.000805942    -0.000816784
     -0.00127159    -0.000981798
      0.00737442       0.0082897
       0.0157436       0.0151593
    -0.000972873    -0.000949705
     -0.00105306    -0.000904043
    -0.000512545    -0.000786639
     -0.00118629    -0.000911561
     -0.00119664    -0.000982636
     -0.00147786     -0.00164024
     -0.00125127     -0.00108254
     -0.00116026     -0.00100792
    -0.000428803     -0.00050308
    -0.000366334     -0.00053779
      0.00084518     0.000479176
     -0.00114317    -0.000976339
     -0.00121655     -0.00109119
    -0.000855875     -0.00126083
    -0.000542105    -0.000696175
    -0.000615023    -0.000870082
     -0.00129217     -0.00117832
    -0.000725228    -0.000806941
      -0.0010845    -0.000965936
    -0.000922358    -0.000990001
    -0.000740417     -0.00093704
     -0.00162597     -0.00108235
     -0.00150842     -0.00117541
    -0.000999323    -0.000838473
    -0.000913683     -0.00136314
       0.0141219       0.0124368
     -0.00099007      -0.0011296
     -0.00117296     -0.00151036
     -0.00161961     -0.00138236
     -0.00011032    -0.000945621
     -0.00101095    -0.000656924
    -0.000636237    -0.000470813
     0.000386409     5.52233e-05
    -0.000293714    -0.000761296
     -0.00095233     -0.00111079
      0.00102682     0.000518095
      0.00341527      0.00243802
    -0.000799177    -0.000652264
    -0.000362238    -0.000244497
     0.000691761     0.000192553
    -0.000136473    -0.000589324
      0.00406029      0.00371087
     -0.00138005       -0.001586
     -0.00120274    -0.000849861
    -0.000679704    -0.000757339
     0.000211258     0.000246516
     0.000125533    -0.000542249
       0.0180156        0.016279
    -0.000982428     -0.00108252
    -0.000698053    -0.000872924
    -0.000695073     -0.00093191
     -0.00102942     -0.00099481
    -0.000985267      -0.0011501
    -0.000648573    -0.000789429
     -0.00107878     -0.00111604
    -0.000926366     -0.00080282
        0.004766      0.00561008
    -0.000643878    -0.000653289
    -0.000793738    -0.000426686
    -0.000331556    -0.000567702
     -0.00169004     -0.00199873
    -0.000467796    -0.000569222
      0.00375605      0.00484279
    -0.000476343    -0.000752794
    -0.000946179    -0.000777544
    -0.000892918     -0.00112055
     0.000954641     0.000304075
    -0.000576007    -0.000634561
      0.00154067      0.00099354
    -0.000665814    -0.000838208
    -0.000590693    -0.000844682
     0.000505862      0.00026143
      0.00206831      0.00148848
    -0.000779341     -0.00115284
     -0.00136175     -0.00139544
    -0.000688184    -0.000700677
    -0.000564179    -0.000638443
     -0.00136078     -0.00141035
     0.000498135     0.000438251
     -0.00178005     -0.00165792
    -0.000480944    -0.000712204
     0.000954207      0.00255616
    -0.000844102    -0.000553147
    -0.000892389    -0.000803885
    -0.000743787    -0.000828351
     -0.00108905     -0.00110185
    -0.000600894     -0.00064222
      0.00653693      0.00541742
    -0.000946994    -0.000480763
     -0.00131819     -0.00133437
     0.000974043     0.000375812
     -0.00079592     -0.00126301
     -0.00160962     -0.00122951
     0.000245356    -0.000343096
    -0.000845747    -0.000945553
    -0.000776012    -0.000926552
     -0.00200744     -0.00113043
        0.012584       0.0119358
    -0.000660665    -0.000958053
     -0.00084289    -0.000781864
     -0.00117451     -0.00123393
     0.000439068     0.000404289
    -0.000259494    -0.000964716
    -0.000954848     -0.00127466
     -0.00130843    -0.000985672
     -0.00112353      -0.0014427
    -0.000872448    -0.000846736
     -0.00111791     -0.00123337
    -0.000755044    -0.000871546
     -0.00107884     -0.00100685
    -0.000890446     -0.00105226
    -0.000547264    -0.000678418
    -0.000600935     0.000196204
