QM Energy	FF Energy
     0.000658355     0.000607788
       0.0472713       0.0415373
       0.0102814       0.0102561
      0.00727462      0.00732902
     0.000789209     0.000625754
       0.0116626       0.0126678
     0.000142163     0.000222971
       0.0027934       0.0030065
       0.0065101       0.0064566
     0.000953163      0.00089892
     0.000450007     0.000500471
       0.0420008       0.0383049
      0.00794109      0.00707792
       0.0241081       0.0278317
       0.0111598        0.012575
      0.00184613      0.00253845
      0.00693316      0.00743571
     0.000794887     0.000731952
     0.000572841     0.000438261
     0.000612122     0.000525624
       0.0025071      0.00236193
      0.00197694      0.00213857
     0.000371939     0.000379057
      0.00642063      0.00610851
     0.000522412     0.000409177
        0.056275       0.0514448
      0.00658101      0.00734281
      0.00171933      0.00133367
      0.00398637      0.00557713
     0.000275736     0.000416257
      0.00236098       0.0027899
      0.00133756      0.00196103
     0.000254176     0.000262033
       0.0291385       0.0290436
     0.000110554     0.000136148
       0.0115156       0.0114215
       0.0105115       0.0116934
      0.00158044      0.00215611
       0.0344979       0.0345302
     0.000272148     0.000513816
     0.000420363      0.00042062
     0.000447619     0.000578549
     0.000175043      0.00039299
      0.00405879      0.00536396
     0.000774241      0.00133636
     0.000806486       0.0010588
      0.00144032       0.0012072
       0.0356331       0.0367504
        0.021276       0.0227903
       0.0074295      0.00673314
       0.0185253       0.0209519
      0.00360457      0.00340595
     0.000695824     0.000619265
     0.000341149     0.000289887
       0.0129182       0.0141504
     0.000421819     0.000486795
       0.0107249      0.00974548
       0.0274434       0.0275477
      0.00155986      0.00139319
     0.000816691     0.000752748
     0.000233247     0.000239792
       0.0194424       0.0209791
     0.000255279     0.000459835
      0.00343771      0.00478748
       0.0242407       0.0283652
      0.00473157      0.00427499
       0.0156893       0.0174476
     0.000131251     9.83886e-05
      0.00631516      0.00759265
     0.000393865     0.000520316
      0.00147382      0.00130575
      0.00334588      0.00319978
     0.000222779     0.000195207
     0.000176002     0.000369991
     0.000862966     0.000943507
      0.00294746      0.00312881
      0.00316968       0.0033811
      0.00574712      0.00532224
     0.000639187     0.000760189
      0.00305887      0.00370751
     0.000417646     0.000573344
     0.000639353     0.000657639
      0.00630786      0.00530996
      0.00081874     0.000724531
      0.00755067      0.00719095
     0.000457384     0.000434156
     0.000185684     0.000222601
      0.00405666      0.00469919
     0.000178291     0.000348583
     0.000664508     0.000874389
      0.00167888      0.00153197
       0.0127886       0.0149261
       0.0218043       0.0255327
      0.00132157      0.00146456
      0.00144132      0.00208861
      0.00137561      0.00144854
     0.000324096     0.000483544
       0.0144429       0.0153257
     0.000202867     0.000368765
      0.00935306      0.00852157
     0.000367728     0.000368962
      0.00103222      0.00134619
      0.00111232      0.00118769
      0.00024032     0.000219499
      0.00279741      0.00237971
      0.00752276      0.00710482
      0.00284909      0.00319609
     0.000361753     0.000267551
     0.000546887      0.00104438
      0.00151398      0.00139366
      9.3361e-05     0.000216235
      0.00786063      0.00725969
     0.000285845     0.000517033
     0.000260754       0.0002006
      0.00886847      0.00912485
      0.00024551     0.000297894
       0.0237285        0.021557
       0.0049843      0.00509256
      0.00172595       0.0024274
      0.00538301      0.00508178
      0.00518801      0.00489532
      0.00486794      0.00519857
     0.000176992      0.00016263
      0.00597729       0.0071927
      0.00249109      0.00302608
      0.00232078      0.00204855
      0.00118455      0.00175052
      0.00836189      0.00830536
       0.0238226       0.0217746
     0.000822031     0.000663272
        0.026369        0.030132
      0.00131775      0.00130826
      0.00905183      0.00875673
      0.00129218      0.00121026
     0.000755747     0.000581566
     0.000223091     0.000253447
      0.00304868      0.00362987
      0.00590749      0.00696413
     0.000178148     0.000276151
      0.00873934      0.00813555
       0.0348724       0.0314067
      0.00325843      0.00316739
      0.00652907      0.00635741
      0.00686021      0.00635892
      0.00433277      0.00522122
      0.00636003      0.00736423
      0.00771108      0.00734455
      8.1088e-05     9.69574e-05
      0.00960757      0.00951889
      0.00148487      0.00126784
      0.00017363     0.000159084
      0.00458325      0.00511217
      0.00116201      0.00134004
     0.000156341     0.000327193
      0.00572425      0.00685471
       0.0105438       0.0134447
     0.000517454     0.000380824
     0.000145765     0.000131425
       0.0191124       0.0166312
     0.000718002     0.000642087
      0.00159113      0.00186236
      0.00396482      0.00424393
      0.00636524      0.00589843
       0.0254898       0.0276856
      0.00574906      0.00503393
      0.00491624      0.00487053
      0.00715607      0.00713196
      0.00011654     9.67469e-05
      0.00778906       0.0106127
      0.00109671      0.00144176
      0.00099408     0.000837487
       0.0106381       0.0103861
      0.00182968      0.00152207
       0.0469166       0.0446734
     0.000748003      0.00100513
      0.00697831      0.00703067
     0.000978713     0.000860603
       0.0173829       0.0170406
       0.0487123       0.0443699
      0.00322806      0.00424129
       0.0146611       0.0129483
      0.00417781       0.0048774
       0.0126474       0.0138669
     0.000262141     0.000281138
       0.0120358       0.0113883
     0.000319594      0.00050234
     0.000168753     0.000129068
     0.000144562     0.000253943
       0.0139493       0.0119484
       0.0115709       0.0132839
     0.000329006      0.00033775
     0.000473075     0.000647054
       0.0116539       0.0148707
      0.00419446      0.00544915
      0.00195537      0.00237755
     0.000122386     9.08203e-05
       0.0029493      0.00383379
      0.00159245      0.00186907
      0.00018192     0.000194385
      0.00361372      0.00335835
      0.00150447      0.00129515
     0.000259011     0.000348543
     0.000196226     0.000113054
     0.000279225     0.000251092
       0.0061278      0.00630987
      0.00177502      0.00175168
      0.00680175      0.00596386
     0.000957234      0.00130614
      0.00237963      0.00281611
      0.00165661      0.00169783
      0.00216294      0.00213481
     0.000649147     0.000631249
       0.0113603       0.0118159
      0.00608803      0.00572362
     0.000183744     0.000329902
      0.00050496     0.000664604
     0.000541025     0.000582168
       0.0173906       0.0168419
     0.000170631     0.000209216
     0.000185203     0.000152511
      0.00265576      0.00297409
       0.0217801       0.0190682
      0.00218004      0.00241542
        0.019553         0.01833
      0.00027318     0.000277233
     0.000740386     0.000648557
      0.00181816      0.00170238
      0.00258959       0.0034275
     0.000303815     0.000633039
       0.0210706       0.0208219
      0.00159122      0.00162359
       0.0221307       0.0216039
     0.000822667     0.000657516
      0.00102271     0.000767298
       0.0535765       0.0529275
     0.000931154      0.00104881
     0.000378565     0.000565572
       0.0127381       0.0149152
       0.0146798       0.0165003
      0.00146537      0.00153485
       0.0283268        0.033576
      0.00649864      0.00575955
       0.0261906       0.0241563
     0.000189038     0.000330857
     0.000998175     0.000811642
      0.00209834      0.00238789
      0.00538453      0.00444942
       0.0130022       0.0139606
     0.000458481     0.000666855
      0.00456976      0.00506993
       0.0016626      0.00198747
     0.000277453     0.000381735
     0.000968968      0.00102913
      0.00897843       0.0117771
      0.00100429      0.00163124
      0.00521157      0.00512362
      0.00062512     0.000602708
       0.0172763       0.0196829
     0.000802537     0.000658156
     0.000520424     0.000494363
      0.00139685      0.00182453
      0.00245415      0.00343858
       0.0066448      0.00550736
       0.0017305      0.00171511
      0.00184998      0.00155854
       0.0112708      0.00942178
      0.00507557      0.00507463
      0.00422316      0.00458978
       0.0110753       0.0110101
       0.0447796       0.0415345
      0.00830736      0.00863413
     0.000324625     0.000356054
     0.000252101     0.000337328
      0.00704499      0.00841741
      0.00535636      0.00481204
      0.00760143      0.00712004
      0.00039499     0.000492093
      0.00166153      0.00189078
     0.000183443      0.00011639
       0.0350106       0.0398381
       0.0196739       0.0180479
       0.0051596      0.00490897
     0.000355155     0.000350881
      0.00786141      0.00890915
      0.00196974      0.00185073
      0.00473718      0.00463274
       0.0118591       0.0109859
      0.00336461      0.00346492
      0.00460319      0.00354813
      0.00420791      0.00374668
       0.0031128      0.00301127
      0.00507854      0.00583116
      0.00613592      0.00745207
      0.00890979      0.00933143
       0.0154719       0.0187925
      0.00106595      0.00174048
       0.0511802       0.0442006
      0.00111913       0.0011375
       0.0068131       0.0072881
       0.0112651       0.0103708
      0.00259507      0.00264295
       0.0152903       0.0176678
      0.00439594      0.00428677
      0.00189299      0.00188067
      0.00529574      0.00531854
     0.000240139     0.000182783
       0.0069313      0.00741521
      0.00837523      0.00821014
        0.011454      0.00993621
      0.00175745      0.00190063
      0.00183235      0.00171775
     0.000448341     0.000618494
      0.00107929      0.00121518
     0.000112472     0.000122544
       0.0347609       0.0347326
     0.000162312     0.000156818
      0.00250237      0.00238208
     0.000816383     0.000857026
     0.000301101     0.000284296
      0.00865329       0.0104231
       0.0144171       0.0157876
      0.00304083      0.00319267
     0.000317682     0.000300385
      0.00328101      0.00361908
     0.000207014     0.000287003
      0.00811966      0.00792705
      0.00386695      0.00449116
      0.00341727      0.00463685
      0.00442072      0.00459498
       0.0012696      0.00130855
     0.000146611     0.000261977
       0.0103032       0.0115918
     0.000440419     0.000305013
     0.000792141     0.000521271
       0.0124119       0.0131487
      0.00168342      0.00228154
      0.00287562      0.00265968
      0.00069381     0.000683584
     0.000263679     0.000304609
      0.00117905      0.00115821
     0.000321539     0.000247654
      0.00025633     0.000372629
     0.000399365     0.000697517
     0.000780169     0.000925169
       0.0121015       0.0108198
     0.000321261     0.000237377
       0.0199349       0.0201799
       0.0272721       0.0254553
      0.00136242      0.00183521
      0.00253167      0.00254849
      0.00223306      0.00237925
      0.00557063      0.00599811
       0.0241881        0.021346
     0.000612675     0.000570316
      0.00195088      0.00141619
        0.014864       0.0122504
       0.0178721       0.0182728
      0.00137175      0.00103259
       0.0336658       0.0318079
     0.000214943     0.000172483
       0.0146759        0.014546
     0.000356976     0.000315141
      0.00570259      0.00701945
       0.0227165       0.0236226
      0.00203645      0.00219957
      0.00142666      0.00150725
      0.00816974       0.0085646
     0.000371231     0.000284708
      0.00076584     0.000695465
      0.00222956      0.00267293
      0.00113806       0.0010402
       0.0147118       0.0130219
      0.00339652      0.00328535
      0.00278141      0.00326707
       0.0359354       0.0386166
     0.000168072     0.000189746
      0.00380704      0.00455983
      0.00112673     0.000856763
     0.000320436     0.000661652
     0.000190698     0.000183411
      0.00258436       0.0023653
      8.0322e-05     7.98049e-05
       0.0118839       0.0122958
     0.000665186     0.000712614
       0.0115781       0.0110862
      0.00716547      0.00755607
      0.00138418      0.00186975
      0.00628816      0.00697893
       0.0168879       0.0153582
       0.0048657      0.00604655
      0.00671762      0.00652636
       0.0362431       0.0313188
       0.0150217       0.0152761
      7.5879e-05     0.000189207
     0.000277978     0.000425313
     0.000766273     0.000923016
     0.000542905      0.00040779
     0.000253929      0.00042075
      0.00848336       0.0102138
      0.00291551      0.00318536
     0.000484364     0.000779754
     0.000183675     0.000149568
       0.0202982       0.0196437
      0.00025315      0.00038404
       0.0478982       0.0544502
      0.00395162      0.00443262
       0.0165657       0.0191304
     0.000621807     0.000814382
      0.00144493      0.00098221
     0.000284045     0.000160733
     0.000766636     0.000895396
     0.000314476     0.000509303
       0.0208229       0.0201683
      0.00566808      0.00526664
       0.0064465      0.00782073
       0.0142747       0.0135806
       0.0359859       0.0334643
       0.0296709       0.0274705
      0.00238634      0.00266097
      0.00199511      0.00243561
     0.000769666     0.000593272
      0.00164279      0.00177615
      0.00654469      0.00876246
      0.00122446      0.00164033
       0.0101526      0.00864832
      0.00767039      0.00704648
      0.00109941      0.00144118
     0.000256584     0.000236077
      0.00154257      0.00190234
       0.0026025      0.00214497
      0.00263346      0.00300296
     0.000175441     9.85109e-05
       0.0207834       0.0204406
      0.00309751      0.00397078
     0.000365162     0.000496956
       0.0007624      0.00132565
     0.000807258     0.000908368
     0.000307479     0.000515888
      0.00178049      0.00261459
      0.00391236      0.00411639
       0.0021555      0.00219182
      0.00192545      0.00267493
      0.00361401      0.00350313
       0.0139497       0.0136129
     0.000968406      0.00134212
       0.0244481       0.0277972
      0.00176403      0.00234975
      0.00356011      0.00330998
     0.000477059     0.000415658
     0.000712648     0.000958506
     0.000573396     0.000579574
      0.00361538      0.00315122
      0.00465836      0.00472819
      0.00136265      0.00195411
       0.0159174       0.0130588
      0.00273741        0.003232
      0.00054194     0.000402518
     0.000101242     0.000247422
      0.00316012      0.00293545
     0.000474539     0.000798864
      0.00111527      0.00112763
       0.0140962       0.0121823
       0.0003372     0.000457635
      9.7555e-05     0.000190676
      0.00661515      0.00942121
       0.0180822       0.0194281
     0.000675348     0.000603608
     0.000781942      0.00068094
      7.1554e-05     0.000202722
      0.00046538     0.000337433
      0.00182588      0.00194162
     0.000407115       0.0005131
      0.00172489      0.00150486
       0.0354164       0.0351066
       0.0157875       0.0153852
     0.000808363     0.000776532
      0.00306541      0.00253207
     0.000483639     0.000775144
       0.0117762       0.0139508
     0.000948486      0.00117933
      0.00182995      0.00229517
       0.0168684       0.0169635
     0.000269326     0.000424546
     0.000956965       0.0014949
     0.000451847     0.000427304
       0.0179076       0.0163551
        0.011797        0.010578
      0.00667197      0.00594228
      0.00142513      0.00109815
     0.000799324     0.000730174
      0.00066289     0.000631942
     0.000763948     0.000710814
      0.00191207      0.00252478
       0.0151118       0.0135556
       0.0244297        0.022916
      0.00047169     0.000778676
      0.00330015      0.00318446
       0.0077085      0.00763611
      0.00699862      0.00762679
      0.00650999      0.00706563
       0.0151732       0.0138637
     0.000592684     0.000549476
     0.000293141     0.000265522
      9.2815e-05     0.000198073
        0.001901      0.00161202
      0.00649398      0.00590896
       0.0104567      0.00917656
       0.0547792       0.0481359
      0.00073931     0.000636128
      0.00246075      0.00284072
      0.00156081       0.0018739
     0.000939752      0.00108889
     0.000195855      0.00014798
     0.000630571     0.000634662
      0.00122389      0.00148895
       0.0251943       0.0227676
     0.000135186     0.000120352
      0.00172425      0.00219338
      0.00067498     0.000706909
      0.00285366       0.0029074
      0.00144581      0.00197459
      0.00180829       0.0021891
       0.0385825       0.0360915
     0.000197818     0.000184797
      0.00420254      0.00342422
       0.0320318       0.0292777
       0.0107238       0.0127996
     0.000275987     0.000425679
     0.000723237     0.000863805
      0.00152149      0.00172265
     0.000472281     0.000447624
      0.00048744     0.000673091
      0.00823512      0.00895967
      0.00631724      0.00602742
      0.00051064     0.000623131
      0.00421389      0.00376051
      0.00106268     0.000836112
       0.0205975       0.0227118
       0.0113587       0.0118847
       0.0368595       0.0336524
     0.000308726     0.000226907
     0.000299118     0.000552343
     0.000381823     0.000350771
     0.000636374      0.00094261
       0.0016178      0.00230351
      0.00502412      0.00561804
      0.00158852      0.00174171
     0.000704156      0.00056448
       0.0166334       0.0181984
      0.00159954      0.00263021
       0.0211354       0.0194685
       0.0142264       0.0190892
       0.0117509       0.0129476
      0.00512473      0.00473853
      0.00611646      0.00730368
      0.00150357      0.00209344
      0.00429155      0.00458814
     0.000464753     0.000783477
      0.00065863     0.000877851
      0.00713668      0.00865916
     0.000712129     0.000855599
      0.00291813      0.00276468
     0.000129258     0.000222166
      0.00424389      0.00362771
     0.000797445      0.00137752
      0.00102373      0.00085809
       0.0129818       0.0118877
      0.00912419       0.0101193
      0.00329508      0.00323181
       0.0266882       0.0229628
       0.0261056       0.0276269
     0.000293966     0.000378468
      0.00027132      0.00024374
      0.00222031      0.00232152
      0.00173871      0.00223798
     0.000904953     0.000984654
      0.00164318      0.00151007
      0.00098621      0.00122778
     0.000504475     0.000640514
     0.000237916     0.000198376
        0.011333        0.013013
      0.00744386      0.00681001
     0.000519936     0.000700678
       0.0203203       0.0207605
      0.00781825      0.00803226
     0.000461324     0.000433569
      0.00294906      0.00249837
       0.0435296       0.0390172
      0.00104064      0.00102522
      6.8447e-05     0.000158164
       0.0173165       0.0168574
     0.000482985     0.000649391
     0.000877351     0.000619199
      0.00136912      0.00120999
     0.000955427     0.000744941
       0.0222528       0.0268378
       0.0128128       0.0124364
      0.00907711      0.00846518
       0.0149409       0.0145436
      0.00186509        0.001472
      0.00438764      0.00450381
     0.000423947     0.000771374
       0.0192631       0.0189906
      0.00136691       0.0016694
      0.00877779      0.00915682
      0.00511652      0.00621383
       0.0027495      0.00357394
      0.00380791      0.00483644
     0.000354014     0.000314192
       0.0100803       0.0108325
       0.0142933       0.0153044
       0.0250804       0.0215788
     0.000140014     0.000135071
      0.00361975      0.00458963
      0.00256109      0.00222497
      0.00215702      0.00323159
      0.00315035      0.00255964
     0.000325448     0.000257082
      0.00421628      0.00577392
       0.0124039       0.0126775
        0.010157       0.0101716
      0.00184942       0.0015951
      0.00103541      0.00114864
      0.00426714      0.00406433
      0.00146459      0.00157403
      0.00675496      0.00607997
     0.000213038     0.000472802
      0.00539712      0.00472718
      0.00278391      0.00255975
       0.0069201      0.00641297
     0.000108501     0.000157745
      0.00466783      0.00409577
      0.00126347     0.000858514
     0.000803449     0.000860689
      0.00504343      0.00486405
      0.00127687      0.00103624
      0.00362083      0.00440934
     0.000465619     0.000415302
        0.012475       0.0108479
       0.0020269      0.00216038
     0.000354879     0.000759878
      0.00046524     0.000363762
      0.00472325      0.00464799
     0.000754382     0.000879564
      0.00520247      0.00493916
       0.0216139       0.0211193
     0.000678861     0.000694292
      0.00732804      0.00768193
       0.0127255       0.0124182
     0.000852101     0.000926921
       0.0160518       0.0157178
      0.00125409      0.00131493
      0.00848807       0.0100808
      0.00210845      0.00273563
       0.0256356       0.0265655
      0.00269857       0.0025332
       0.0717463       0.0686849
      0.00983225       0.0119579
       0.0137564       0.0143892
       0.0017978      0.00214944
       0.0220025       0.0230762
     0.000695395     0.000930366
     0.000233771     0.000377042
      0.00423276      0.00376852
      0.00243318      0.00202538
      0.00410628      0.00380616
        0.011155       0.0122305
       0.0113934       0.0106939
     0.000210412     0.000230418
      0.00354088      0.00398456
      0.00143279      0.00137466
      0.00342701      0.00333419
      0.00120962     0.000899357
     0.000255245     0.000247307
       0.0246904       0.0246175
     0.000164014     0.000279206
      8.4793e-05     0.000186385
      0.00130958      0.00170981
      0.00245957      0.00224903
     0.000441315     0.000425933
      0.00260352       0.0024857
      0.00080806     0.000627287
      0.00272417      0.00249474
       0.0187736       0.0183166
      0.00341669      0.00328679
     0.000181664     0.000281361
      0.00663852      0.00525734
      0.00784076      0.00819699
      0.00257132      0.00325485
      0.00181102      0.00236121
      0.00373073      0.00276289
       0.0413735        0.043874
      0.00304255      0.00361904
     0.000320584     0.000247178
       0.0030039      0.00302289
      0.00229401      0.00260399
     0.000181922     0.000358314
      0.00822408       0.0105164
       0.0117606       0.0113659
      0.00030824     0.000475185
      0.00563122      0.00552513
      0.00795179      0.00781614
     0.000515238     0.000486532
      0.00550967      0.00626658
       0.0017032      0.00181268
     0.000421822     0.000459904
     0.000741986     0.000633597
     0.000947392      0.00104693
       0.0031015      0.00353101
     0.000711418     0.000535627
       0.0292595       0.0257171
       0.0130083       0.0151127
      0.00445695      0.00395681
      0.00232611      0.00207922
       0.0102153        0.008826
     0.000702278     0.000755842
      0.00539859      0.00597687
       0.0034387       0.0034734
      0.00310599      0.00264945
      0.00196296      0.00264305
      0.00450441       0.0045104
     0.000430383     0.000591654
     0.000348512     0.000442839
      0.00201636       0.0025856
      0.00026378     0.000271752
       0.0104216       0.0090886
      0.00243761      0.00238566
        0.015413       0.0136872
      0.00268613      0.00338588
      0.00194542      0.00144569
       0.0160024       0.0169709
       0.0348292       0.0297126
       0.0143369       0.0121101
     0.000135659     0.000254521
      0.00350654      0.00410007
     0.000462469     0.000497931
     0.000236309     0.000207141
       0.0011712      0.00152994
      0.00107604     0.000856252
          0.0238       0.0197466
     0.000277053     0.000627046
      0.00188735      0.00286159
       0.0105914       0.0101472
        0.023465       0.0200874
      0.00399966      0.00350763
      0.00346347      0.00307238
      0.00025148     0.000294945
     0.000346992     0.000552524
       0.0137399       0.0117514
      0.00245404      0.00256406
      0.00192167      0.00223047
     0.000630881      0.00041855
      0.00062098     0.000758489
     0.000617219     0.000573661
      0.00343891      0.00430657
      0.00052475     0.000796121
      0.00044036     0.000531437
      0.00217147      0.00203718
       0.0213608       0.0211405
      0.00640174      0.00709548
      0.00842659       0.0119121
     0.000150385     0.000299042
      0.00601077      0.00619657
     0.000931673      0.00095357
       0.0110625       0.0100337
     0.000778495      0.00100708
      0.00114586      0.00109301
       0.0044335      0.00484465
      0.00129827      0.00150851
     0.000421794       0.0004494
     0.000265564      0.00041239
     0.000119783      0.00014026
     0.000363301     0.000604313
       0.0153792       0.0168891
      0.00954657      0.00802825
      0.00388042      0.00446244
       0.0173457       0.0203924
      9.7584e-05     0.000261849
      0.00351103      0.00389184
     0.000665506     0.000530133
      0.00304446      0.00287486
      0.00146399      0.00242009
      0.00293774      0.00278164
      0.00213814      0.00188787
      0.00546176      0.00562209
      0.00301259      0.00349789
       0.0015738      0.00168794
     0.000200074     0.000253599
      0.00821423      0.00758751
      0.00368372      0.00385432
      0.00713182       0.0082432
      0.00155757      0.00133682
       0.0420026       0.0360169
      0.00500998      0.00516931
     0.000268543     0.000195818
      0.00552317      0.00553837
      0.00049771     0.000446449
       0.0375889        0.035771
       0.0300494       0.0278368
      0.00160368      0.00161793
       0.0055444      0.00687842
      0.00170455      0.00205105
      0.00705992      0.00775516
      0.00123044      0.00114785
      0.00718777       0.0074134
     0.000815253     0.000766602
       0.0346415       0.0336863
        0.002454        0.002639
      0.00204898      0.00165322
      0.00165977      0.00217669
       0.0227683       0.0233327
     0.000122262     0.000276004
      0.00167879      0.00166484
      0.00277655      0.00322858
     0.000207291      0.00016453
        0.010506        0.010139
      0.00896103      0.00959167
        0.019401       0.0223617
       0.0184224       0.0193063
      0.00585891      0.00593793
      0.00443445      0.00549832
      0.00513603      0.00578872
     0.000152963     0.000346307
      0.00108729      0.00130278
       0.0005155     0.000589286
       0.0138646       0.0122476
      0.00116032       0.0017166
       0.0137934       0.0116909
       0.0151089       0.0140315
     0.000262487     0.000453404
      0.00635252      0.00588945
     0.000143392     0.000149117
      0.00417864      0.00422834
       0.0307585       0.0322548
     0.000319335     0.000295392
      0.00642132      0.00688151
      0.00691038      0.00660829
     0.000139243     0.000254404
       0.0128602       0.0151701
       0.0274491       0.0329172
     0.000585772     0.000921155
     0.000657382      0.00066339
     0.000289857     0.000271493
     0.000171544     0.000264348
     0.000244999     0.000350011
       0.0306424       0.0280393
      0.00452752      0.00394919
      0.00364275      0.00518893
      0.00705335      0.00764991
      0.00814731       0.0100714
     0.000908866     0.000943014
       0.0041703      0.00540227
       0.0222552       0.0225448
       0.0290211       0.0266337
       0.0176826       0.0166937
       0.0121685       0.0108112
       0.0156201        0.017035
      0.00140679      0.00132702
      0.00538103      0.00553503
       0.0146439        0.013572
     0.000266965     0.000460617
     0.000973244     0.000774502
     0.000835654      0.00067971
      0.00139027      0.00127967
      0.00175961      0.00183561
      0.00747321      0.00807174
      0.00183471      0.00160668
      0.00229094      0.00346785
       0.0294625        0.029305
      0.00289112      0.00320866
      0.00213773      0.00165432
      0.00428064      0.00348861
      0.00129884      0.00182262
      0.00631258      0.00605915
     0.000808167     0.000755699
     0.000228665     0.000186152
      0.00271891      0.00247659
      0.00603364       0.0054782
     0.000185107     0.000298422
      0.00108064      0.00125326
     0.000732199     0.000780776
      0.00740414      0.00969574
       0.0029122      0.00341578
     0.000266861     0.000372143
       0.0448719       0.0394343
      0.00289714      0.00352897
      0.00149574      0.00115064
       0.0262004       0.0295936
       0.0015724      0.00217989
       0.0024601      0.00242526
        0.024672       0.0283261
      0.00190328      0.00229562
     0.000291058     0.000574137
      0.00157154      0.00161616
      0.00139288      0.00188002
       0.0043576      0.00504881
      0.00348112      0.00347797
      0.00540782      0.00496797
     0.000736792     0.000952924
     0.000624032     0.000728529
     0.000563413     0.000864803
      0.00119394     0.000963561
     0.000545322     0.000769377
      0.00194465      0.00208156
      0.00109764      0.00117515
       0.0121225       0.0105137
      0.00440606      0.00492899
      0.00266638      0.00235133
      0.00139192      0.00143206
        0.051594       0.0483759
      0.00100209      0.00111353
      0.00231504      0.00204889
      0.00120125      0.00148411
      0.00708508      0.00757252
     0.000367745     0.000552404
      0.00098413       0.0011695
      0.00493987      0.00633072
       0.0273026       0.0265668
      9.0399e-05     0.000140101
      0.00586763       0.0072945
      0.00158511      0.00171283
      0.00262392       0.0024516
      0.00102584     0.000931493
       0.0214262       0.0265697
      0.00938299      0.00948327
      0.00186073      0.00216086
      0.00312926      0.00302685
       0.0152956       0.0182111
     0.000613275     0.000592553
      0.00181037      0.00196114
     0.000109741     0.000206856
     0.000230807     0.000182272
      0.00326496      0.00376225
      0.00248955      0.00225287
     0.000611736     0.000733654
      0.00119452      0.00131437
       0.0180165       0.0167038
     0.000859742     0.000771093
      0.00374866      0.00399752
     0.000464014     0.000435464
