QM Energy	FF Energy
     -0.00201669     -0.00202449
      -0.0169091      -0.0166812
     -0.00478065     -0.00493529
      0.00340253      0.00312487
      0.00225272      0.00218253
      -0.0041821     -0.00391235
       0.0014222      0.00144797
     0.000641815      0.00068174
      0.00247454      0.00235295
     -0.00237913     -0.00235898
     -0.00181099     -0.00176871
      -0.0209754      -0.0208996
     -0.00455108     -0.00479015
     -0.00564377     -0.00547223
     -0.00431704     -0.00435244
      0.00067396      0.00057394
    -0.000485822    -0.000449174
      0.00242104      0.00243255
     -0.00101802      -0.0010137
      0.00220411      0.00217618
    -0.000632103    -0.000538476
     0.000553177      0.00045544
      0.00273669        0.002755
     -0.00258235     -0.00248862
      0.00108187        0.001091
      -0.0187257      -0.0187719
     -6.1109e-05     7.86755e-05
     -0.00114863     -0.00103787
      0.00061822     0.000551986
      0.00147408      0.00142832
     -0.00248999      -0.0026825
     0.000112828     7.60383e-05
      0.00136458      0.00141581
      -0.0089996     -0.00958333
      0.00183069      0.00184819
    -0.000894873     -0.00119279
      -0.0056182     -0.00545463
     0.000191677     4.96847e-05
      -0.0116418      -0.0110868
     -0.00285207     -0.00285958
      0.00211848      0.00204111
     0.000921811     0.000890097
     -0.00225336     -0.00230149
     -0.00101228    -0.000857043
     -0.00144217     -0.00145182
    -0.000757403    -0.000679727
      0.00316221      0.00308467
      -0.0110239      -0.0115211
     -0.00883756      -0.0085499
     -0.00319769      -0.0032671
     -0.00954204     -0.00978902
    -0.000874558    -0.000963268
      0.00142137      0.00143584
     -0.00105027      -0.0010112
       0.0027907       0.0023957
     0.000205281     0.000177215
     0.000366708     0.000362073
      -0.0112119      -0.0112671
    -0.000226772    -0.000147623
    -0.000344909    -0.000296178
    -0.000682545    -0.000665246
    -0.000960758    -0.000439928
     -0.00155518     -0.00160838
    -0.000503449    -0.000594101
     -0.00951249     -0.00923501
     -0.00223958     -0.00233552
    -0.000273022    -0.000348668
        0.001742      0.00177721
      -0.0054028     -0.00505749
     -0.00244597     -0.00238076
     -0.00279254     -0.00282356
     0.000650081     0.000704697
    -0.000629863    -0.000623992
     -0.00184952     -0.00192456
     -1.4991e-05    -7.94142e-05
     0.000633515     0.000687444
     -0.00201475     -0.00182152
    -0.000384735    -0.000283866
     0.000916232     0.000900871
     -0.00206948     -0.00201125
     -0.00145752     -0.00148686
     -0.00268265     -0.00267602
     -0.00516633     -0.00507583
      0.00116998      0.00116495
     -0.00135242     -0.00112027
     -0.00048483    -0.000417945
      0.00177966      0.00183012
      0.00420239      0.00400847
     0.000858709     0.000836578
      -0.0034438     -0.00350263
      0.00142026      0.00138256
      0.00172457      0.00160265
      -0.0116105       -0.011659
     -0.00172406     -0.00179668
     -0.00389407     -0.00387642
     -0.00219698     -0.00222293
     0.000278254     0.000193343
     -0.00850146     -0.00879434
     -0.00149138     -0.00157741
    -0.000328322     -0.00012579
    -0.000358655    -0.000387237
     -0.00032291    -0.000349972
    -0.000506188    -0.000485828
      -0.0018989      -0.0018296
    -0.000818628    -0.000828326
     -0.00853745     -0.00792091
     -0.00148532     -0.00142063
    -0.000877914    -0.000852421
      0.00139495       0.0013147
    -0.000663355    -0.000642848
    -0.000403445    -0.000366378
    -0.000813928    -0.000570016
     -0.00115127     -0.00118089
    -0.000827615    -0.000813039
      -0.0035941     -0.00382433
     -0.00104182    -0.000954557
     -0.00680577     -0.00639701
     -0.00284222     -0.00268322
    -0.000302733    -0.000328853
     -0.00307802     -0.00316133
      0.00041743     0.000449831
      0.00245869      0.00230522
      0.00270844      0.00271236
      0.00174019      0.00142476
     -0.00109908     -0.00106919
      3.9819e-05     0.000121983
     -4.1338e-05    -2.34865e-05
     -0.00411216     -0.00404516
      -0.0118165      -0.0122049
    -0.000643992    -0.000696313
     -0.00484665      -0.0049767
     -0.00100689    -0.000925635
     -0.00441066     -0.00436916
      0.00032524     0.000321822
      0.00281152      0.00286062
     -0.00146038     -0.00139624
     -8.2022e-05     2.35063e-05
     -0.00143868     -0.00167009
      -0.0025008     -0.00237179
      0.00400948      0.00366189
      -0.0135501      -0.0139248
      0.00369074      0.00346119
    -0.000949806     -0.00113176
     -0.00321245     -0.00318898
      0.00102403     0.000686154
     -0.00242926     -0.00224768
     -0.00534007     -0.00547715
      0.00144104      0.00141609
     -0.00406786     -0.00413011
    -0.000922536    -0.000946707
    -0.000361258    -0.000312259
      0.00248924      0.00238672
     0.000898809     0.000914021
     -0.00228464     -0.00225724
     -0.00504173      -0.0053588
     -0.00116748    -0.000675744
      0.00335961      0.00322022
      0.00290838      0.00287477
      -0.0140667      -0.0132209
     0.000115542     0.000154653
     0.000178895     6.71575e-05
     -0.00231681     -0.00230923
     -0.00230211     -0.00195194
      -0.0108962      -0.0104731
     -0.00304589     -0.00315377
    -0.000779807    -0.000808335
    -0.000794623    -0.000817902
      0.00182038       0.0018167
     -0.00552482     -0.00594226
    -0.000585697    -0.000544555
       0.0034219      0.00323376
     -0.00582715     -0.00578025
     -0.00115603     -0.00107727
      -0.0217306      -0.0215524
      0.00199405      0.00200518
     -0.00281737     -0.00272158
     0.000152447     0.000162411
      -0.0114347      -0.0120989
     -0.00942096     -0.00987964
      -0.0011565    -0.000907108
     -0.00345034     -0.00328114
     -0.00146255     -0.00146781
     -0.00543491     -0.00542972
     -0.00110816     -0.00111746
     -0.00480984     -0.00457631
      0.00046733      0.00034972
     -0.00145706     -0.00145775
      5.5462e-05     5.87697e-05
     -0.00094883    -0.000766414
     -0.00508132     -0.00498764
      0.00226667      0.00219667
     -0.00083291    -0.000806217
    -0.000458515    -0.000862879
     -0.00242077     -0.00244274
     -0.00345997     -0.00345798
      0.00112744      0.00109694
     -0.00423155     -0.00411132
     0.000990099     0.000828986
      -0.0009039    -0.000872307
      0.00224547      0.00209122
      0.00325553      0.00319417
    -0.000942326    -0.000976467
      0.00135887      0.00129504
      0.00113962      0.00110112
      0.00243747      0.00208156
      0.00106222      0.00112588
     -0.00127863     -0.00114277
     0.000757003     0.000756303
     -0.00374945     -0.00378486
     -0.00163857     -0.00160444
     0.000206806      0.00021681
     -0.00175013     -0.00174281
     -0.00374652     -0.00375854
     0.000301327     0.000355122
     -0.00128669     -0.00121847
     -0.00272774     -0.00262169
     0.000286092     0.000299148
     0.000467225     0.000389779
     0.000811507     0.000817859
     -0.00035624    -0.000370196
      0.00207904      0.00223105
      -0.0152494      -0.0144577
      0.00446116      0.00432535
     -0.00670954     -0.00745271
    -0.000262026    -0.000277354
      0.00215377      0.00209865
     -0.00171788     -0.00170584
      0.00237644      0.00243022
      0.00173495      0.00170621
     -0.00931892     -0.00912015
     -0.00173267     -0.00176423
      -0.0109799       -0.010996
     -0.00113721     -0.00116491
     0.000866283     0.000824877
      -0.0147282      -0.0143737
      0.00234481      0.00234689
    -0.000315696    -0.000327006
      0.00178312      0.00177437
      -0.0097825     -0.00987628
     -0.00230319      -0.0022382
      -0.0103657     -0.00989941
     -0.00435994     -0.00447736
      -0.0105655      -0.0109301
      0.00178886      0.00177248
     -0.00122362     -0.00122615
      -0.0040027     -0.00422519
      0.00207978      0.00218322
     -0.00569414     -0.00572941
      0.00174474      0.00168673
      0.00013354     0.000185671
    -0.000147489    -0.000111671
     0.000822945     0.000906005
      0.00185856      0.00189883
     -0.00446665     -0.00505848
     -0.00407311     -0.00404855
     -0.00316068     -0.00325759
     -0.00137866     -0.00136189
     -0.00574474     -0.00546068
    -0.000327172    -0.000292795
      0.00295678      0.00297396
     -0.00536493        -0.00519
      9.6762e-05     0.000117467
     -0.00221772     -0.00219333
       0.0038066      0.00378563
    -0.000413841    -0.000430503
     -0.00352021     -0.00352206
      0.00170439      0.00188537
     -0.00371947     -0.00396658
     -0.00785227     -0.00788089
      -0.0192204      -0.0194978
     -0.00534622     -0.00533869
    -0.000609394    -0.000599675
    -0.000233744    -0.000102109
     0.000414287    -0.000208554
     -0.00333199     -0.00341221
     -0.00169013     -0.00167884
      0.00137673      0.00139638
     -0.00100478     -0.00070826
      0.00124353      0.00119285
      -0.0139641      -0.0142916
     -0.00844219     -0.00864851
     0.000204591     0.000341614
      0.00106211      0.00110375
     -0.00364321     -0.00360135
     -0.00144386     -0.00149606
      0.00127768      0.00136743
      -0.0039048     -0.00394243
      0.00169372      0.00174954
    -0.000760969    -0.000772248
     0.000138971     0.000240536
    -0.000917633     -0.00100236
     -0.00235155     -0.00239665
     -0.00301651      -0.0033391
     -0.00470653     -0.00490024
      -0.0120027      -0.0121771
     -0.00411356     -0.00426885
      -0.0172055       -0.017458
    -0.000399849    -0.000412029
     -0.00110627     -0.00097279
     -0.00189401     -0.00169614
    -0.000963494    -0.000892219
     -0.00648078      -0.0065207
     -0.00177266     -0.00170786
     -0.00151554     -0.00160327
      0.00185869      0.00192742
      0.00179291      0.00180557
     -0.00188958     -0.00181652
     -0.00130101     -0.00166263
     -0.00098406    -0.000628109
     -0.00345677     -0.00340841
       2.908e-06     9.08385e-05
       -0.001954     -0.00190079
     -0.00375266     -0.00348786
      0.00112325      0.00112135
     -0.00602916     -0.00554479
      0.00195007      0.00199369
    -0.000559723    -0.000579865
     0.000616843      0.00064427
     0.000242076     0.000206736
     0.000542088      0.00043098
      -0.0079642     -0.00785993
     -0.00305382      -0.0030575
      0.00171665      0.00175007
     -0.00190391      -0.0018133
     -0.00210462     -0.00215459
     -0.00101212     -0.00090492
     -0.00194486     -0.00223232
    -0.000509343    -0.000832133
     -0.00651619     -0.00610093
     -0.00120516     -0.00121974
      0.00102168     0.000975326
      -0.0055981     -0.00566622
    -0.000714052    -0.000717749
      0.00290451      0.00290187
     -0.00561846     -0.00589403
    -0.000336448    -0.000573943
      -0.0018616      -0.0019615
     -0.00234561      -0.0022258
    -0.000972453    -0.000983852
     -0.00150362     -0.00156677
     -0.00057948    -0.000573418
     0.000372164      0.00031877
     -0.00236257     -0.00236147
     -0.00014308    -0.000153882
    -0.000176293    -1.52635e-05
     -7.0364e-05    -4.68253e-05
      -0.0103777      -0.0108194
      -0.0133122      -0.0133352
     -0.00191547     -0.00198871
     -0.00319393     -0.00322543
     -0.00354208     -0.00345185
     -0.00541225     -0.00506215
      -0.0113473      -0.0107934
    -0.000720015    -0.000684867
    -0.000718976    -0.000727205
     -0.00684972     -0.00676319
     -0.00170569     -0.00206552
    -0.000507202    -0.000523471
      -0.0114868       -0.011908
      5.0535e-05     3.49582e-05
     -0.00418689     -0.00322081
    -0.000574719    -0.000584366
      0.00261376      0.00273701
      -0.0094312     -0.00912762
     0.000390368     0.000539778
     -0.00135416     -0.00137165
      0.00193567      0.00175936
      0.00259481      0.00262988
      0.00267869      0.00263259
      0.00161707      0.00166605
    -0.000925753    -0.000903862
     -0.00336029     -0.00347235
      0.00271739      0.00271909
     -0.00520204      -0.0052109
      -0.0192114      -0.0191083
      0.00157717      0.00156475
     -0.00353803     -0.00379622
    -0.000287297    -0.000327906
     -0.00177801     -0.00183094
    -0.000195841    -0.000182902
     -0.00317897     -0.00307431
       0.0023146      0.00233604
    -0.000693942     -0.00060462
      0.00125602      0.00127303
      0.00196981      0.00175432
     -0.00165283     -0.00163409
      0.00115505      0.00110043
     -0.00370053     -0.00377982
     -0.00555689      -0.0055232
       -0.001462     -0.00151669
     -0.00198488     -0.00193373
      -0.0104053      -0.0102509
     -0.00503553      -0.0054127
     -0.00239105     -0.00241505
    -0.000887368    -0.000919335
    -0.000434101    -0.000483355
    -0.000925989    -0.000956617
    -0.000261781    -0.000248828
      -0.0064315     -0.00603557
     -0.00218495     -0.00201218
    -0.000525484    -0.000553107
      0.00239994      0.00234302
     -0.00810111     -0.00800183
     -0.00149209      -0.0015035
      -0.0195107      -0.0189771
     -0.00497864     -0.00454074
      0.00165561      0.00118111
      -0.0031025     -0.00308971
     -0.00018868     -0.00016158
      0.00113956      0.00106175
      0.00139782      0.00140289
      0.00190265      0.00190289
     -0.00873489     -0.00869767
     -0.00170526     -0.00175412
      -0.0074102     -0.00766935
      -0.0098177     -0.00987137
      -0.0132607      -0.0127293
     -0.00754901     -0.00757502
     -0.00025894    -0.000264593
     -0.00175683     -0.00176361
      0.00284131      0.00274185
      -0.0021675     -0.00221895
     -0.00392284     -0.00386898
    -0.000499426    -0.000525106
     -0.00242754     -0.00247145
     -2.9438e-05     0.000182805
    -0.000564746    -0.000569537
    -0.000671321    -0.000613044
     -0.00156289     -0.00161625
     -0.00100462    -0.000874067
     0.000909331     0.000853886
      0.00237238      0.00233025
     0.000354438     0.000436044
     -0.00196415     -0.00235958
     0.000798754     0.000789389
     -0.00380263     -0.00389211
    -0.000777118    -0.000773071
     -0.00033602    -0.000379401
     -0.00331057     -0.00330725
     -0.00282319     -0.00257948
      0.00316963      0.00305196
      1.6197e-05     8.53937e-05
      0.00111169      0.00115831
     -0.00434616      -0.0046688
      0.00166841      0.00169034
       -0.013539      -0.0134429
     0.000324254     0.000345733
     -0.00121652     -0.00116318
      0.00088559     0.000887759
     0.000296229     0.000255693
     -0.00144562      -0.0014694
     -0.00319874     -0.00323128
      0.00122523      0.00119781
    -0.000644385    -0.000627123
     -0.00138255     -0.00120739
     -0.00163099     -0.00165993
     -0.00141678     -0.00141314
      0.00111933      0.00108979
     -0.00112248     -0.00108466
    -0.000173271    -0.000262931
     -0.00038945    -0.000431647
     -0.00258762      -0.0023103
     -0.00102825     -0.00102672
     -0.00236647     -0.00237937
     -0.00148364     -0.00175584
     -0.00707525     -0.00696412
      0.00292352       0.0029497
      0.00316411      0.00309772
      -0.0009506    -0.000958597
      0.00136071       0.0012785
     -0.00375861     -0.00379685
      0.00193222      0.00188289
     -0.00082429    -0.000807908
      -0.0112572      -0.0113533
     -0.00155999     -0.00170987
     0.000594203     0.000602531
     -0.00310329     -0.00310216
    -0.000634421    -0.000723328
    -0.000832855     -0.00109338
     -0.00103979     -0.00110357
     0.000536061     0.000527812
     -0.00647224     -0.00657381
     0.000324688     0.000257447
     -0.00319636     -0.00330611
    -0.000371415    -0.000354914
     -0.00101554     -0.00126719
     -0.00363303     -0.00352107
      0.00117128       0.0011931
      0.00123393      0.00120112
     0.000274739     0.000242115
       0.0028099       0.0028814
      0.00133257      0.00139706
      6.6521e-05    -0.000120832
     0.000616397     0.000271338
     -0.00848249     -0.00820248
    -0.000880949    -0.000752116
      0.00389958      0.00391013
     -0.00518592     -0.00512079
      0.00291413      0.00252627
      0.00150491      0.00140596
      0.00101839     0.000782633
    -0.000262981    -0.000268714
     -0.00055569    -0.000528242
     -0.00174023     -0.00169879
      -0.0013589     -0.00134662
     -0.00299424     -0.00299537
      0.00134205      0.00113958
      -0.0190689      -0.0186006
     -0.00158528     -0.00157907
     -0.00307794     -0.00303304
      0.00119391       0.0012726
     -0.00264297     -0.00259148
     -0.00104469     -0.00103174
      0.00276782      0.00274046
     -0.00360517     -0.00331866
     -0.00803602     -0.00817167
      0.00172518      0.00173824
      0.00196697      0.00205324
     0.000235179     0.000214542
     -0.00156737     -0.00165034
      0.00156074       0.0015599
    -0.000638925    -0.000596776
     -0.00790938      -0.0078653
      0.00124327      0.00123477
      0.00192179      0.00181351
     -0.00587822     -0.00598213
     -0.00541588      -0.0058066
     0.000639712     0.000618599
     -0.00123878     -0.00126215
      0.00249686      0.00237068
     -0.00126356     -0.00124007
     0.000711367     0.000673036
     -0.00162833     -0.00185385
    -0.000580932    -0.000318825
    -0.000354143    -0.000352328
     -0.00133436       -0.001075
     -0.00129859     -0.00131737
     -0.00676128     -0.00781296
     -0.00982977      -0.0102381
      -0.0120016      -0.0121176
      0.00136746      0.00141673
     -0.00281511     -0.00279727
    -0.000339078    -0.000271861
      0.00048051     0.000488087
     -0.00449575     -0.00452925
     0.000622047     0.000531234
      2.9211e-05     2.56226e-05
     -0.00117488     -0.00119819
     -0.00750719     -0.00795262
     -0.00163677      -0.0018741
     -0.00402879     -0.00368997
     -0.00576186     -0.00541767
     -0.00439469      -0.0047985
        0.003165      0.00302747
     -0.00420531     -0.00441647
       0.0010579      0.00126443
      0.00399673      0.00395856
      -0.0029988     -0.00290846
     0.000338477     0.000374181
     -0.00416814     -0.00407095
      0.00274377      0.00276544
      3.7809e-05     0.000172346
      -4.986e-06    -7.98309e-06
     -0.00151402     -0.00154371
     -0.00130679     -0.00143046
      -0.0014837     -0.00150404
     -0.00535295     -0.00530036
     -0.00389521     -0.00391528
     0.000220544      9.6397e-05
      -0.0141377      -0.0139228
     -0.00912046      -0.0080138
     -2.0071e-05    -5.04009e-05
    -0.000877007    -0.000886575
    -0.000440308    -0.000336781
     -0.00335872     -0.00326378
     -0.00260068     -0.00257877
    -0.000771561     -0.00073821
     -1.8464e-05     4.28126e-05
      0.00219768      0.00225252
      6.1539e-05      0.00011523
     0.000717621      0.00040743
     -0.00271029     -0.00271436
    -0.000188716    -0.000210411
      0.00033632     0.000223388
      0.00355006      0.00320442
     0.000181585      0.00018658
     -0.00140427     -0.00147613
      -0.0150175      -0.0144201
     -0.00049396    -0.000525813
     -0.00212626     -0.00214485
     -0.00564973     -0.00570533
     -0.00201246     -0.00206126
      0.00191927      0.00198923
    -0.000450062    -0.000499517
      0.00106233      0.00102638
     -0.00592382     -0.00611063
     -0.00790105     -0.00825566
    -0.000427014    -0.000458317
     -0.00951431     -0.00864162
      0.00307891      0.00299112
     -0.00166776     -0.00162521
     -0.00296254     -0.00304033
     -0.00432619     -0.00391656
    -0.000938925     -0.00108142
     -0.00320866     -0.00331174
     -0.00614272     -0.00598812
     0.000302545     0.000204922
     -0.00206051     -0.00206155
     0.000208089     0.000235546
     -0.00511872      -0.0054278
     -0.00775729      -0.0077004
     -0.00575753     -0.00525185
    -0.000268448    -0.000292062
     0.000279256     0.000360041
    -0.000463568    -0.000460529
     -0.00207281     -0.00214189
     0.000910709      0.00088584
      0.00262785       0.0026166
      0.00311439      0.00256699
     -0.00278645     -0.00267348
     -0.00904909     -0.00912619
    -0.000358574    -0.000343995
     -0.00115413     -0.00113066
     -0.00240017     -0.00244033
     -0.00160906     -0.00169151
      0.00223727      0.00235069
    -0.000893232    -0.000938733
     -0.00281937     -0.00280156
      5.0268e-05     8.72414e-05
      0.00131031      0.00124224
      6.6976e-05     6.41276e-05
     -0.00117324     -0.00126133
      0.00160729      0.00153288
     -0.00119366     -0.00119977
     -3.4269e-05    -0.000163368
    -0.000796152    -0.000767474
     0.000790566     0.000901593
      0.00149128      0.00140736
      -0.0067855     -0.00682222
      0.00185511      0.00187775
     -0.00274407     -0.00286725
      0.00103144      0.00104107
      0.00125301      0.00133946
     0.000430025     0.000426663
     -0.00032875    -0.000179729
     -0.00841027     -0.00855359
     -0.00124785     -0.00111522
     -0.00970926     -0.00959274
     -0.00714678     -0.00734505
      0.00110049      0.00111059
     -0.00309194     -0.00344089
     -0.00127175     -0.00134977
     -0.00272298     -0.00317854
     -0.00382662     -0.00389538
      -0.0103795      -0.0101601
     -0.00248129     -0.00247507
      -0.0200257      -0.0201196
      0.00087164      0.00134904
     -0.00546525     -0.00544953
      0.00212551      0.00216566
     -0.00874343     -0.00870221
      0.00022487     0.000291239
    -0.000933844    -0.000852863
     -0.00032448    -0.000347395
     -0.00162833     -0.00160802
     -0.00139958      -0.0015012
     -0.00678041      -0.0067508
      0.00275147      0.00234021
      0.00186475      0.00182777
    -0.000144511     1.58642e-05
      0.00120036      0.00116443
    -0.000858362     -0.00080455
     -0.00109065     -0.00112888
      0.00253297      0.00249377
     -0.00924336     -0.00887829
     -0.00280097     -0.00272689
     -0.00234695     -0.00238284
      0.00106868      0.00107668
     -0.00078302    -0.000799986
     0.000397328     0.000396595
     0.000860088     0.000893325
    -0.000334278    -0.000324945
     -0.00270484     -0.00271242
     -0.00590643      -0.0060213
      0.00265302      0.00268743
     -0.00219605     -0.00214417
       0.0012555      0.00141851
     0.000984304     0.000849925
     -0.00333257     -0.00297971
       0.0027228      0.00266619
     -0.00222513     -0.00228018
      -0.0161055      -0.0154717
    -0.000377349    -0.000762893
     -0.00125489     -0.00125589
     -0.00155004     -0.00162093
      0.00160406      0.00168075
     -0.00192501     -0.00191437
     -0.00302977     -0.00319528
     -0.00247798     -0.00246736
      0.00156728      0.00154715
    -0.000605573    -0.000510034
     -0.00471425     -0.00474349
     -0.00221849     -0.00226403
      0.00200166      0.00197672
    -0.000812162     -0.00085621
    -0.000188219    -0.000147208
      -0.0018421     -0.00186746
      0.00233958      0.00240305
      0.00394446      0.00378827
    -0.000202937    -0.000205851
     -0.00261182     -0.00272511
     -0.00524638      -0.0052492
    -0.000607949     -0.00054551
      -0.0017965       -0.001846
     -0.00203167     -0.00209896
      0.00283504      0.00274567
     -0.00240702     -0.00213003
     -0.00108938    -0.000961557
     0.000249722     0.000310865
    -0.000490242    -0.000494676
    -0.000398101     -0.00054435
    -0.000364404     -0.00045275
    -0.000195971    -0.000175132
     0.000181489     0.000271271
      0.00133057      0.00135346
     0.000630269     0.000664285
     0.000687225     0.000663286
     -0.00534844     -0.00511703
     -0.00298882     -0.00294142
      -3.187e-06    -5.12533e-05
     -0.00458652     -0.00570693
     -0.00927663     -0.00920141
     -0.00914321     -0.00919973
      0.00146602      0.00150652
     -0.00562473     -0.00572749
     -0.00121711     -0.00126251
      0.00110066      0.00104737
      0.00195882      0.00201444
       0.0012359      0.00124319
      -0.0100721     -0.00984222
     -0.00126294     -0.00126841
     0.000589889     0.000766839
     -0.00381503     -0.00375701
      -0.0102287      -0.0100188
      -0.0019507     -0.00191111
     -0.00285125     -0.00270472
     -0.00151001     -0.00149217
      0.00218392       0.0020974
     -0.00312395     -0.00308263
     -0.00124849     -0.00121356
      -0.0004808    -0.000439651
    -0.000601019    -0.000581596
    -0.000646037    -0.000624987
      0.00267252      0.00260668
     -0.00151762     -0.00152539
     -0.00218868     -0.00199561
      0.00282913      0.00286955
    -0.000592146    -0.000540284
     0.000209673     6.20444e-05
      -0.0021333     -0.00203414
      -0.0032598      -0.0036476
    -0.000403067    -0.000429296
     -0.00497399     -0.00506132
    -0.000409522    -0.000398299
     -0.00330367     -0.00331052
     0.000199915     0.000208801
     -0.00148854     -0.00152385
      0.00132421       0.0011883
     -0.00153129     -0.00147482
      0.00260614      0.00261578
      -0.0015108     -0.00154686
      0.00100246     0.000965732
     -0.00171707     -0.00168079
     -0.00451154     -0.00456029
    -0.000481887    -0.000638237
     -0.00541462     -0.00559501
     -0.00820504     -0.00791885
     -0.00118132     -0.00122314
     -0.00654004     -0.00624084
      0.00297343      0.00298012
    -0.000970451    -0.000998492
     0.000664954      0.00069525
    -0.000199751    -0.000176228
     -0.00189731     -0.00192724
     -0.00559608     -0.00560829
     -0.00112176     -0.00112825
     -0.00284956     -0.00272725
    -0.000697638    -0.000743552
      0.00283657      0.00252509
      0.00131734      0.00129774
     -0.00790129      -0.0079012
      0.00215665      0.00218653
      -0.0197563      -0.0193254
      0.00224064      0.00199348
      0.00287593      0.00285494
     -0.00668921     -0.00666503
    -0.000207441    -0.000218235
      -0.0154884       -0.015311
     -0.00312697     -0.00396124
     -0.00135071     -0.00139263
     -0.00265935     -0.00315598
    -0.000119314     -0.00011196
    -0.000254668    -0.000205446
    -0.000451369    -0.000439672
     -0.00601808       -0.006024
     -0.00147257     -0.00147789
     -0.00425442     -0.00447568
     -0.00215295     -0.00216868
      0.00178145      0.00174676
     -0.00205603     -0.00190416
      -0.0024699     -0.00289317
     -0.00019916    -0.000193374
     0.000717868     0.000794146
     -2.3196e-05     4.41019e-06
      2.8585e-05     4.06407e-05
     -0.00554613     -0.00561376
     -0.00659252     -0.00634334
     -0.00847913     -0.00830872
     -0.00164553     -0.00267414
     -0.00125258     -0.00126284
     -0.00218808     -0.00221183
    -0.000446073    -0.000645778
     -0.00293181     -0.00296329
     -0.00252852     -0.00248687
     0.000120664     0.000142464
     -0.00555481     -0.00556956
    -0.000717111    -0.000669671
     -0.00499624     -0.00509035
      -0.0090379     -0.00883815
      0.00010577     0.000107455
    -0.000573523    -0.000475323
    -0.000221413    -0.000211723
     -0.00299441      -0.0030374
      -0.0156889      -0.0161494
       0.0020689       0.0020771
      -0.0061768     -0.00574341
     -0.00087272    -0.000775085
    -0.000285781    -0.000269665
     -0.00380586     -0.00414884
      -0.0128369      -0.0134175
     -4.5344e-05    -2.78048e-05
     -0.00129448     -0.00133499
      0.00264661      0.00263537
    -0.000254106    -0.000255929
     0.000763349      0.00077668
       -0.013616      -0.0138325
     -0.00340549     -0.00344923
      0.00226622      0.00225979
     -0.00254352     -0.00241347
    -0.000298395    -4.62999e-05
      0.00270648      0.00267704
     0.000206648     0.000235427
     -0.00734819     -0.00666171
      -0.0127881      -0.0130693
     -0.00477969     -0.00478761
     -0.00840078     -0.00815718
     -0.00654873     -0.00659888
     -0.00209786     -0.00191096
     -0.00299714     -0.00298974
     -0.00250217     -0.00238761
     -0.00223932     -0.00217004
      0.00206774      0.00209136
     0.000488581     0.000518885
      6.5637e-05     8.78131e-05
     0.000851818     0.000912198
      0.00379761      0.00355002
     -0.00109758     -0.00101657
     -0.00170741     -0.00175761
     -0.00771861     -0.00866041
     -0.00231617     -0.00229567
      0.00190475      0.00180503
     -0.00246688     -0.00236758
     -9.4688e-05    -9.86063e-05
    -0.000254757     7.40811e-06
        0.002253      0.00222886
      0.00154429      0.00157165
      0.00217258      0.00208917
     -0.00346072     -0.00350982
     0.000849634     0.000838379
     0.000386049      0.00043097
      0.00218107      0.00216648
     -0.00504283     -0.00522746
      -0.0046306     -0.00436448
     -0.00315852     -0.00303924
     -0.00970927       -0.010018
     -0.00213611     -0.00218393
      0.00102065      0.00103016
     -0.00239473     -0.00237679
     0.000109532    -0.000104785
     0.000606441     0.000704923
     -0.00475804     -0.00492882
    -0.000342307    -0.000409594
     0.000412094      0.00039613
     0.000511905     0.000528672
      -0.0015673     -0.00136159
      0.00223404       0.0021399
      0.00366724      0.00342895
     0.000732033      0.00087405
      0.00142793      0.00137415
     -0.00170257     -0.00179562
     -0.00386736     -0.00378929
      0.00245211      0.00233621
     -0.00166215     -0.00162856
     -0.00547745     -0.00511503
     0.000611328     0.000639689
     -0.00356759     -0.00361349
     -0.00243653     -0.00240103
     -0.00269678     -0.00271219
    -0.000989571     -0.00105538
      -0.0188112      -0.0185379
    -0.000897207     -0.00100281
    -0.000945651    -0.000965614
     -0.00328109     -0.00311478
     0.000830557     0.000604957
     -0.00275657     -0.00275138
    -0.000509459    -0.000547633
      0.00155445      0.00157536
     -0.00837609     -0.00846688
      0.00146273      0.00148824
     -0.00716797     -0.00719336
    -0.000826559    -0.000819308
     -0.00116578     -0.00125467
     -0.00138512     -0.00141509
     -0.00401081     -0.00347794
    -0.000567075    -0.000925283
      0.00174203      0.00174137
     0.000512277      0.00058787
     -0.00556564      -0.0052256
       0.0026691      0.00263114
     -0.00245026     -0.00245882
    -0.000986366    -0.000948645
    -0.000825323     -0.00080973
      0.00101382      0.00103008
     -0.00208467     -0.00203809
    -0.000362008    -0.000375213
    -0.000388358    -0.000417442
     -0.00256877     -0.00293401
     -0.00129537     -0.00131464
     -0.00162339     -0.00173384
    -0.000269289     -0.00025839
