QM Energy	FF Energy
     -1.6995e-05    -1.92487e-05
     -2.2093e-05    -2.41247e-05
    -0.000276735    -0.000277477
     -2.1531e-05    -2.74667e-05
    -0.000259511    -0.000215434
     -3.5277e-05    -3.13376e-05
      -1.831e-05    -1.80516e-05
     -4.3464e-05    -5.68521e-05
      -2.908e-05    -3.81799e-05
       3.336e-06     2.85194e-06
      -0.0012554      -0.0011196
      -1.271e-05    -1.28832e-05
     -4.1111e-05    -4.43928e-05
     -6.7642e-05    -8.65727e-05
    -0.000115878    -0.000105965
     -0.00138185     -0.00140217
    -0.000959178    -0.000843026
     -0.00158479     -0.00153345
    -0.000280722    -0.000274758
    -0.000481604    -0.000532031
    -0.000814085    -0.000831128
     -2.5788e-05    -3.26823e-05
     -0.00121299     -0.00113128
     -2.4318e-05    -2.49051e-05
    -0.000288603    -0.000204622
    -0.000220726    -0.000239073
    -0.000160657    -0.000170617
      -1.577e-05    -2.38014e-05
    -0.000177464    -0.000143941
     -1.2542e-05    -1.63912e-05
     -7.2725e-05    -8.02598e-05
     -0.00110189     -0.00115039
     -0.00100266     -0.00108693
    -0.000126708    -0.000118145
    -0.000595182    -0.000511794
    -0.000118289    -0.000131226
    -0.000523346    -0.000554869
    -0.000550262    -0.000590445
    -0.000631864    -0.000602547
    -0.000220377    -0.000162683
    -0.000157831    -0.000162986
     -0.00139418     -0.00136431
    -0.000259885    -0.000286825
     -0.00145379     -0.00135751
    -0.000713777    -0.000669573
     -1.1869e-05     -2.1679e-05
    -0.000398447     -0.00046759
      -0.0025127      -0.0025304
     -2.9798e-05    -3.50371e-05
    -0.000130421    -0.000145892
     -9.2091e-05    -8.64663e-05
    -0.000162355    -0.000169944
     -2.7238e-05    -3.04993e-05
    -0.000502371    -0.000544211
      -9.902e-05    -9.98224e-05
    -0.000143941    -0.000117666
    -0.000652086    -0.000625934
     -1.5069e-05    -2.46023e-05
     -0.00105431     -0.00104664
    -0.000153866    -0.000165203
     -2.6329e-05    -2.96414e-05
    -0.000158946    -0.000138206
      -7.789e-06    -1.23408e-05
     -0.00065906    -0.000565524
    -0.000162972    -0.000167749
    -0.000349227    -0.000346969
    -0.000517819     -0.00049825
     -5.1335e-05    -3.52234e-05
     -0.00131044     -0.00118973
     -3.0674e-05    -3.32821e-05
    -0.000233877    -0.000167729
    -0.000517587    -0.000621339
     -1.0508e-05    -1.36976e-05
    -0.000734668    -0.000792392
    -0.000262386    -0.000253348
     -5.6806e-05     -6.5424e-05
    -0.000560339    -0.000579522
     -5.7056e-05    -7.80121e-05
     -8.4263e-05    -9.50353e-05
     -0.00206962      -0.0020256
     -2.4645e-05     -2.7716e-05
     -3.3041e-05    -3.18651e-05
    -0.000274055    -0.000255529
      -6.609e-06    -7.41574e-06
    -0.000366567    -0.000380366
     -8.2021e-05    -8.95421e-05
    -0.000518187    -0.000507686
     -1.9137e-05    -2.68424e-05
    -0.000224668     -0.00028172
       1.319e-06     2.39453e-07
     -2.6658e-05    -3.00606e-05
     -9.6509e-05    -9.88603e-05
     -1.8427e-05    -2.83223e-05
     -4.9573e-05    -5.17075e-05
    -0.000130443    -8.92196e-05
      -5.544e-06    -5.99111e-06
    -0.000498599    -0.000553587
    -0.000296448    -0.000237766
     -1.5173e-05    -1.70981e-05
    -0.000574777    -0.000519582
     -9.3408e-05    -0.000115559
     -4.3619e-05    -6.16689e-05
     -5.0336e-05    -6.04491e-05
    -0.000416841    -0.000370545
     -8.8308e-05    -8.02013e-05
     -0.00133591     -0.00129527
     -2.1998e-05    -2.56105e-05
     -1.3817e-05    -2.37366e-05
     -1.9295e-05    -2.82562e-05
    -0.000703357    -0.000693048
     -6.1455e-05    -8.43729e-05
     -1.8052e-05     -1.9346e-05
    -0.000219598    -0.000334086
    -0.000178031     -0.00020759
     -0.00206008     -0.00213189
    -0.000155238    -0.000175621
    -0.000550504    -0.000540014
    -0.000357021    -0.000342258
    -0.000128791     -8.4399e-05
    -0.000307385    -0.000303802
    -0.000291053    -0.000255449
    -0.000168918    -0.000173746
    -0.000402847    -0.000381909
     -9.1732e-05    -0.000129324
    -0.000239689     -0.00027229
     -3.4065e-05    -4.06096e-05
    -0.000839089    -0.000738607
     -0.00104605     -0.00102718
     -0.00114299    -0.000969617
     -0.00135828     -0.00138779
     -2.1404e-05    -2.77226e-05
     -1.3146e-05    -1.60654e-05
     -0.00190543     -0.00193889
    -0.000307579    -0.000285813
    -0.000347893    -0.000365325
    -0.000726138    -0.000653194
    -0.000346102    -0.000299451
    -0.000112677    -9.80111e-05
     -0.00136701     -0.00151709
     -3.3906e-05    -4.66701e-05
    -0.000767728    -0.000698432
     -1.1222e-05     -8.0677e-06
    -0.000188024    -0.000220225
    -0.000310727    -0.000281247
     -1.6938e-05     -2.6873e-05
    -0.000274903    -0.000273903
     -0.00169554     -0.00190766
     -0.00182863      -0.0021225
     -2.6164e-05    -2.96603e-05
     -0.00026949    -0.000243598
    -0.000486431    -0.000461809
     -2.9094e-05    -2.04138e-05
    -0.000119272    -0.000129053
     -0.00163224     -0.00156517
    -0.000843235    -0.000788091
    -0.000177007      -0.0001905
    -0.000459683    -0.000460434
     -4.5584e-05    -5.32495e-05
     -0.00038025    -0.000364417
    -0.000411886    -0.000351847
     -7.0057e-05    -8.03523e-05
     -0.00022533    -0.000251811
    -0.000378151    -0.000369178
     -5.3955e-05     -5.4241e-05
     -3.0822e-05    -4.12257e-05
      -7.581e-06    -9.86762e-06
     -2.7862e-05    -3.87562e-05
    -0.000973112    -0.000748938
     -5.4818e-05    -7.65067e-05
     -0.00010007    -0.000115385
     -1.9164e-05    -2.77851e-05
     -0.00141524      -0.0014698
    -0.000874188    -0.000736072
    -0.000837115    -0.000913597
     -3.6444e-05    -4.12344e-05
      -1.815e-06    -2.82722e-06
    -0.000630854    -0.000570628
      -8.549e-06    -1.24273e-05
     -2.7873e-05     -2.5749e-05
    -0.000522559    -0.000507036
    -0.000243983    -0.000252035
     -0.00152175     -0.00147238
     -4.0413e-05    -5.96802e-05
    -0.000601803    -0.000494619
    -0.000362739    -0.000401727
    -0.000849427     -0.00073988
    -0.000942207    -0.000895083
    -0.000311737    -0.000246127
     -0.00126738     -0.00125228
    -0.000698049    -0.000643547
    -0.000273165    -0.000259361
     -0.00197145     -0.00195114
     -1.1858e-05    -1.23172e-05
    -0.000233283    -0.000240726
    -0.000678451    -0.000633502
      -4.997e-06    -1.33423e-05
      -5.881e-06    -1.22507e-05
     -0.00172637     -0.00171499
    -0.000177288    -0.000165337
    -0.000244208    -0.000204745
    -0.000165906    -0.000175535
    -0.000161871    -0.000173858
     -2.1838e-05     -2.6289e-05
     -3.3807e-05    -3.07124e-05
    -0.000975176    -0.000939504
     -5.2743e-05    -6.55128e-05
    -0.000118568    -9.48474e-05
     -1.6174e-05    -1.75264e-05
    -0.000384153    -0.000317658
    -0.000740252    -0.000666162
     -8.9539e-05    -0.000104119
     -0.00189139     -0.00211967
    -0.000206767    -0.000188274
      -3.944e-05    -4.32986e-05
     -1.1655e-05    -1.47871e-05
     -0.00196312     -0.00200943
     -4.3629e-05    -7.17183e-05
     -8.9877e-05    -0.000100153
    -0.000204172    -0.000223623
    -0.000199908     -0.00018994
     -3.4663e-05     -4.5215e-05
     -6.1779e-05    -8.53652e-05
      -4.105e-06     -6.0516e-06
     -8.1906e-05    -0.000102243
     -4.0639e-05    -5.29511e-05
    -0.000656392     -0.00063414
    -0.000159175    -0.000176204
     -0.00039639    -0.000255541
     -2.4825e-05    -2.76715e-05
    -0.000678351    -0.000621453
        -3.9e-05    -3.13999e-05
    -0.000134412    -0.000142194
     -3.2489e-05    -3.05913e-05
    -0.000104465    -0.000119855
     -0.00152906      -0.0015004
    -0.000368317    -0.000318923
     -4.3641e-05    -5.13559e-05
     -0.00153342     -0.00156272
     -0.00114336     -0.00103548
     -1.0845e-05    -1.51029e-05
    -0.000771566    -0.000775451
    -0.000213196    -0.000238898
     -2.0301e-05    -2.40163e-05
     -3.3524e-05    -3.79048e-05
      -0.0019758     -0.00222443
      -8.608e-05     -7.4352e-05
     -8.5604e-05    -9.54027e-05
     -6.0712e-05    -6.72842e-05
     -0.00148501     -0.00135738
     -0.00169658     -0.00163315
    -0.000234446    -0.000172306
     -0.00155249     -0.00158171
    -0.000322093    -0.000362409
    -0.000188396    -0.000201252
     -0.00015653    -0.000154146
    -0.000751591    -0.000772276
    -0.000880837    -0.000864826
     -2.5635e-05    -1.94834e-05
     -0.00115751     -0.00111261
     -5.7236e-05    -7.00977e-05
    -0.000630753     -0.00059393
      -0.0016895     -0.00152262
     -4.1916e-05    -4.93602e-05
    -0.000757496    -0.000634816
      -4.195e-06    -7.74715e-06
     -9.8777e-05    -0.000101397
     -0.00149329     -0.00157376
       -7.31e-07    -1.80166e-07
     -9.1241e-05    -8.78234e-05
     -0.00120291     -0.00112803
    -0.000297383    -0.000304862
      -9.245e-06    -1.26427e-05
    -0.000753945    -0.000645768
     -0.00148737     -0.00126812
    -0.000208982    -0.000199953
     -1.3386e-05    -1.90487e-05
     -1.9235e-05    -1.73781e-05
      -3.646e-05    -4.97731e-05
     -1.8504e-05    -2.76442e-05
     -3.6833e-05    -5.29997e-05
     -0.00137947     -0.00135063
    -0.000114841    -0.000157935
    -0.000359751    -0.000362458
     -1.6555e-05     -1.7099e-05
    -0.000119867    -0.000122987
     -0.00165854     -0.00175873
     -7.8758e-05    -8.10186e-05
      -9.278e-06    -1.51122e-05
     -1.6202e-05    -2.36833e-05
     -0.00053606    -0.000520935
     -1.5592e-05    -1.60089e-05
     -0.00106156    -0.000974073
     -2.6418e-05    -3.08422e-05
      -5.971e-06    -2.67002e-06
      -1.371e-05    -1.85722e-05
     -2.0273e-05    -2.87667e-05
     -0.00181889     -0.00206071
    -0.000716981    -0.000776162
    -0.000697829      -0.0007708
    -0.000306526    -0.000300554
    -0.000336316     -0.00030307
     -0.00115836    -0.000948265
    -0.000944353    -0.000710475
     -0.00036936    -0.000437454
      -0.0012408     -0.00114542
     -0.00156067     -0.00151854
    -0.000343637    -0.000358221
      -8.917e-06    -6.71075e-06
     -2.1571e-05    -2.63064e-05
     -5.0325e-05    -8.87344e-05
      -2.034e-05    -3.51058e-05
    -0.000480143    -0.000471116
     -0.00156931     -0.00146651
     -1.2288e-05    -2.14877e-05
     -0.00292065     -0.00349886
    -0.000500527    -0.000442478
    -0.000370779    -0.000430947
    -0.000133211    -0.000176746
    -0.000274269    -0.000229874
     -0.00017861    -0.000187506
     -3.4373e-05    -5.68462e-05
    -0.000494426    -0.000585645
     -6.3492e-05     -8.4451e-05
     -1.3627e-05    -1.76652e-05
    -0.000159131    -0.000162865
     -1.6485e-05    -2.06982e-05
     -8.4985e-05    -9.13996e-05
       -3.53e-07    -1.80702e-06
    -0.000456874    -0.000386625
     -0.00030157    -0.000294898
     -1.2013e-05    -1.79787e-05
    -0.000620451     -0.00061196
    -0.000157814    -0.000181561
     -1.5508e-05    -2.00728e-05
    -0.000168369    -0.000185028
     -2.6867e-05     -4.1304e-05
     -0.00148018     -0.00140008
     -5.2669e-05    -5.93701e-05
    -0.000209821    -0.000241721
    -0.000486986    -0.000372134
    -0.000840813    -0.000861551
    -0.000462657    -0.000484933
    -0.000395009    -0.000371231
    -0.000894176    -0.000928723
    -0.000727097    -0.000817543
    -0.000241713    -0.000248253
    -0.000405518    -0.000409322
     -4.5097e-05    -6.68442e-05
     -0.00173815     -0.00145009
    -0.000551427    -0.000687945
    -0.000144687    -0.000155488
    -0.000301653    -0.000225454
     -0.00139534     -0.00125744
    -0.000862156    -0.000957602
     -5.7551e-05    -7.24169e-05
      -6.396e-05    -7.71143e-05
    -0.000714924    -0.000664173
    -0.000236056    -0.000270144
    -0.000114959    -0.000123322
     -0.00113788     -0.00111154
        -2.7e-06     -2.5729e-06
     -7.7925e-05    -8.37459e-05
      -6.465e-05    -8.32937e-05
     -9.2761e-05    -9.99791e-05
     -3.3946e-05    -3.02355e-05
    -0.000236743    -0.000239876
     -2.6499e-05    -2.35137e-05
    -0.000659466    -0.000658406
     -0.00224991     -0.00219777
      -7.947e-06    -8.47495e-06
     -1.8522e-05    -3.40619e-05
    -0.000734283    -0.000603322
    -0.000643282    -0.000606335
     -0.00117837     -0.00118368
    -0.000429367    -0.000429763
     -2.5675e-05    -3.42986e-05
    -0.000531044    -0.000553315
      -8.085e-06    -1.07635e-05
    -0.000392794    -0.000380588
    -0.000263953    -0.000381572
    -0.000207947    -0.000148541
     -1.2764e-05    -1.87907e-05
    -0.000141362    -0.000148527
     -0.00203551      -0.0020494
     -5.4294e-05    -6.79641e-05
       1.256e-06    -1.32996e-07
      -1.013e-06    -1.36948e-06
    -0.000598261    -0.000538284
    -0.000317441    -0.000272034
    -0.000294694    -0.000323178
    -0.000273249     -0.00028336
     -0.00073805    -0.000774161
     -1.2574e-05    -2.38036e-05
     -0.00017352    -0.000235341
    -0.000684704     -0.00069888
     -0.00154616     -0.00137722
     -5.3705e-05    -4.17062e-05
    -0.000323296     -0.00035129
    -0.000181885    -0.000200518
      -0.0012712      -0.0012462
    -0.000260652    -0.000236406
     -9.1704e-05    -8.44677e-05
     -8.8921e-05    -8.53732e-05
     -3.0916e-05    -2.19114e-05
     -0.00103349    -0.000738041
     -0.00234628     -0.00266457
     -2.4171e-05    -3.44308e-05
    -0.000321077    -0.000293502
     -4.4476e-05    -4.05688e-05
     -0.00026675    -0.000289574
     -0.00134217     -0.00102974
     -5.2182e-05    -6.29087e-05
     -0.00038132    -0.000381121
     -1.7351e-05    -1.55322e-05
    -0.000115712    -0.000101082
    -0.000215251    -0.000202815
    -0.000231161    -0.000252687
     -1.4655e-05    -1.23107e-05
    -0.000843607    -0.000746582
      -4.965e-05    -6.23604e-05
     -8.7181e-05    -8.61228e-05
     -0.00144316     -0.00135885
    -0.000175459    -0.000187569
     -0.00109079     -0.00107638
     -0.00022103    -0.000233807
    -0.000106796    -7.69498e-05
     -0.00156827     -0.00158493
     -0.00149364     -0.00161773
    -0.000170265    -0.000146496
    -0.000503182    -0.000500912
      -0.0008261    -0.000705955
    -0.000180904     -0.00023045
     -1.6433e-05    -2.70445e-05
    -0.000227783    -0.000261335
      -9.907e-05    -9.60094e-05
     -0.00021898    -0.000271674
    -0.000646458    -0.000674562
    -0.000177668    -0.000169124
     -5.4499e-05    -5.51642e-05
    -0.000155599    -0.000155115
    -0.000566469    -0.000528668
    -0.000101384    -0.000116351
    -0.000281486    -0.000311153
     -0.00021955    -0.000260615
     -0.00013807    -0.000156455
     -1.5648e-05     -2.3418e-05
      -0.0007625    -0.000792738
    -0.000161651     -0.00014308
    -0.000205231     -0.00019563
     -0.00110129    -0.000917785
     -0.00010796     -0.00010734
     -0.00197996      -0.0019678
    -0.000214379    -0.000205018
     -2.1115e-05    -2.35257e-05
    -0.000275033    -0.000387408
     -1.2435e-05    -1.58686e-05
    -0.000136131    -0.000146098
    -0.000177017    -0.000182216
     -1.1711e-05     -1.7787e-05
    -0.000134874    -0.000159542
      -0.0011085    -0.000989124
     -0.00133992     -0.00100232
    -0.000947558     -0.00102381
    -0.000537274     -0.00046393
    -0.000138906    -0.000158364
      -3.695e-06    -7.86563e-06
     -3.1106e-05    -4.33963e-05
     -1.9802e-05    -2.42624e-05
     -0.00167097     -0.00190777
     -3.0954e-05      -3.669e-05
    -0.000848314    -0.000864498
    -0.000883734    -0.000747179
     -0.00028273    -0.000275175
    -0.000516425    -0.000435273
     -6.2992e-05    -4.09722e-05
     -0.00210379     -0.00179634
     -3.9408e-05    -2.87497e-05
    -0.000915491    -0.000917276
    -0.000348501    -0.000336293
    -0.000298802    -0.000260152
    -0.000812279    -0.000766987
     -1.3622e-05    -2.25332e-05
      -5.388e-06    -1.53583e-05
    -0.000578838    -0.000503143
     -0.00021951    -0.000220309
      -2.332e-06    -5.40521e-06
    -0.000157128    -0.000141423
     -4.7872e-05    -4.55956e-05
     -6.2912e-05     -8.0728e-05
     -1.5587e-05    -1.70472e-05
    -0.000616057    -0.000693374
     -1.0843e-05    -1.49334e-05
     -2.4455e-05    -2.47104e-05
    -0.000239808    -0.000235328
    -0.000765063    -0.000807836
     -5.4687e-05    -4.20877e-05
     -0.00106904     -0.00108586
     -4.0682e-05    -5.32528e-05
     -2.1776e-05    -2.30448e-05
     -0.00107706     -0.00100987
     -5.3997e-05     -6.4901e-05
      -0.0011034     -0.00112968
     -9.9608e-05    -0.000125557
     -0.00015511    -0.000175212
    -0.000975463     -0.00077997
     -8.9778e-05    -0.000112521
     -7.0346e-05    -0.000102978
     -4.8054e-05    -7.89478e-05
      -2.593e-05     -3.7692e-05
      -4.835e-06    -5.56646e-06
    -0.000433788    -0.000540239
    -0.000103542    -0.000108962
     -1.0475e-05    -1.49369e-05
    -0.000477616    -0.000415933
     -3.7074e-05    -4.05196e-05
     -8.1486e-05    -0.000107083
    -0.000352773    -0.000391821
     -7.2293e-05    -8.58256e-05
     -3.9807e-05    -5.06714e-05
     -0.00036651    -0.000362278
    -0.000225842    -0.000244495
     -2.5601e-05     -2.9573e-05
    -0.000294062    -0.000327542
    -0.000526321    -0.000517192
    -0.000337187    -0.000322596
    -0.000980078    -0.000887724
     -2.1337e-05    -2.20734e-05
    -0.000436505    -0.000420696
     -5.3319e-05    -5.03291e-05
      -7.073e-05    -5.95323e-05
     -3.7467e-05    -2.68339e-05
    -0.000114124    -0.000115982
     -6.4601e-05    -6.85584e-05
    -0.000144547    -0.000201318
    -0.000369983    -0.000318476
     -1.7274e-05    -2.50752e-05
    -0.000765671    -0.000640704
     -1.1151e-05    -1.84214e-05
     -5.1468e-05    -5.49147e-05
    -0.000150175    -0.000152685
       -9.11e-06    -9.23677e-06
     -1.8946e-05    -2.71837e-05
     -4.4624e-05    -7.67383e-05
     -3.3224e-05    -2.57344e-05
    -0.000271534    -0.000220047
    -0.000601031    -0.000463658
     -2.7365e-05    -3.20433e-05
    -0.000300746    -0.000269917
      -6.218e-06    -8.67279e-06
    -0.000654971     -0.00072516
    -0.000153364    -0.000168019
     -2.4921e-05    -1.83686e-05
     -0.00203143     -0.00238619
     -1.9763e-05    -1.83427e-05
     -0.00136029     -0.00126977
       -1.44e-06    -2.79455e-06
     -7.6499e-05    -0.000110247
    -0.000145411    -0.000179298
     -1.7183e-05    -2.08599e-05
     -2.6661e-05    -2.74558e-05
      -8.599e-05    -9.20889e-05
      -9.827e-06    -1.55326e-05
    -0.000273118    -0.000275973
      -0.0002018     -0.00014337
     -1.6684e-05    -2.09458e-05
     -7.7308e-05    -7.21033e-05
     -0.00124488     -0.00133562
    -0.000367897    -0.000385569
     -6.3749e-05    -6.55235e-05
     -1.4606e-05    -2.21219e-05
      -4.522e-05    -4.86038e-05
     -1.9686e-05    -2.41322e-05
    -0.000183699    -0.000177089
      -0.0012209     -0.00116501
     -0.00063225    -0.000728909
     -6.8599e-05    -6.88065e-05
    -0.000388767    -0.000325485
    -0.000153017    -0.000158882
     -1.6932e-05    -1.82964e-05
    -0.000892781    -0.000867428
    -0.000691212    -0.000502412
     -0.00164802      -0.0016677
     -3.0563e-05    -3.00144e-05
    -0.000246474    -0.000230581
     -0.00134072     -0.00136076
    -0.000383495    -0.000473899
     -0.00103784     -0.00102569
     -1.5119e-05    -2.11918e-05
    -0.000149206    -0.000175782
    -0.000696002    -0.000593164
     -0.00100184    -0.000975867
    -0.000547335    -0.000440204
    -0.000564657    -0.000544139
     -7.3154e-05    -8.86361e-05
     -0.00232738     -0.00258838
    -0.000120569    -0.000134519
    -0.000640963    -0.000659668
     -4.1152e-05    -3.40807e-05
     -2.4984e-05    -3.62455e-05
     -5.3532e-05    -6.44944e-05
    -0.000991933     -0.00119331
     -0.00050731    -0.000384638
     -8.4083e-05    -0.000107356
     -7.6004e-05    -0.000119278
    -0.000100506    -0.000107613
     -2.0394e-05    -2.77472e-05
    -0.000420307    -0.000373987
     -7.1977e-05    -9.28871e-05
    -0.000148018    -0.000146304
     -5.2926e-05    -5.41514e-05
     -0.00231793     -0.00246622
     -1.7205e-05    -1.45567e-05
    -0.000212206    -0.000285551
     -0.00028252    -0.000389395
     -1.3214e-05     -1.6414e-05
    -0.000152089    -0.000139394
    -0.000564556    -0.000521821
      -1.894e-05    -2.34881e-05
      -1.424e-05    -1.52064e-05
      -3.826e-06    -5.68308e-06
      -7.214e-06    -7.99589e-06
     -7.8068e-05    -7.88897e-05
     -4.6204e-05    -5.89567e-05
     -3.0714e-05    -4.26471e-05
     -0.00012024    -0.000130732
     -5.8534e-05    -6.32587e-05
    -0.000199994    -0.000189681
    -0.000688234    -0.000719708
     -0.00119281    -0.000983714
    -0.000729175    -0.000735357
    -0.000389813    -0.000415059
     -4.7381e-05    -5.87886e-05
    -0.000507603     -0.00054875
    -0.000193315    -0.000198067
     -1.9865e-05    -1.63468e-05
     -2.3119e-05    -2.87628e-05
     -7.6837e-05    -7.56703e-05
     -2.9571e-05    -4.00952e-05
     -0.00184702     -0.00181458
    -0.000177432    -0.000153537
     -7.1087e-05    -6.96664e-05
     -5.3107e-05    -7.65159e-05
     -0.00011612    -0.000151648
      -6.381e-05    -5.91819e-05
      -9.933e-06    -1.29424e-05
     -2.2703e-05     -2.8636e-05
     -2.2453e-05    -3.07444e-05
    -0.000663431    -0.000417292
    -0.000109413     -0.00016251
      -1.797e-05    -2.03066e-05
     -0.00073708    -0.000637215
     -1.1133e-05     -1.4165e-05
     -0.00118578     -0.00104131
    -0.000348413    -0.000336378
    -0.000279444    -0.000260453
     -2.1649e-05    -2.58671e-05
     -9.5883e-05    -0.000102323
     -0.00052495    -0.000550974
    -0.000344135    -0.000261542
    -0.000234851    -0.000290056
     -4.3707e-05    -4.01309e-05
    -0.000363525    -0.000350146
    -0.000193577    -0.000213182
     -1.4625e-05    -1.32364e-05
     -3.4824e-05    -3.39949e-05
      -7.897e-06    -8.72191e-06
     -0.00131244     -0.00134658
      -3.769e-05    -4.32804e-05
     -4.2188e-05    -4.52173e-05
    -0.000557852    -0.000389746
    -0.000209323    -0.000241689
     -0.00202928      -0.0020349
    -0.000623014    -0.000499507
    -0.000148058    -0.000141401
     -0.00229302     -0.00301322
      -4.327e-06    -7.93354e-06
    -0.000732161     -0.00080032
    -0.000509095    -0.000417687
     -1.7027e-05    -2.60301e-05
     -0.00202867     -0.00160067
     -2.7359e-05    -2.75973e-05
     -2.3805e-05    -2.37857e-05
     -4.3259e-05     -4.3499e-05
    -0.000849018    -0.000673943
    -0.000179673    -0.000196906
     -1.0936e-05    -1.03519e-05
     -2.4299e-05    -2.68215e-05
    -0.000100588    -0.000138123
     -9.5765e-05    -0.000100044
     -8.9157e-05    -8.49864e-05
    -0.000216643    -0.000195814
     -3.1985e-05    -3.53271e-05
    -0.000340447    -0.000240763
     -6.9453e-05    -7.77936e-05
    -0.000105854    -0.000147239
     -1.5917e-05    -2.33693e-05
     -5.2775e-05    -5.95586e-05
    -0.000147176    -0.000136458
      -2.551e-06    -6.13434e-06
    -0.000205564    -0.000157829
    -0.000106453    -9.26544e-05
      -8.287e-06    -1.06311e-05
    -0.000144837    -0.000177592
    -0.000868407    -0.000801819
    -0.000446474    -0.000444199
     -1.0163e-05    -1.17025e-05
    -0.000810811    -0.000821835
     -1.3491e-05    -2.12297e-05
     -1.5674e-05    -1.29724e-05
     -8.4301e-05    -6.82731e-05
     -0.00154343     -0.00147996
     -0.00153701     -0.00153423
     -3.5522e-05    -3.21474e-05
    -0.000102947    -0.000109031
     -1.5719e-05     -1.8854e-05
        -1.4e-05     -1.5511e-05
      -4.626e-06    -3.59513e-06
     -4.9925e-05    -4.70186e-05
    -0.000181733     -0.00016963
     -3.3104e-05    -2.88384e-05
     -3.9508e-05    -4.26337e-05
     -8.7793e-05    -9.70249e-05
      -3.166e-06    -4.91437e-06
     -0.00046385    -0.000465789
     -1.3462e-05    -2.73307e-05
     -8.9316e-05    -0.000154914
     -0.00150715     -0.00151047
     -6.9949e-05    -6.72409e-05
     -0.00280394     -0.00267932
     -5.1635e-05    -5.90747e-05
     -3.4362e-05    -3.93843e-05
     -0.00108233    -0.000946947
      -0.0001621    -0.000159369
    -0.000107408    -8.23921e-05
       -0.001927     -0.00200751
     -8.4052e-05    -0.000103849
     -0.00015202    -0.000139178
      -3.289e-05    -3.39759e-05
    -0.000733751    -0.000691186
        5.38e-07    -5.44748e-07
    -0.000310887    -0.000311104
    -0.000118723    -9.56553e-05
      -1.306e-06    -4.97936e-06
    -0.000563284    -0.000608615
     -1.1701e-05    -1.83451e-05
      -5.252e-06    -8.31845e-06
    -0.000235337      -0.0002497
     -0.00019184    -0.000183332
     -5.6987e-05    -5.53859e-05
    -0.000231825    -0.000210653
    -0.000901551    -0.000826809
    -0.000474337    -0.000489359
     -1.4053e-05    -2.01905e-05
     -4.3465e-05    -4.89963e-05
    -0.000141298    -0.000167354
     -1.6876e-05    -2.70246e-05
    -0.000198383    -0.000194559
    -0.000237957    -0.000228461
    -0.000260876    -0.000288052
     -4.8041e-05    -3.87594e-05
     -5.5806e-05    -5.88812e-05
     -1.8969e-05    -2.11661e-05
      -0.0011043    -0.000942278
    -0.000258224    -0.000250549
     -0.00181348     -0.00179458
    -0.000835046      -0.0008646
     -4.8525e-05    -5.55834e-05
    -0.000193289    -0.000240808
     -3.3927e-05    -5.07841e-05
     -6.8786e-05    -6.31739e-05
    -0.000306947    -0.000318007
    -0.000597598    -0.000496675
    -0.000678683    -0.000689476
     -0.00118924     -0.00091624
      -7.725e-06    -1.31457e-05
    -0.000124748    -0.000129912
    -0.000525888    -0.000535696
    -0.000196948    -0.000195994
     -1.2714e-05    -1.67963e-05
     -0.00112917    -0.000931909
     -8.7292e-05    -7.84651e-05
    -0.000837804    -0.000849068
     -2.2843e-05    -2.30873e-05
     -6.0188e-05    -5.91826e-05
    -0.000560682    -0.000488828
     -1.0161e-05    -1.46958e-05
    -0.000224968    -0.000221186
     -2.2624e-05    -1.96542e-05
      -6.751e-06    -1.14136e-05
    -0.000225715    -0.000239312
      -1.618e-05    -1.89106e-05
    -0.000227934     -0.00022379
    -0.000264269      -0.0002789
     -4.0372e-05    -6.47564e-05
     -0.00158145     -0.00135472
    -0.000169564    -0.000208882
     -6.3139e-05    -3.60786e-05
     -4.7139e-05    -3.14449e-05
     -0.00017059    -0.000199226
    -0.000122508    -0.000148461
     -0.00172505     -0.00171377
    -0.000456147    -0.000600674
     -1.4808e-05    -1.98056e-05
     -0.00104379    -0.000942407
    -0.000820074    -0.000822123
     -1.5058e-05    -2.59953e-05
     -0.00175861     -0.00191119
     -4.4531e-05    -5.01959e-05
     -1.9095e-05    -2.25654e-05
      -0.0010285    -0.000995501
      -7.535e-06     -5.0312e-06
    -0.000244391    -0.000270317
      -5.017e-05    -2.94514e-05
     -0.00148175    -0.000961624
     -5.4485e-05    -9.19841e-05
    -0.000148183    -0.000170137
    -0.000204085     -0.00019117
     -1.3836e-05    -1.90675e-05
     -1.8876e-05    -2.57837e-05
     -9.4064e-05    -0.000117731
    -0.000890476    -0.000738427
     -2.7418e-05    -3.59694e-05
     -1.7277e-05    -3.00938e-05
    -0.000291546    -0.000266136
      -6.403e-06    -9.31338e-06
    -0.000400197    -0.000328247
    -0.000427682     -0.00045792
    -0.000189194    -0.000181448
     -2.1778e-05    -3.10555e-05
     -6.9665e-05    -6.93177e-05
     -1.4269e-05    -1.98005e-05
     -0.00135177     -0.00120888
     -3.3571e-05    -3.79001e-05
     -5.4467e-05    -7.28062e-05
     -0.00096769     -0.00085075
     -2.2652e-05    -3.19041e-05
      -1.459e-05    -2.58665e-05
     -8.0834e-05    -8.14699e-05
     -9.7302e-05    -9.62761e-05
     -5.4962e-05    -7.01476e-05
    -0.000681536    -0.000754648
     -0.00113972     -0.00110364
    -0.000778049    -0.000796496
     -1.9768e-05    -1.88893e-05
     -0.00157154      -0.0014143
     -1.6035e-05    -1.51544e-05
    -0.000363293    -0.000343425
      -6.968e-06    -9.28042e-06
     -1.3174e-05    -2.18015e-05
    -0.000488445    -0.000318313
    -0.000716459    -0.000633151
     -0.00119885    -0.000998266
     -0.00160507     -0.00149203
    -0.000785128    -0.000810482
    -0.000171399    -0.000245954
     -0.00160818     -0.00126768
     -0.00104317    -0.000947043
    -0.000810257    -0.000786528
     -6.9758e-05    -8.63767e-05
    -0.000618712     -0.00056138
    -0.000194633    -0.000139335
    -0.000728046    -0.000652245
    -0.000104983     -0.00010761
      -6.183e-06    -6.12208e-06
     -1.5411e-05    -1.77499e-05
     -1.6106e-05    -3.16673e-05
    -0.000140089    -0.000137349
    -0.000143975     -0.00012744
    -0.000986211    -0.000969542
    -0.000104721     -0.00012902
    -0.000904643    -0.000892294
    -0.000802707    -0.000688167
     -2.2589e-05    -3.07671e-05
     -1.0047e-05    -6.97524e-06
      -0.0012735     -0.00114626
     -3.0649e-05    -5.09962e-05
     -8.4298e-05    -9.93688e-05
    -0.000184944    -0.000163989
     -0.00136122     -0.00133693
     -4.5473e-05    -5.14216e-05
     -1.3398e-05    -1.90899e-05
     -0.00101713     -0.00102896
    -0.000375832    -0.000300451
    -0.000136279    -9.19377e-05
     -0.00140499     -0.00145524
     -4.3982e-05    -5.11642e-05
    -0.000919123    -0.000759797
     -0.00195821     -0.00177795
    -0.000115817    -0.000127424
    -0.000105087    -9.66072e-05
    -0.000744488    -0.000747535
      -5.988e-05    -6.03291e-05
     -0.00119713     -0.00125104
    -0.000273703    -0.000383356
     -0.00054004    -0.000609832
     -1.9339e-05    -2.16597e-05
     -0.00106476       -0.000816
    -0.000503373    -0.000444188
      -7.053e-06    -1.20697e-05
     -8.9245e-05    -6.13324e-05
     -4.2822e-05    -5.46389e-05
    -0.000467406    -0.000474872
      -9.692e-06    -8.39274e-06
     -6.4216e-05    -7.30218e-05
     -4.2847e-05    -3.59072e-05
    -0.000233678     -0.00023423
     -0.00238515     -0.00288015
    -0.000864088    -0.000672677
     -4.0372e-05    -4.82787e-05
     -4.2772e-05     -2.7361e-05
    -0.000169079    -0.000152472
      -5.172e-05    -6.34105e-05
     -0.00157011     -0.00141056
     -4.0251e-05    -2.54898e-05
    -0.000189617    -0.000217504
      -0.0020479      -0.0020978
     -5.3005e-05    -4.90869e-05
     -3.0617e-05    -5.41552e-05
    -0.000307288     -0.00031553
    -0.000372987    -0.000352936
     -3.6202e-05    -3.00589e-05
     -0.00111696     -0.00080411
     -0.00100968    -0.000988659
    -0.000109228     -0.00012968
    -0.000728732    -0.000552994
    -0.000178078    -0.000191895
    -0.000883301    -0.000922594
     -4.2056e-05     -5.1095e-05
     -0.00024559    -0.000243197
     -0.00135963     -0.00126361
     -0.00163884     -0.00164558
     -3.3091e-05    -3.59912e-05
     -1.6556e-05     -2.2005e-05
    -0.000382688    -0.000351294
    -0.000668062     -0.00073849
    -0.000202836    -0.000193548
    -0.000477858     -0.00055254
    -0.000809634    -0.000887699
    -0.000122599    -0.000126024
    -0.000815923    -0.000931118
     -0.00125018      -0.0011369
     -0.00072698     -0.00082812
     -0.00024363    -0.000257242
     -0.00210694     -0.00220295
     -5.7335e-05    -6.82128e-05
       -9.92e-07    -1.12558e-06
    -0.000134051    -0.000120208
      -1.225e-05    -1.73343e-05
    -0.000238842    -0.000243527
