QM Energy	FF Energy
    -0.000954318    -0.000872135
    -0.000794918    -0.000805102
    -0.000919972     -0.00102244
      0.00135099     0.000887982
    -0.000378343    -0.000184044
     -0.00230714     -0.00212856
    -0.000944011    -0.000961287
     -0.00155331     -0.00150667
     -0.00097399     -0.00100765
      0.00366146      0.00276328
     -0.00087348     -0.00105624
     -0.00083103    -0.000841373
    -0.000977587    -0.000934008
       0.0119802       0.0130879
     0.000406587    -0.000386174
     -0.00103377    -0.000523168
    -0.000616747    -0.000582024
     -0.00118819     -0.00152518
      0.00540801      0.00611438
     -0.00145488     -0.00150105
     0.000478137      0.00122081
      0.00883903      0.00975673
    -0.000312176    -0.000254752
     -0.00237128     -0.00232563
     0.000446271     0.000936423
     -0.00167841     -0.00180651
     -0.00108897     -0.00144318
      0.00130201      0.00107812
     -0.00168035     -0.00185632
    -0.000409124    -0.000774441
      0.00339363      0.00269671
     -0.00167375     -0.00173482
     0.000914971      0.00127205
     -0.00129211     -0.00131265
     -0.00181951     -0.00181742
      0.00571486      0.00650943
      -0.0015925     -0.00197952
    -0.000584369     -0.00060913
     -0.00175554     -0.00181393
     -0.00136968     -0.00137235
     -0.00202496     -0.00196773
     -0.00114922     -0.00113667
    -0.000191263    -0.000189711
     -0.00195543     -0.00189474
     -0.00191494     -0.00181402
     -0.00112591     -0.00116069
      0.00561641      0.00561321
    -0.000368333    -0.000341972
      0.00196803      0.00175902
     -0.00133442     -0.00137364
    -0.000661203     -0.00115594
     0.000539542     0.000185055
     0.000341948     -0.00047476
    -0.000872958     -0.00101944
      0.00238874      0.00243564
     -0.00022384    -0.000172163
     -0.00130393     -0.00124477
     -0.00230772     -0.00244254
     0.000375308     0.000562917
     -0.00131786     -0.00133005
     -0.00107549     -0.00102119
    -0.000896067    -0.000851508
       0.0073619      0.00824443
     0.000213135      -0.0004465
     -0.00147349     -0.00132306
     -0.00206627     -0.00193494
     -0.00080999    -0.000810675
      -0.0003763    -0.000378539
    -0.000650121    -0.000591353
     -0.00181547     -0.00188134
    -0.000954667    -0.000941683
    -0.000664474    -0.000684285
     -0.00079321    -0.000690417
     0.000224172     2.02637e-06
    -0.000488482    -0.000370512
      0.00218718      0.00263511
    -0.000731809    -0.000691778
      0.00138714      0.00195179
    -0.000840213     -0.00084488
    -0.000912637     -0.00100494
    -0.000529057     -0.00058197
    -0.000209249    -0.000141485
     -0.00194368     -0.00197822
      0.00126547     0.000597264
     -0.00243077     -0.00202182
         0.01026      0.00938648
      0.00240657      0.00380249
     -0.00014706    -0.000355434
      -0.0007182        -0.00112
    -0.000551717    -0.000577111
      0.00213455      0.00139784
     -0.00144072     -0.00142714
     -0.00200351     -0.00222804
      0.00220242      0.00171717
      0.00314601      0.00186673
    -0.000291353    -0.000695457
       0.0036166      0.00412154
    -0.000965641     -0.00104135
     -0.00112701    -0.000858899
      0.00408363      0.00522717
    -0.000543927    -0.000579207
    -0.000649881    -0.000609068
    -0.000556721     -0.00055019
      6.7646e-05     0.000443364
     -0.00123783     -0.00139151
      0.00309711      0.00380853
    -0.000498529    -0.000514388
    -0.000856521      -0.0012304
    -0.000619621    -0.000653385
     0.000425686     2.67383e-05
     -0.00146768     -0.00107879
    -0.000721108    -0.000722471
    -0.000707591    -0.000654963
     -0.00238908     -0.00194557
    -0.000316698    -0.000336008
     -0.00219123     -0.00211549
     -0.00138782     -0.00133543
    -0.000826759    -0.000811592
     -0.00118318     -0.00115474
      0.00214689       0.0028441
      -0.0012609     -0.00130981
      0.00740434      0.00784797
     0.000351883     0.000287939
     -0.00181369     -0.00175142
      0.00174064      0.00277216
     -0.00207832     -0.00192897
      -0.0017713     -0.00165403
    -0.000993246     -0.00116032
      0.00227775      0.00267961
     -0.00254243     -0.00257262
     -0.00120868     -0.00118643
    -0.000946879     -0.00129266
    -0.000409649     -0.00045855
    -0.000945249    -0.000838964
    -0.000719121    -0.000840854
     -0.00151297     -0.00150972
      -0.0005992    -0.000666378
    -0.000282418    -0.000668377
     -0.00112102     -0.00114346
      -0.0011925     -0.00115672
     -0.00123652     -0.00119506
      0.00112863     0.000653017
     0.000616343     0.000652787
     -0.00160843     -0.00150188
     -0.00207382     -0.00208839
    -0.000790319    -0.000540005
     -0.00113526     -0.00119644
     0.000938736     0.000862399
       0.0170378        0.014705
    -0.000822399    -0.000715505
      0.00461152      0.00385229
    -0.000404777    -0.000444144
    -0.000522971     -0.00123519
     -0.00136149      -0.0014377
      0.00526182       0.0053701
    -0.000366915    -0.000609213
    -0.000364587     -0.00116306
    -0.000895066    -0.000543592
     -0.00128357      -0.0012847
     -0.00111509     -0.00117186
    -0.000434781    -0.000315367
     -0.00133072     -0.00138374
    -0.000443449    -0.000612696
    -0.000857812     -0.00102469
      0.00177109      0.00146189
     -0.00105943     -0.00100028
     -0.00139295      -0.0016687
     -0.00140975     -0.00138832
    -0.000959338    -0.000882008
     -0.00205881     -0.00214549
     0.000132247         0.00055
     -0.00107186      -0.0010957
      0.00101568     0.000734655
     -0.00075185    -0.000792069
     -0.00047133    -0.000605756
    -0.000374788    -0.000447956
    -0.000502175    -0.000559888
    -0.000155375    -9.12176e-05
    -0.000812932    -0.000839339
     -0.00123842     -0.00124417
      -0.0018489     -0.00191341
     0.000512445      0.00046847
     -0.00141276     -0.00139421
    -0.000712214    -0.000584622
       0.0121631       0.0107313
    -0.000877019     -0.00112323
    -0.000582601    -0.000754515
    -0.000123945    -0.000271674
     -0.00113724     -0.00081237
     -0.00058351    -0.000623117
     -0.00197593     -0.00179772
      0.00977475       0.0087351
     -0.00163875     -0.00192235
     0.000791795     0.000624671
     -0.00137687     -0.00140105
     -0.00193989     -0.00178779
    -0.000676311    -0.000566667
    -0.000312419    -3.65395e-05
     0.000370523      0.00111562
    -0.000816888    -0.000652168
     0.000467289     0.000525696
    -0.000816789    -0.000747506
     -0.00136164     -0.00136771
     -0.00145032    -0.000949828
     -0.00114736     -0.00118927
    -0.000483903    -0.000472817
    -0.000475742    -0.000484763
      0.00890838       0.0100597
     -0.00115472     -0.00106937
    -0.000343616    -7.92683e-05
    -0.000975281    -0.000937245
    -0.000301798     -0.00038612
     -0.00113311     -0.00108067
    -0.000667972    -0.000731173
     -0.00107559     -0.00110683
      0.00172644      0.00114834
     -0.00215403     -0.00205992
     -0.00270047     -0.00262732
    -0.000726598    -0.000654074
    -0.000173257     0.000174192
     -0.00104138     -0.00130446
     -0.00072983    -0.000911905
     -0.00140351      -0.0014252
     -0.00068369    -0.000718536
    -0.000829576    -0.000850975
     -0.00124456     -0.00126323
     -0.00101623      -0.0010217
     -0.00109741     -0.00108455
     -0.00142977     -0.00140189
    -0.000990699    -0.000234204
     -0.00172478     -0.00178449
    -0.000670342    -0.000677673
    -0.000833499    -0.000845458
      0.00190322     0.000787751
     -0.00110557     -0.00143085
      -0.0013968     -0.00178353
    -0.000991141     -0.00104259
     0.000681667     0.000627318
    -0.000781303    -0.000723863
      0.00421658       0.0043201
      -0.0013866     -0.00144435
     -0.00102994     -0.00115232
      0.00192034       0.0023284
    -0.000506835    -0.000468133
    -0.000451301    -0.000538274
    -0.000779484    -0.000779305
      0.00765033      0.00680905
    -0.000910642    -0.000820522
     -0.00140663     -0.00134677
      0.00426651      0.00397144
       0.0011402     0.000411162
      0.00224033      0.00322016
      0.00387457      0.00391393
      0.00096442      0.00104358
    -0.000495815      -0.0004091
     -0.00184674     -0.00171471
       0.0020629      0.00153087
     -0.00131352     -0.00133451
      0.00292396      0.00371307
    -0.000985935    -0.000955772
     -0.00125825     -0.00122026
       0.0021888      0.00220119
    -0.000742737    -0.000585539
      0.00113106     0.000736961
     0.000635876     0.000282723
     -0.00189631     -0.00187723
     -0.00104161     -0.00106977
    -0.000493041    -0.000439377
    -0.000839239    -0.000827362
    -0.000454482    -0.000337134
     -0.00059275    -0.000635732
     -0.00103347     -0.00105452
     -0.00113743     -0.00111795
    -0.000499533     -0.00044791
     -4.9601e-05    -0.000163184
     -0.00184491     -0.00203271
    -0.000205008    -0.000182093
    -0.000527558    -0.000470018
     -0.00114638     -0.00129834
    -0.000687377    -0.000904374
      -0.0021278     -0.00182579
     -0.00107327     -0.00109166
    -0.000581446      -0.0005933
      0.00326413      0.00405513
    -0.000752172    -0.000752007
     -0.00265197     -0.00261225
     0.000501095     0.000100362
    -0.000652944    -0.000602681
    -0.000702718    -0.000577708
    -0.000830758     -0.00125161
    -0.000724423    -0.000830947
    -0.000282873    -0.000757402
     -0.00272076     -0.00271866
     -0.00022354    -0.000215607
    -0.000615365    -0.000636419
     -0.00100648    -0.000786927
     -0.00118681     -0.00131345
     0.000376719     0.000241698
    -0.000842091    -0.000850542
    -0.000661079    -0.000704103
     -0.00134026     -0.00138629
       0.0012929      0.00177216
     0.000681341      0.00116763
    -0.000251658    -0.000683778
     -0.00129942     -0.00144273
      0.00414301      0.00360177
      0.00200443      0.00219211
      0.00385175      0.00394761
     -0.00118053      -0.0014879
      0.00102465     0.000584899
     -0.00159779     -0.00161561
     -0.00165186     -0.00160221
     -0.00111165    -0.000843676
    -0.000659688    -0.000827221
     -0.00110889     -0.00108907
     -0.00131732     -0.00137406
    -0.000920483     -0.00100965
     -0.00171015     -0.00164236
    -0.000467936    -0.000691627
    -0.000854307    -0.000791842
     -0.00123286     -0.00136962
    -0.000522544    -0.000242447
    -0.000717392    -0.000681189
     -0.00125543     -0.00135305
     -0.00174422      -0.0017028
    -0.000729974    -0.000780434
      0.00547884      0.00602527
    -0.000353071    -0.000129894
    -0.000215313    -0.000150752
    -0.000901885     -0.00160183
      -0.0002055    -1.10764e-06
      0.00307109      0.00294993
    -0.000910491    -0.000927575
     -0.00211574     -0.00207294
    -0.000848619     -0.00084813
    -0.000239255     0.000843859
    -0.000537681    -0.000472608
       0.0117084        0.012315
     -0.00118818    -0.000936449
       -0.001511     -0.00150754
     -0.00144821     -0.00148061
     -0.00120421    -0.000998555
    -0.000896675    -0.000937513
      -0.0014238       -0.001067
     -0.00119097     -0.00123185
     -0.00172844     -0.00169691
     -0.00145848     -0.00149138
     -0.00102326    -0.000998324
      -0.0016888       -0.001816
      0.00097235       0.0010022
      0.00180721       0.0035386
    -0.000506615    -0.000512116
    -0.000482879    -0.000420974
    -0.000720209    -0.000782077
      0.00019832     0.000214521
      0.00201623      0.00201851
     0.000800214      0.00119374
     -0.00103194      -0.0012387
     -0.00138458     -0.00139587
     -0.00152881     -0.00157835
     -0.00101688     -0.00107077
    -0.000726561    -0.000731447
     -0.00178995     -0.00191732
     -0.00149782     -0.00141037
    -0.000848137    -0.000743469
    -0.000935153    -0.000984529
      0.00682447      0.00571076
     -0.00104037     -0.00125684
     -0.00177586     -0.00176732
     0.000531553      0.00102642
     0.000229758     0.000865493
      0.00802385      0.00702683
     0.000446082     0.000551017
     -0.00166478     -0.00164269
    -0.000488754    -0.000481158
    -0.000547873     -0.00123477
      0.00152928      0.00117294
    -0.000744664    -0.000655855
      0.00403353      0.00372267
    -0.000564676    -0.000546955
     -0.00165543     -0.00174194
    -0.000421695    -0.000456129
     -0.00140611      -0.0014856
     0.000645691      0.00096111
    -0.000121455    -0.000246239
     -0.00110835     -0.00114588
    -0.000425363    -0.000360257
    -0.000573883    -0.000787844
     -0.00142997     -0.00143705
      0.00181606      0.00225732
     -0.00115762     -0.00118085
    -0.000601266    -0.000504022
     -0.00157019    -0.000758599
     -0.00171027     -0.00195594
     -0.00165734     -0.00156626
     -0.00112967    -0.000999375
     0.000483821    -0.000275983
     0.000675508       0.0010354
     -0.00124127     -0.00122587
     0.000456641    -8.01433e-06
     -0.00129651     -0.00132008
      0.00585303      0.00571919
     -0.00161914     -0.00176304
       0.0214098       0.0160605
      -0.0012806     -0.00150409
    -0.000950464    -0.000935589
      0.00538126      0.00560664
    -0.000385159    -0.000575312
      0.00335997      0.00349522
    -0.000705695    -7.08803e-05
     -0.00108045     -0.00112182
     -0.00188078      -0.0017403
     -0.00255655     -0.00232722
      -0.0022252     -0.00187752
     0.000515266      0.00252695
     0.000724467     0.000530845
     0.000422572     0.000357551
     0.000462307     0.000829263
      0.00143835      0.00162597
    -0.000826012     -0.00100348
     -0.00090383    -0.000943388
    -0.000674636    -0.000684034
     -0.00136749     -0.00134985
    -0.000714868    -0.000825466
      0.00441891      0.00443697
       0.0039066       0.0046055
      0.00198359      0.00245591
    -0.000482442    -0.000450156
    -0.000386529    -0.000344714
     0.000854311     0.000916862
      0.00133731      0.00117554
      -0.0014161     -0.00110289
     -0.00124892     -0.00131727
    -0.000210196      0.00042865
     -0.00011746     2.55308e-05
     -0.00056977    -0.000553166
    -0.000585933    -0.000574747
     -0.00116314     -0.00107457
     -0.00145088     -0.00131975
    -0.000657932    -0.000697064
     -0.00204861     -0.00210196
     -0.00129736    -0.000711634
     -0.00197602     -0.00197455
       0.0107235       0.0110819
     -0.00142564     -0.00126096
      0.00137052      0.00132915
     -0.00101251    -0.000940608
      0.00148352       0.0011769
     -0.00244318     -0.00246365
     -0.00270167     -0.00263657
     0.000634652     0.000462491
     -0.00154982     -0.00124096
    -0.000541004     -0.00044602
     0.000550467     0.000650943
    -0.000871481    -0.000809253
     -0.00203516     -0.00181606
    -0.000835036      -0.0012859
    -0.000786451    -0.000772734
    -0.000506207    -0.000475418
    -0.000851067    -0.000866155
     -0.00110738     -0.00109829
      0.00432088      0.00374686
    -0.000574667    -0.000465734
     -0.00158575     -0.00163978
      0.00127463      0.00145317
      -0.0006012    -0.000612133
     0.000981313     0.000278848
      -0.0013366    -0.000984077
     -0.00188878     -0.00184396
     0.000817463     0.000436225
     0.000328283     0.000147632
      0.00127607      0.00228262
    -0.000213827    -0.000190318
     -0.00128944     -0.00134838
     -0.00036661    -0.000398401
    -0.000823969    -0.000483532
    -0.000676007    -0.000673047
    -0.000813444     -0.00070647
      0.00120107      0.00105045
      -0.0019254     -0.00231566
      0.00158182       0.0018279
      0.00327866      0.00311611
     -0.00194655     -0.00199704
       0.0133146       0.0113879
    -0.000941814     -0.00105782
      -0.0017494     -0.00127895
     -0.00139832    -0.000499596
    -0.000291798    -0.000722341
    -0.000748476    -0.000809973
      0.00335719      0.00371466
      -0.0024935     -0.00241878
    -0.000128875      1.6995e-05
       0.0037302      0.00399369
     0.000714953     0.000492964
    -0.000538797    -0.000524835
      0.00715752      0.00958486
     0.000515343     0.000192293
     -0.00106705     -0.00158579
      0.00317103      0.00306661
      0.00261014      0.00276058
     -0.00123839     -0.00123776
    -0.000236068    -0.000563372
     -0.00112412     -0.00118672
      0.00923236       0.0117118
     0.000218455    -0.000123891
      0.00380471      0.00255872
    -0.000309519    -0.000194277
     -0.00021907    -0.000386264
    -0.000926648    -0.000947945
     -0.00150739     -0.00148446
      0.00741518       0.0073196
     -0.00118593     -0.00130206
     -0.00194061     -0.00177919
    -0.000314445    -0.000807155
      0.00657605      0.00673447
     -0.00183505     -0.00189984
      0.00949989       0.0103239
     -0.00123189      -0.0012559
      0.00520487        0.003843
      0.00262352      0.00422337
    -0.000680129    -0.000676164
     -0.00169193     -0.00160609
     -0.00297588     -0.00332769
     -0.00144732     -0.00145704
      0.00160094       0.0018597
    -0.000505805    -0.000332106
     -0.00144091     -0.00168372
     -0.00103278      -0.0010618
    -0.000369461    -0.000420526
     -0.00215094     -0.00207312
     -0.00144636     -0.00144491
      -0.0012198     -0.00125814
     -0.00083114    -0.000818441
     0.000167095     0.000924533
    -0.000725389    -0.000719213
    -0.000454766     -0.00042417
      0.00205049      0.00198444
     -0.00161927      -0.0017322
     -0.00153746     -0.00147346
    -0.000843573    -0.000906565
    -0.000912221     -0.00126184
     0.000334399    -0.000324323
      -0.0007203    -0.000847085
    -0.000122532    -0.000407016
       0.0019648      0.00108062
      0.00250668      0.00126508
      0.00359646      0.00342902
      0.00120249      0.00110896
      -0.0011516     -0.00118813
     -0.00107329     -0.00107061
     -0.00238355     -0.00240234
      0.00237332      0.00213787
     -0.00177599     -0.00173011
      0.00345822      0.00252251
      0.00049254     0.000990861
       0.0002862    -0.000244346
    -0.000824565    -0.000878395
    -0.000883455    -0.000882309
    -0.000767133    -0.000690956
     -0.00159422     -0.00160999
     -0.00150234     -0.00160034
     -0.00136718     -0.00143837
    -0.000875175    -0.000878356
     0.000477499     8.60584e-06
    -0.000945543     -0.00096672
    -0.000733804    -0.000800374
      0.00532915      0.00696225
     -0.00161699     -0.00174698
       0.0103518       0.0101302
       0.0107457      0.00911307
     -0.00072515    -0.000723557
     0.000263982     0.000378591
      0.00574371      0.00599348
     -0.00292436     -0.00282673
    -0.000923682    -0.000851753
       0.0129038       0.0136884
       0.0114512       0.0114024
     -0.00112266     -0.00115267
      0.00479637      0.00405053
    -0.000148764    -0.000403165
      0.00067592     0.000712662
    -0.000860794     -0.00085734
       0.0110315        0.011242
     -0.00205069     -0.00190231
     0.000868783     0.000978803
     0.000820788      0.00110065
    -0.000809012    -0.000761704
      0.00111786      0.00138413
       0.0204521       0.0209616
     0.000683605    -0.000824941
      0.00117116     0.000624799
    -0.000338402    -0.000709656
    -0.000711921    -0.000714197
     -0.00158008     -0.00150837
     -0.00161156     -0.00152552
       0.0026145      0.00243778
     0.000737468     0.000578021
     -0.00252374      -0.0024504
     -0.00133523     -0.00140594
    -0.000555108    -0.000581996
    -0.000846862    -0.000855962
    -0.000171748    -0.000159062
      0.00590919      0.00668003
     -0.00145419     -0.00140648
     -0.00192757     -0.00195469
    -0.000550074    -0.000573287
    -0.000679151    -0.000677046
      0.00226526      0.00280591
      0.00123324      0.00135103
     -0.00125239     -0.00141128
     0.000408901     0.000825911
     -0.00119216     -0.00127347
     -0.00127111     -0.00151706
     -0.00141539     -0.00148092
    -0.000806149    -0.000840839
    -0.000695373    -0.000788128
      0.00111952      0.00100905
      0.00261716      0.00250473
     -0.00140821     -0.00149051
     -0.00138119      -0.0013553
     -0.00134692     -0.00135252
     -0.00146828     -0.00135222
     0.000373902      0.00209093
     -0.00278884     -0.00276889
     -0.00135798     -0.00135246
      -0.0014015     -0.00156725
    -0.000903058    -0.000961082
       0.0138305       0.0112941
    -0.000789278    -0.000838673
      0.00282698      0.00390989
     0.000647613     0.000747931
      0.00248903      0.00481359
     -0.00187215     -0.00175637
     -0.00123424     -0.00105324
     0.000314518      0.00100802
      0.00102916       0.0008199
     -0.00136749     -0.00137068
     -0.00106975     -0.00105442
      0.00711449      0.00690119
     0.000427452     0.000765107
     -0.00102964     -0.00104381
    -0.000460117    -0.000377228
      9.7594e-05    -1.76493e-05
     0.000259844    -0.000437794
      0.00791025      0.00575359
    -0.000691076    -0.000937831
    -0.000876576    -0.000861671
     -0.00113744     -0.00115018
    -0.000722605     -0.00070265
    -0.000555768    -0.000537787
      0.00889101      0.00667557
      0.00110507      0.00125779
    -0.000596188    -0.000435604
     -0.00138116     -0.00138383
     -0.00172682     -0.00183457
    -0.000887408    -0.000887553
     -0.00159011     -0.00165733
    -0.000177872    -0.000297275
    -0.000778528    -0.000644701
    -0.000599817    -0.000297033
      0.00867518      0.00771493
     -0.00114372     -0.00122099
      0.00756083      0.00678646
    -0.000182807     -0.00087723
    -0.000855528    -0.000996331
     -0.00120187     -0.00119097
     0.000639294     0.000818186
     -0.00113422     -0.00107521
     0.000130999     0.000378296
     -0.00107128     -0.00105242
      0.00172323      0.00158976
     -0.00206386     -0.00204573
    -0.000910043    -0.000896948
     -0.00159883     -0.00165439
     -0.00021797    -0.000244053
     -0.00163028      -0.0015751
      0.00102362     0.000746099
     -0.00116116     -0.00136071
    -0.000890055     -0.00103253
     0.000523209     0.000337339
    -0.000787039    -0.000767886
     -0.00190327     -0.00205021
     0.000172815     0.000183982
      -0.0012286     -0.00118329
      -0.0013044     -0.00150712
    -0.000735473    -0.000750337
     -0.00133438     -0.00125602
     -0.00085683     -0.00117426
      0.00287731      0.00295262
     -0.00114678     -0.00114796
    -0.000708303    -0.000739354
    -0.000445526    -0.000589904
     0.000922401     0.000364369
    -0.000513042    -0.000496965
     -0.00103036     -0.00125897
    -0.000864317    -0.000867555
     0.000454673    -7.31155e-05
    -0.000739336    -0.000655991
     0.000480562     0.000275372
    -0.000719045     -0.00113248
     -0.00164739       -0.001583
      0.00572116      0.00572084
      0.00129851      0.00134395
    -0.000499613    -0.000454036
     -0.00204208     -0.00194836
    -0.000865018      -0.0010351
     -0.00133594     -0.00138746
     -0.00123648     -0.00120179
     -0.00066863    -0.000658229
      -0.0014781     -0.00128253
      0.00383771      0.00605755
     0.000921477      0.00109878
    -0.000744597    -0.000890275
    -0.000963807     -0.00114741
     -6.4075e-05     2.06757e-05
    -0.000646215    -0.000633339
    -0.000291935    -0.000472589
     -0.00150053     -0.00137322
    -0.000820045    -0.000755462
     -0.00228807     -0.00232198
     -0.00109041     -0.00109743
      0.00478734      0.00477401
    -0.000845734    -0.000863494
     -0.00101605     -0.00104942
     -0.00118902     -0.00122464
     0.000436181     0.000493962
       0.0007629     0.000846709
    -0.000970826     -0.00102471
    -0.000886466    -0.000121174
    -0.000728767    -0.000724904
    -0.000821195    -0.000795497
     0.000256957    -7.99988e-05
      0.00133317     0.000689424
    -0.000971207    -0.000887827
    -0.000956861     -0.00100929
     -0.00138369     -0.00146105
    -0.000307535    -0.000357728
     -0.00239331     -0.00221093
     -0.00080956     -0.00077453
    -0.000773818    -0.000805589
    -0.000569474    -0.000493688
    -0.000938258    -0.000953941
    -0.000941564    -0.000925166
     -0.00158282     -0.00177317
      0.00322263      0.00295454
      0.00557128      0.00462172
    -0.000723752    -0.000732393
     -0.00126635     -0.00134184
      0.00336168      0.00524012
      0.00013393     0.000298686
    -0.000965131    -0.000960855
      0.00739317       0.0076421
    -0.000845208    -0.000708152
     -0.00139317      -0.0015827
     0.000436574     0.000475575
    -0.000753136    -0.000795732
      0.00241161      0.00196681
      0.00328003      0.00366267
     -0.00139877     -0.00128269
     -0.00134795     -0.00151333
      0.00261572      0.00190499
      0.00915466      0.00824664
     -0.00115703     -0.00120793
       0.0013432      0.00130963
      0.00544576      0.00616566
    -0.000929249    -0.000931086
     -0.00137109     -0.00121936
      0.00335496      0.00325017
      0.00696557      0.00692488
    -0.000818072     -0.00081671
      -0.0014704     -0.00152536
    -0.000649896    -0.000577246
     -0.00148065     -0.00158755
      0.00164215     0.000982392
    -0.000937528     -0.00100115
     -0.00102297     -0.00101411
       0.0204257       0.0197576
     -0.00015967    -6.89605e-05
      0.00303421      0.00286956
    -0.000716366    -0.000711701
     -0.00181653     -0.00152199
     -0.00203237     -0.00198943
      0.00185627      0.00255965
    -0.000736188     -0.00073519
    -0.000512525    -0.000515765
    -0.000507508    -0.000693691
     -0.00083679     -0.00092529
    -0.000447142    -0.000837418
     -0.00149206      -0.0015153
     -0.00102129    -0.000888525
     -0.00221357     -0.00253826
    -0.000826427    -0.000969069
       -0.001217     -0.00120879
     0.000640728      0.00064794
    -0.000850188    -0.000803741
    -0.000800784    -0.000826999
     -0.00133928     -0.00142041
    -0.000346795     0.000268113
    -0.000946035    -0.000959325
     -0.00116099     -0.00103296
     -0.00185736     -0.00192686
    -0.000459979    -0.000408455
    -0.000602188    -0.000832561
      0.00837718      0.00973081
    -0.000981484     -0.00112535
      0.00164136      0.00139134
      0.00123763      0.00130648
    -0.000623543    -0.000784786
      0.00238727      0.00309298
     -0.00307189     -0.00328281
    -0.000648443     -0.00061716
      -0.0009846     -0.00104966
      0.00132113      0.00182012
     -0.00205849     -0.00206145
      0.00812862       0.0082556
      0.00368415      0.00427837
       0.0121535      0.00863891
    -0.000779006     -0.00100429
       0.0167349       0.0151762
     -0.00208153     -0.00187782
      0.00183458     0.000530618
     -0.00093172     -0.00119141
     0.000244574     0.000151291
    -0.000782897    -0.000795344
    -0.000959625    -0.000986926
     -9.7176e-05     0.000136303
    -0.000954183    -0.000928171
     -0.00130689      -0.0013615
     -0.00131743     -0.00136162
    -0.000398202    -0.000365143
     -0.00103782     -0.00105914
      0.00125704      0.00130657
     -0.00221616     -0.00202155
     -0.00200667     -0.00232785
     -0.00207884     -0.00193667
      -0.0006145    -0.000645156
    -0.000793483    -0.000895705
     -0.00282642     -0.00271243
     -0.00193585     -0.00165236
     -0.00125694     -0.00125871
    -0.000987065     -0.00089231
       0.0074334      0.00566712
     -0.00072878    -0.000243566
    -0.000883835    -0.000937722
    -0.000482731    -0.000749405
    -0.000974031     -0.00104172
      0.00186106      0.00231351
      0.00508603      0.00505387
     -0.00134879     -0.00137129
    -0.000881311     -0.00106327
    -0.000656382     -0.00057868
      0.00241346      0.00147509
      0.00270034      0.00283974
    -0.000640565    -0.000701144
     -0.00087296    -0.000763956
     0.000940635      0.00121168
    -0.000966766    -0.000864233
     -0.00144807     -0.00142157
    -0.000810517    -0.000840286
     -0.00123781     -0.00122545
     -0.00022463      -0.0004858
      -0.0010306     -0.00102919
      0.00219082      0.00190646
    -0.000993759    -0.000960668
     -0.00176861     -0.00199984
     0.000315577     0.000392157
      -0.0014295      -0.0012665
     -0.00136006     -0.00136635
    -0.000542459    -0.000432375
     0.000479104     0.000752949
       0.0033696      0.00263697
     -0.00223829     -0.00207324
    -0.000992376     -0.00106212
     0.000215436     0.000122427
    -0.000602871    -0.000625199
     -0.00100454     -0.00102774
       0.0051588      0.00534855
      -0.0014231     -0.00142156
     0.000245784      0.00106929
      0.00138477      0.00135221
    -0.000599142    -0.000514438
    -0.000534343    -0.000457058
    -0.000993558     -0.00120988
     -0.00194067     -0.00197316
    -0.000494606    -0.000528333
     -0.00109635     -0.00102296
      0.00549639      0.00393968
    -0.000162121    -0.000106513
       0.0015964      0.00143764
    -0.000818463    -0.000779157
     -0.00122426     -0.00110111
     -9.1235e-05      6.7574e-06
     -0.00166518     -0.00162937
    -0.000829349    -0.000862849
    -0.000997646    -0.000973887
       0.0100586        0.011357
     0.000732261     0.000556688
      0.00657597      0.00632841
      0.00141096      0.00134408
     0.000342405     0.000441155
      0.00513435      0.00647693
     -0.00204561     -0.00181995
     -0.00113085     -0.00108734
      0.00937445       0.0102676
     -0.00140848     -0.00155942
      0.00394671      0.00308844
     -0.00104634    -0.000977298
    -0.000996511    -0.000997048
    -0.000847642    -0.000862131
      0.00267587      0.00232918
     -0.00382422     -0.00357386
     0.000773497    -1.47403e-05
     -0.00149229     -0.00151567
     -0.00104703     -0.00106301
       0.0131179       0.0141767
    -0.000937865    -0.000940111
       0.0011499      0.00143927
     -0.00154688     -0.00086204
      -0.0013663       -0.001454
     -0.00224341     -0.00256045
      0.00436743      0.00434151
     -0.00115633     -0.00122891
      -0.0010227    -0.000903963
    -0.000693914    -0.000291039
    -0.000310117    -0.000492647
     -0.00062244    -0.000548942
     -0.00127783     -0.00121948
     0.000126813     4.17422e-05
     -0.00122452     -0.00128518
    -0.000722465    -0.000760926
    -0.000324085    -0.000189564
     -0.00120398     -0.00115639
      5.2065e-05    -0.000317858
    -0.000840637     -0.00083027
     -0.00103258     -0.00104821
      0.00523963      0.00647154
     -0.00117408    -0.000995499
     -0.00146754     -0.00135692
     -0.00134193      -0.0014019
    -0.000688609    -0.000691567
     -0.00113227    -0.000917513
    -0.000847558    -0.000844974
    -0.000253904    -0.000144006
    -0.000787093    -0.000887194
      0.00082356     -1.9254e-05
    -0.000644671    -0.000547493
      0.00129643      0.00122987
     -0.00147697     -0.00133071
     -0.00133612     -0.00144654
      0.00145159      0.00208038
     -0.00159391     -0.00149627
    -0.000707573     9.70031e-05
    -0.000591831    -0.000547076
      0.00918361      0.00862502
    -0.000799732    -0.000755541
    -0.000671321    -0.000763533
     -0.00126567      -0.0012456
     -0.00115769     -0.00109589
     -0.00106539     -0.00109643
     -0.00127184     -0.00132223
    -0.000752975    -0.000759794
       0.0159121        0.015385
     -0.00180706     -0.00179752
    -0.000669626    -0.000664303
       0.0014369      0.00158495
     0.000701507    -4.17536e-05
      0.00264227      0.00263779
    -0.000539211    -0.000583013
    -0.000446035    -0.000123584
      0.00286118      0.00395108
     -0.00109981       -0.001184
     -0.00135673     -0.00141005
    -0.000761358    -0.000787473
    -0.000788988    -0.000677649
      0.00194152      0.00256985
     -0.00154644     -0.00170119
      0.00514855      0.00384786
     0.000658737     0.000692482
     -0.00104029     -0.00103559
    -0.000283409     4.04704e-05
      -0.0014725     -0.00152786
