QM Energy	FF Energy
    -0.000123282    -0.000113472
     -2.2605e-05    -2.25154e-05
     -2.3864e-05    -3.77736e-05
    -0.000216288    -0.000253263
    -0.000247762    -0.000213861
    -0.000164234    -0.000180092
     -2.6287e-05    -2.65784e-05
     -8.8386e-05     -9.2194e-05
     -2.8854e-05    -2.61242e-05
    -0.000745871    -0.000819087
     -8.0926e-05     -9.8344e-05
     -2.8387e-05    -2.86837e-05
    -0.000101095    -8.38164e-05
     -0.00149004     -0.00147531
     -0.00106756     -0.00122378
    -0.000269064    -0.000409067
     -5.0166e-05    -4.34458e-05
     -4.9701e-05     -0.00013137
     -0.00220453     -0.00171741
     -7.9122e-05    -8.53354e-05
     -0.00049361    -0.000470959
     -0.00115363     -0.00111293
    -0.000105244    -8.06655e-05
    -0.000194275    -0.000163621
    -0.000948603    -0.000908246
     -7.7801e-05     -0.00011353
     -9.6864e-05    -0.000154565
    -0.000532605    -0.000513341
    -0.000103591    -0.000133975
     -9.0357e-05    -0.000135792
    -0.000562621    -0.000546859
    -0.000232928    -0.000212429
    -0.000342249    -0.000308425
    -0.000134853    -0.000122326
    -0.000210746    -0.000192959
    -0.000659255    -0.000738852
    -0.000489666    -0.000467203
     -9.0551e-05    -7.96553e-05
    -0.000104006    -8.87801e-05
     -4.3063e-05     -3.9834e-05
    -0.000119176     -0.00010601
     -2.8262e-05     -3.7831e-05
    -0.000170592    -0.000150262
    -0.000124314    -0.000105894
    -0.000303859    -0.000236206
     -4.0607e-05    -4.69517e-05
     -0.00100996     -0.00108242
    -0.000139516     -0.00011206
     -0.00136414     -0.00114709
     -3.2691e-05     -4.2445e-05
     -6.0143e-05    -0.000140643
    -0.000421878    -0.000441098
    -0.000234762    -0.000392081
    -0.000498523    -0.000384434
    -0.000563354      -0.0005819
     -6.1779e-05      -5.636e-05
    -0.000532216    -0.000499301
    -0.000226737    -0.000229945
    -0.000676726    -0.000641711
     -5.4436e-05    -7.42947e-05
    -0.000109138    -7.78264e-05
     -9.7835e-05    -8.66955e-05
     -0.00114413     -0.00117264
    -0.000143783    -0.000316106
    -0.000244378    -0.000198917
    -0.000139241     -9.7666e-05
     -7.3155e-05    -5.76482e-05
     -2.1874e-05    -1.84982e-05
     -8.8413e-05    -7.37071e-05
    -0.000119128    -0.000130568
     -3.7911e-05     -3.7541e-05
      -1.964e-05    -2.02266e-05
     -9.5285e-05    -8.07714e-05
    -0.000170244    -0.000206128
    -0.000142527    -0.000129527
    -0.000626318    -0.000650122
     -7.6555e-05    -6.41865e-05
    -0.000517029    -0.000467836
     -9.9361e-05    -8.39252e-05
     -4.2903e-05    -8.09801e-05
     -5.1375e-05    -0.000149513
    -0.000154115     -0.00011264
    -0.000149085    -0.000134465
    -0.000756572    -0.000754841
    -0.000575895    -0.000573806
     -0.00148903      -0.0016407
    -0.000973359    -0.000872314
    -0.000163839    -0.000164727
     -8.6215e-05    -0.000156901
    -0.000192979    -0.000219831
    -0.000322434    -0.000469686
    -0.000209605    -0.000167381
    -0.000334093    -0.000321237
    -0.000284405    -0.000393308
    -0.000294243    -0.000518462
    -0.000192665    -0.000197228
    -0.000828072    -0.000891622
     -0.00060468    -0.000538477
    -0.000364114    -0.000298668
     -0.00121538    -0.000853458
     -6.4455e-05    -5.34438e-05
     -2.6411e-05    -2.70619e-05
     -7.6107e-05    -7.51682e-05
    -0.000390624    -0.000316339
     -7.4969e-05    -8.90915e-05
    -0.000765045    -0.000567935
     -6.6901e-05    -5.06574e-05
    -0.000109422    -0.000170993
    -0.000247085    -0.000184066
    -0.000319821    -0.000298646
    -0.000401362    -0.000364619
     -2.8644e-05     -2.7936e-05
     -6.6491e-05    -7.52742e-05
    -0.000580802    -0.000546749
     -6.2029e-05    -4.64688e-05
    -0.000210437    -0.000192068
     -6.4841e-05    -4.94773e-05
    -0.000157433    -0.000192735
     -7.4363e-05    -6.16755e-05
    -0.000824331     -0.00069667
    -0.000138786    -0.000118344
     -0.00116508     -0.00118222
    -0.000542914    -0.000558728
    -0.000461023    -0.000322681
    -0.000599937    -0.000496938
    -0.000276395    -0.000276291
    -0.000220225    -0.000164521
    -0.000118047    -0.000135704
    -0.000634457    -0.000655924
    -0.000557227    -0.000500858
    -0.000124407    -0.000105993
     -7.1967e-05    -0.000128576
     -3.0168e-05    -2.94266e-05
    -0.000138863     -0.00012975
    -0.000821532    -0.000886282
    -0.000269907    -0.000289687
    -0.000191952    -0.000149144
    -0.000312957    -0.000462789
     -3.7533e-05    -4.41662e-05
     -4.7909e-05    -3.98661e-05
     -4.6496e-05    -5.14935e-05
    -0.000328427    -0.000409313
    -0.000483762    -0.000458457
    -0.000157938    -0.000147787
    -0.000211627    -0.000212187
    -0.000598229    -0.000657139
     -4.5779e-05     -4.8908e-05
      -0.0005789    -0.000587631
      -0.0020263     -0.00175283
    -0.000125216    -0.000105576
    -0.000951395     -0.00118375
    -0.000131142    -9.61014e-05
    -0.000123215    -0.000294598
    -0.000184448    -0.000153186
     -0.00100144     -0.00110254
    -0.000108695    -0.000133764
     -0.00054105    -0.000628107
    -0.000704204    -0.000661294
    -0.000112312    -9.49763e-05
     -6.5248e-05    -7.91878e-05
    -0.000126446    -0.000115904
    -0.000279877    -0.000252741
    -0.000121511    -0.000173642
     -8.5617e-05     -0.00010405
    -0.000466505    -0.000408621
     -6.8904e-05    -5.43413e-05
    -0.000326096     -0.00036066
     -8.7711e-05    -6.08252e-05
    -0.000106174    -9.04648e-05
    -0.000299307    -0.000235086
    -0.000412153    -0.000336055
     -5.1341e-05    -6.58192e-05
    -0.000466282    -0.000574089
    -0.000116781     -9.4386e-05
    -0.000365144    -0.000366269
    -0.000364175     -0.00035204
     -8.1969e-05    -6.99833e-05
     -6.6375e-05    -4.64781e-05
      -6.032e-05    -4.92808e-05
     -5.8275e-05    -7.44307e-05
     -7.9832e-05    -9.75739e-05
    -0.000290148    -0.000300635
     -9.2904e-05    -7.69358e-05
       -0.000132    -0.000103218
     -0.00109866     -0.00132889
     -0.00024933    -0.000216354
    -0.000103194    -0.000130311
    -0.000154096     -0.00012398
    -0.000512751    -0.000443499
     -5.6902e-05     -4.7078e-05
     -0.00129061    -0.000985041
     -0.00152741     -0.00146978
     -0.00108664    -0.000858764
    -0.000338818    -0.000280135
    -0.000102661    -8.52788e-05
    -0.000171226    -9.87031e-05
    -0.000232843    -0.000202822
    -0.000336082    -0.000315259
    -0.000436538    -0.000415207
    -0.000254771    -0.000367995
    -0.000337064    -0.000385059
     -6.5578e-05    -6.44059e-05
     -0.00010499    -9.76745e-05
    -0.000658256     -0.00060149
    -0.000108813    -9.54488e-05
     -3.3654e-05    -2.89772e-05
    -0.000171002    -0.000139535
     -0.00180265     -0.00154668
     -8.9957e-05    -8.56278e-05
    -0.000487442    -0.000520046
     -5.9463e-05    -4.77639e-05
    -0.000218409    -0.000178836
     -5.9889e-05    -6.27331e-05
    -0.000203019     -0.00016662
     -2.7305e-05    -3.18002e-05
    -0.000192007    -0.000267386
    -0.000123469    -0.000123518
    -0.000427783    -0.000283253
     -8.5303e-05    -7.57938e-05
    -0.000317367    -0.000269629
     -3.2882e-05    -6.74069e-05
    -0.000101642    -9.26518e-05
     -6.4852e-05    -8.48504e-05
     -8.1408e-05    -6.45602e-05
    -0.000102567    -8.25439e-05
     -6.3038e-05    -5.90796e-05
     -2.0452e-05    -2.53844e-05
     -6.9688e-05    -5.88495e-05
    -0.000106291    -8.93343e-05
    -0.000572894    -0.000505566
    -0.000232182    -0.000299211
     -3.8121e-05    -3.72616e-05
     -3.0745e-05    -3.35314e-05
    -0.000119272    -0.000446107
     -6.2148e-05    -0.000120346
    -0.000179062    -0.000306942
    -0.000443705    -0.000458844
    -0.000320031    -0.000267447
    -0.000113977    -9.04502e-05
     -0.00065436    -0.000479913
    -0.000493298      -0.0005012
     -6.2591e-05    -7.03207e-05
     -0.00113085     -0.00103488
    -0.000405933    -0.000428729
    -0.000449511     -0.00046996
    -0.000356494    -0.000347072
    -0.000981571      -0.0009209
    -0.000181689    -0.000154302
      -7.501e-05     -4.7178e-05
    -0.000857832    -0.000921255
    -0.000339023     -0.00060411
    -0.000821532    -0.000784092
     -0.00155391     -0.00127804
    -0.000329702    -0.000239181
     -6.9348e-05    -5.06855e-05
    -0.000166788     -0.00011175
    -0.000767899    -0.000805011
     -3.5801e-05    -5.10816e-05
     -0.00107827     -0.00103562
    -0.000140762    -9.46776e-05
    -0.000224057    -0.000235414
    -0.000653557    -0.000512745
    -0.000193979    -0.000156001
    -0.000319566    -0.000432347
    -0.000902135     -0.00097185
    -0.000125719    -0.000106628
    -0.000200457    -0.000182969
     -7.5205e-05    -5.68055e-05
    -0.000137966    -0.000150558
    -0.000266303    -0.000209668
    -0.000917289     -0.00101886
     -4.2673e-05    -4.83037e-05
     -6.7642e-05    -5.38805e-05
     -4.0279e-05    -3.70503e-05
    -0.000565125    -0.000592383
     -0.00023297    -0.000196127
     -0.00020954     -0.00022162
     -4.3151e-05    -3.82071e-05
     -6.4288e-05    -8.93278e-05
    -0.000258441     -0.00022873
    -0.000239564    -0.000330478
     -7.6021e-05    -9.48564e-05
    -0.000119216    -8.90288e-05
    -0.000974251    -0.000891366
     -2.7265e-05    -2.54418e-05
    -0.000266552    -0.000178957
    -0.000618692    -0.000699963
    -0.000121637    -0.000102466
    -0.000170104    -0.000136458
     -0.00105699     -0.00114142
      -8.354e-05    -8.20741e-05
    -0.000235877    -0.000322291
    -0.000256078    -0.000168843
    -0.000207529    -0.000171208
     -3.4286e-05    -3.99378e-05
     -0.00039698    -0.000316712
     -3.4271e-05    -5.18432e-05
    -0.000241709     -0.00020774
     -0.00021341    -0.000216289
     -3.8156e-05    -3.34432e-05
    -0.000159496    -0.000145608
    -0.000688368     -0.00059413
     -0.00081714    -0.000813541
    -0.000353889     -0.00036878
    -0.000183889    -0.000157478
    -0.000968029    -0.000940489
    -0.000862403    -0.000903223
    -0.000582795    -0.000644263
    -0.000117951    -0.000194885
    -0.000313776    -0.000457311
    -0.000114345    -0.000127671
     -6.9163e-05    -6.41701e-05
    -0.000486826    -0.000509132
     -8.2909e-05      -0.0001191
     -4.5991e-05    -4.65051e-05
     -4.7023e-05    -5.43235e-05
     -2.9509e-05    -4.17035e-05
    -0.000101098    -8.89108e-05
    -0.000148431    -0.000139428
     -5.5177e-05    -5.51365e-05
     -4.6259e-05    -9.16433e-05
     -0.00038003    -0.000339369
     -4.7285e-05    -4.89631e-05
     -3.7975e-05    -8.17162e-05
     -9.1826e-05    -7.41493e-05
     -4.8974e-05    -4.45995e-05
    -0.000994868    -0.000997412
    -0.000380739    -0.000331593
    -0.000145531    -0.000119505
    -0.000723309    -0.000867008
    -0.000485139    -0.000445074
     -0.00118873      -0.0011357
     -2.8186e-05    -3.56986e-05
    -0.000210957    -0.000198094
     -1.6083e-05    -2.42638e-05
     -0.00104078     -0.00100284
     -3.5284e-05    -3.24176e-05
     -0.00145166     -0.00142194
     -0.00130462    -0.000995027
    -0.000102386    -9.16132e-05
    -0.000224798    -0.000195463
    -0.000532653    -0.000490477
     -3.1878e-05    -3.29963e-05
    -0.000179291    -0.000385509
    -0.000169651    -0.000145459
    -0.000260757    -0.000247833
     -4.1654e-05    -6.81648e-05
     -6.4064e-05    -5.42222e-05
    -0.000306888    -0.000282544
    -0.000340583     -0.00026286
    -0.000958375    -0.000964414
    -0.000104248    -8.55894e-05
    -0.000141768    -0.000120154
     -2.5291e-05    -3.32512e-05
    -0.000186602    -0.000137498
    -0.000522156    -0.000615837
    -0.000403248    -0.000360651
    -0.000220822    -0.000341293
    -0.000124409    -0.000110105
     -6.6138e-05    -0.000119398
     -2.8132e-05      -3.408e-05
     -2.9237e-05    -3.04033e-05
    -0.000330032    -0.000304615
    -0.000141024    -0.000146265
    -0.000262317    -0.000214286
     -2.6835e-05    -3.03116e-05
     -0.00197854     -0.00216993
    -0.000128088    -0.000181895
     -5.9908e-05    -0.000111912
    -0.000550421    -0.000450957
    -0.000353865    -0.000332157
    -0.000751764    -0.000834894
    -0.000309317    -0.000281326
    -0.000251835    -0.000235342
     -6.6103e-05    -5.36315e-05
     -0.00022514    -0.000355068
     -0.00030965    -0.000330481
     -9.7972e-05    -9.20168e-05
    -0.000310318    -0.000528449
     -1.1777e-05    -1.37954e-05
    -0.000179778    -0.000158102
     -9.5643e-05    -0.000100939
     -7.2254e-05    -8.12299e-05
     -0.00048757    -0.000381526
    -0.000206989    -0.000158302
    -0.000217439    -0.000178334
    -0.000234651    -0.000218128
     -9.3843e-05    -9.39223e-05
    -0.000164919    -0.000143367
    -0.000937181    -0.000901182
      -2.584e-05    -3.86522e-05
    -0.000345791    -0.000290673
    -0.000827909    -0.000816268
      -9.346e-05    -0.000165166
    -0.000111001    -9.73637e-05
    -0.000253038    -0.000216739
    -0.000229415    -0.000378138
     -0.00135087     -0.00134797
     -7.3262e-05    -5.78183e-05
    -0.000417962    -0.000469293
     -4.4092e-05    -4.55217e-05
      -0.0010728     -0.00102903
    -0.000233951    -0.000251063
     -0.00234352     -0.00209189
    -0.000157516    -0.000176728
     -8.9205e-05    -6.88144e-05
    -0.000886806    -0.000703152
      -9.025e-05    -0.000109985
    -0.000704153    -0.000565019
    -0.000500622    -0.000466288
      -6.086e-05    -5.12783e-05
    -0.000145741    -0.000136157
    -0.000406314    -0.000359533
    -0.000223081    -0.000295869
    -0.000605234    -0.000683985
    -0.000166343    -0.000254384
    -0.000292326    -0.000268442
    -0.000303807    -0.000300162
    -0.000461067    -0.000460542
      -8.894e-05    -0.000110523
     -1.1361e-05    -2.08679e-05
     -3.0934e-05    -3.02721e-05
    -0.000151709    -0.000133572
    -0.000137451    -0.000126297
    -0.000576407    -0.000457236
     -0.00118506     -0.00124494
    -0.000728178    -0.000629814
     -7.0646e-05    -5.53608e-05
    -0.000203143    -0.000165552
    -0.000642042     -0.00067335
     -0.00121425     -0.00109443
    -0.000534019    -0.000429525
     -4.5747e-05    -5.31471e-05
    -0.000500604    -0.000638095
    -0.000246664    -0.000312327
    -0.000147426    -0.000125887
     -2.9426e-05    -2.70375e-05
    -0.000103706    -6.18935e-05
    -0.000136592    -9.17987e-05
     -3.0568e-05    -2.94349e-05
    -0.000350154    -0.000322208
    -0.000885654      -0.0008109
    -0.000199745     -0.00017576
    -0.000805734     -0.00101886
    -0.000239603    -0.000195721
    -0.000873335    -0.000840569
    -0.000108502    -9.40087e-05
    -0.000214075    -0.000455655
    -0.000234136    -0.000210777
    -0.000281502    -0.000176402
    -0.000483472    -0.000502556
    -0.000733486    -0.000709617
     -7.2215e-05    -6.08748e-05
    -0.000457541    -0.000551174
     -6.0219e-05    -5.84922e-05
    -0.000188047    -0.000199759
    -0.000550233     -0.00051915
     -2.8435e-05    -3.19529e-05
     -4.0549e-05    -3.50294e-05
     -2.2756e-05    -2.84976e-05
     -6.1991e-05    -5.59224e-05
    -0.000842264    -0.000707921
     -7.4824e-05    -6.72295e-05
    -0.000197875    -0.000180914
    -0.000424599    -0.000331916
     -1.3586e-05    -1.42852e-05
     -0.00102024      -0.0011492
    -0.000768468    -0.000576159
     -0.00017457    -0.000156769
    -0.000566704     -0.00054898
      -0.0013115     -0.00134306
    -0.000630403     -0.00063003
    -0.000234694    -0.000283635
      -3.702e-05    -8.73477e-05
      -7.548e-05    -6.39549e-05
    -0.000204676    -0.000224517
     -4.9005e-05    -3.99193e-05
    -0.000107815    -9.19994e-05
    -0.000566297    -0.000616214
    -0.000406169    -0.000466599
    -0.000572778    -0.000534428
     -0.00130934     -0.00135148
    -0.000376194    -0.000327281
     -0.00155798     -0.00166606
    -0.000134866    -0.000134486
    -0.000455752    -0.000442479
       -0.001117    -0.000890914
      -0.0003181    -0.000339321
    -0.000214844    -0.000175221
    -0.000712625    -0.000540258
    -0.000230572     -0.00017302
    -0.000138298    -0.000126023
    -0.000602094    -0.000722465
    -0.000257273    -0.000209329
     -8.9638e-05     -6.4006e-05
     -0.00095932    -0.000950339
    -0.000467565    -0.000439635
    -0.000772269    -0.000758271
    -0.000653331    -0.000502711
     -0.00053695    -0.000495331
     -0.00013694    -0.000129554
    -0.000428141    -0.000404836
     -3.7976e-05    -5.22174e-05
     -0.00145635     -0.00124735
     -0.00142846     -0.00114404
    -0.000876174    -0.000976759
    -0.000472126    -0.000430797
    -0.000389619    -0.000364339
     -2.0963e-05    -2.39544e-05
     -9.1126e-05    -7.97812e-05
     -0.00116094     -0.00112435
      -0.0002252    -0.000204473
    -0.000193203    -0.000125574
    -0.000151217    -0.000276977
    -0.000986961       -0.001015
    -0.000218571    -0.000187824
     -0.00134253     -0.00152957
    -0.000108661    -0.000100836
    -0.000661102    -0.000684228
     -0.00116208     -0.00114437
     -3.7063e-05    -3.75558e-05
     -8.0851e-05    -0.000112498
    -0.000909102    -0.000688789
     -7.7747e-05    -7.05774e-05
    -0.000740578    -0.000589878
     -0.00109684    -0.000876105
    -0.000397853    -0.000331694
    -0.000100124    -0.000150176
    -0.000117401     -0.00012444
    -0.000116882    -0.000129092
    -0.000146998    -0.000133129
    -0.000155186    -0.000138575
     -3.1317e-05    -3.39529e-05
    -0.000602625      -0.0005096
     -3.0699e-05    -3.28423e-05
     -6.4942e-05    -5.09084e-05
    -0.000364567    -0.000452646
    -0.000203346    -0.000187211
     -6.1772e-05    -7.67436e-05
     -2.3862e-05    -3.65693e-05
     -6.6658e-05    -0.000168837
    -0.000129931    -0.000211165
     -7.2352e-05    -6.46909e-05
    -0.000133132    -0.000176101
    -0.000231585    -0.000447292
     -0.00177802     -0.00184311
    -0.000954827     -0.00100817
    -0.000395571    -0.000320308
    -0.000112011    -9.56986e-05
     -4.6218e-05    -4.40505e-05
    -0.000191674    -0.000144849
    -0.000472966    -0.000442214
     -0.00021493    -0.000188379
    -0.000245754    -0.000366467
    -0.000659179    -0.000563875
    -0.000399071    -0.000399149
     -5.7067e-05    -7.80321e-05
     -6.5009e-05    -6.28737e-05
     -9.6847e-05     -8.1712e-05
    -0.000180466    -0.000157745
     -5.8871e-05    -7.72651e-05
    -0.000171427    -0.000156685
     -2.9566e-05    -3.06256e-05
    -0.000110852    -0.000243638
     -2.2798e-05    -2.65406e-05
    -0.000862248    -0.000775872
     -0.00142557     -0.00111452
    -0.000466572    -0.000411203
     -0.00107713     -0.00131582
     -0.00205875     -0.00159618
     -4.0846e-05    -3.66278e-05
    -0.000399663    -0.000367242
    -0.000829064    -0.000571433
    -0.000397264    -0.000253227
      -7.319e-05    -7.52338e-05
     -0.00215115     -0.00212065
     -0.00130761     -0.00147536
     -8.8788e-05    -8.32525e-05
     -0.00046275    -0.000486354
    -0.000203116    -0.000339262
    -0.000261251    -0.000211214
     -3.7036e-05    -4.47882e-05
     -0.00168236     -0.00179108
    -0.000229248    -0.000199127
    -0.000313128     -0.00027914
    -0.000410808    -0.000302876
    -0.000160591    -0.000141009
     -0.00127879     -0.00119186
     -0.00258974     -0.00216377
     -0.00242707     -0.00204515
     -0.00083611    -0.000831292
    -0.000200004    -0.000345047
     -2.6011e-05    -2.71717e-05
    -0.000548615    -0.000526778
    -0.000256398    -0.000225102
     -0.00160094     -0.00128716
    -0.000423455    -0.000465234
    -0.000338651    -0.000210187
     -4.0215e-05    -6.56337e-05
     -3.1319e-05    -2.50978e-05
     -1.8821e-05    -2.19821e-05
    -0.000662442    -0.000624473
     -0.00128168    -0.000973908
     -5.8809e-05    -7.08779e-05
    -0.000889144    -0.000687844
    -0.000134642    -0.000110304
     -5.2585e-05    -4.24109e-05
    -0.000678194    -0.000684904
    -0.000571034    -0.000590845
    -0.000102297     -0.00012752
     -0.00034861    -0.000289464
    -0.000396421    -0.000290037
    -0.000101401    -0.000126363
      -8.912e-05     -0.00015884
     -2.9348e-05    -4.56786e-05
    -0.000125432    -0.000199241
    -0.000723502    -0.000849797
    -0.000427637    -0.000516123
    -0.000743371     -0.00060651
    -0.000100292    -9.25231e-05
    -0.000104248    -8.58751e-05
    -0.000108545    -0.000168995
     -0.00118959     -0.00100659
    -0.000271862    -0.000259941
    -0.000104001    -9.24682e-05
     -7.6369e-05    -0.000116081
     -2.5837e-05    -4.85149e-05
     -0.00133768     -0.00138656
    -0.000112868    -8.94611e-05
    -0.000557939    -0.000561472
    -0.000304161    -0.000221814
    -0.000856135     -0.00087972
     -9.1697e-05    -9.13851e-05
    -0.000388357     -0.00035112
    -0.000820556    -0.000699277
    -0.000356037    -0.000435971
    -0.000104646    -9.65722e-05
     -5.2232e-05    -4.93507e-05
     -0.00100177    -0.000806516
    -0.000547468    -0.000552473
     -1.8298e-05    -2.78748e-05
    -0.000177104    -0.000160325
    -0.000224798    -0.000160962
    -0.000577293    -0.000662694
     -0.00185687     -0.00180867
    -0.000398234    -0.000330718
     -6.2431e-05    -4.88489e-05
     -5.8199e-05    -7.60469e-05
     -9.3194e-05    -8.31106e-05
    -0.000362569    -0.000344445
      -0.0015183      -0.0015855
    -0.000673364    -0.000678109
    -0.000356082     -0.00032015
    -0.000143563    -0.000160623
    -0.000181113    -0.000217396
      -3.651e-05    -4.13813e-05
    -0.000279679     -0.00025129
    -0.000529674    -0.000583657
    -0.000163282    -0.000144997
    -0.000708061     -0.00079416
     -0.00091385     -0.00117571
    -0.000185872    -0.000187276
      -0.0011918     -0.00107907
    -0.000157431    -0.000303872
     -2.7444e-05    -4.33476e-05
     -6.4333e-05    -5.04283e-05
    -0.000445538    -0.000401726
     -8.1499e-05    -6.51016e-05
    -0.000289671    -0.000226597
    -0.000130218    -0.000109398
    -0.000605665    -0.000572547
    -0.000209422    -0.000208902
     -1.3409e-05    -2.03459e-05
    -0.000131662    -0.000146815
    -0.000153138    -0.000116151
    -0.000341287    -0.000312737
     -0.00039807    -0.000452573
     -6.7343e-05    -0.000115194
     -2.7197e-05    -6.00393e-05
    -0.000314329    -0.000411314
     -0.00012149    -0.000102575
    -0.000256697    -0.000229796
    -0.000281986    -0.000254487
    -0.000121025    -9.48083e-05
     -7.9548e-05    -0.000118887
      -1.457e-05    -1.54035e-05
    -0.000604616    -0.000618893
    -0.000378467    -0.000369171
     -0.00061063    -0.000534104
     -0.00013473    -0.000116366
     -1.6742e-05    -2.21931e-05
    -0.000153724    -0.000166459
     -0.00115502     -0.00127741
     -7.5139e-05    -6.15492e-05
    -0.000282505    -0.000288739
     -7.3915e-05    -7.61947e-05
    -0.000399804    -0.000553445
    -0.000139882    -0.000125056
    -0.000296975     -0.00026703
    -0.000153783    -0.000299502
     -6.5001e-05    -5.28086e-05
     -0.00125723     -0.00106824
    -0.000103062    -0.000386293
    -0.000184759    -0.000164502
    -0.000167472    -0.000131454
       -7.44e-05    -0.000101858
    -0.000122141    -0.000109411
     -8.7696e-05    -8.15379e-05
     -3.2558e-05    -3.37914e-05
    -0.000620573    -0.000617661
    -0.000888683    -0.000944568
    -0.000681682    -0.000692259
    -0.000115459    -0.000153813
     -3.3576e-05    -6.61229e-05
    -0.000176496    -0.000152602
     -2.3171e-05    -1.81739e-05
    -0.000109406    -0.000132615
     -0.00021632    -0.000168513
    -0.000154141       -0.000149
    -0.000339791    -0.000281679
    -0.000134456     -0.00011072
    -0.000376914    -0.000593627
     -2.3211e-05    -2.82804e-05
     -3.8177e-05    -4.24648e-05
      -3.643e-05     -3.5636e-05
    -0.000476944    -0.000378917
    -0.000572297    -0.000659934
     -4.0312e-05    -5.82866e-05
    -0.000642161    -0.000642355
     -5.1523e-05    -5.68806e-05
     -4.7153e-05    -3.85562e-05
    -0.000206832    -0.000259486
    -0.000688527    -0.000681485
    -0.000233219    -0.000213178
     -2.6421e-05    -4.20772e-05
    -0.000211972    -0.000201644
      -6.262e-05    -5.04338e-05
    -0.000443015    -0.000379445
     -4.6435e-05    -4.55899e-05
     -3.4108e-05    -3.51544e-05
     -8.0974e-05    -7.33351e-05
     -2.6427e-05    -2.43247e-05
     -0.00013017    -0.000100649
     -5.4195e-05    -0.000138092
     -0.00115311     -0.00126604
     -0.00183356     -0.00163683
     -1.9748e-05    -2.08976e-05
     -8.1961e-05    -0.000100519
     -0.00126468     -0.00119068
    -0.000372769    -0.000335317
     -2.2514e-05    -2.35854e-05
    -0.000928032    -0.000853169
    -0.000264341    -0.000251807
     -6.2629e-05    -9.83607e-05
    -0.000866889    -0.000787429
     -1.2247e-05    -1.75316e-05
    -0.000411684    -0.000481245
     -0.00101231     -0.00107483
     -9.9677e-05    -6.01384e-05
    -0.000111206    -0.000140153
    -0.000590418    -0.000684313
     -0.00112665     -0.00104843
      -4.986e-05    -5.10288e-05
    -0.000513346    -0.000417166
     -0.00103614     -0.00109862
     -2.9437e-05    -2.79721e-05
    -0.000135571    -0.000111758
    -0.000740245    -0.000637882
      -0.0010194     -0.00106189
     -2.6838e-05     -2.9233e-05
    -0.000198323      -0.0001914
    -0.000171486    -0.000146895
    -0.000172188    -0.000164967
    -0.000578562    -0.000592033
    -0.000192827    -0.000162416
    -0.000130894    -0.000100756
      -0.0024289     -0.00205126
     -9.0375e-05    -7.62867e-05
    -0.000755292    -0.000797914
     -1.6516e-05    -1.92097e-05
    -0.000420531    -0.000378758
     -0.00018918    -0.000135023
    -0.000787336    -0.000640014
     -2.7321e-05    -3.00511e-05
      -3.094e-05    -2.45575e-05
     -6.4341e-05    -0.000170838
    -0.000109159    -0.000102197
    -0.000428411    -0.000555335
     -9.1709e-05    -0.000142074
    -0.000240225    -0.000272574
     -0.00103378    -0.000814115
    -0.000123379    -0.000223528
     -6.6514e-05     -5.8914e-05
    -0.000443238    -0.000454787
    -0.000153898    -0.000160655
     -7.4573e-05    -6.06721e-05
    -0.000104697     -0.00010894
    -0.000746495    -0.000595916
      -3.241e-05    -2.85053e-05
    -0.000144312    -0.000114689
    -0.000337132    -0.000292592
     -8.9896e-05    -8.10701e-05
    -0.000562967    -0.000630086
      -0.0016105     -0.00163661
     -6.8835e-05    -9.52279e-05
    -0.000682483    -0.000718323
     -0.00128912     -0.00140201
     -9.5897e-05    -0.000198168
    -0.000702022    -0.000800945
      -0.0023558     -0.00165889
     -2.5135e-05    -2.63888e-05
     -4.3236e-05    -5.86819e-05
     -0.00206583     -0.00155692
    -0.000104264     -8.6646e-05
     -0.00101834     -0.00109257
    -0.000885858    -0.000975166
     -0.00180253     -0.00184879
    -0.000116326    -0.000194649
      -0.0015036     -0.00112486
    -0.000371253    -0.000341732
     -0.00112152       -0.001146
    -0.000205676    -0.000183978
    -0.000240499    -0.000179894
     -1.2805e-05    -1.49295e-05
     -1.9669e-05    -2.11407e-05
    -0.000302834    -0.000246357
    -0.000881081    -0.000694143
     -0.00014863    -0.000129147
    -0.000135615    -0.000120965
    -0.000187367    -0.000139803
     -3.0108e-05    -3.33995e-05
    -0.000528171     -0.00054814
    -0.000540041    -0.000467406
      -0.0015138      -0.0011607
    -0.000221695    -0.000127914
     -3.4188e-05    -2.92914e-05
    -0.000108851    -0.000188861
    -0.000375808    -0.000247498
    -0.000813924    -0.000791865
     -9.6542e-05    -0.000121489
    -0.000194566     -0.00020801
     -0.00196642     -0.00216128
    -0.000698221    -0.000730419
     -5.4764e-05    -5.33663e-05
    -0.000169829    -0.000246443
     -2.7285e-05    -3.76463e-05
    -0.000752585     -0.00081195
     -0.00109457    -0.000896489
    -0.000612909    -0.000630958
      -4.716e-05    -8.27782e-05
    -0.000145441    -0.000109292
    -0.000261061    -0.000635296
    -0.000659945     -0.00056316
     -7.3067e-05    -6.09067e-05
    -0.000243782     -0.00026186
    -0.000763336    -0.000764303
     -0.00012626    -0.000125415
    -0.000684457    -0.000656753
     -2.9403e-05     -2.6513e-05
     -9.4486e-05    -7.61301e-05
    -0.000102512    -0.000129822
    -0.000340307    -0.000337732
    -0.000849934    -0.000780267
     -2.9016e-05    -2.97419e-05
    -0.000253881    -0.000241458
    -0.000158854    -0.000115611
    -0.000533414     -0.00052325
    -0.000215887     -0.00016789
     -7.7945e-05     -6.4853e-05
    -0.000432663    -0.000404091
    -0.000632192    -0.000607821
    -0.000362073    -0.000269016
    -0.000432061    -0.000476402
    -0.000101853    -0.000175981
     -4.9499e-05    -4.40287e-05
      -1.835e-05    -2.01498e-05
     -0.00100654    -0.000997906
    -0.000118353     -0.00010983
    -0.000600119    -0.000637957
    -0.000389004    -0.000499388
    -0.000304037    -0.000275638
    -0.000411436     -0.00038723
    -0.000269872    -0.000199614
    -0.000242714    -0.000209172
      -5.948e-05    -5.10002e-05
     -7.7536e-05    -5.87157e-05
     -0.00132334     -0.00135328
     -5.5143e-05    -4.47307e-05
    -0.000764504    -0.000806182
     -0.00020676    -0.000186047
    -0.000157643    -0.000112099
     -8.9194e-05    -6.47598e-05
     -6.2383e-05    -7.47415e-05
     -2.6319e-05    -3.70475e-05
     -8.5706e-05     -7.2268e-05
      -0.0015334     -0.00143591
    -0.000295504    -0.000376858
     -0.00167083     -0.00155342
     -0.00039969    -0.000331947
    -0.000300777    -0.000249958
      -0.0011765     -0.00106328
    -0.000174152    -0.000107723
     -6.2804e-05    -4.36033e-05
      -0.0012617     -0.00114162
      -9.399e-05    -0.000143856
      -0.0007316    -0.000905139
    -0.000107136    -7.72179e-05
     -5.0408e-05    -5.07302e-05
    -0.000153319    -0.000135115
    -0.000341311    -0.000360816
    -0.000872952    -0.000569865
    -0.000659995    -0.000729437
    -0.000517899     -0.00053582
     -7.7292e-05    -6.28437e-05
     -0.00220778     -0.00203879
     -2.2327e-05    -2.42373e-05
    -0.000760973    -0.000621806
    -0.000328299    -0.000387825
    -0.000135233    -0.000174756
     -0.00105582    -0.000878475
     -0.00099859    -0.000862192
     -4.6238e-05    -7.26588e-05
    -0.000152713     -0.00010766
    -0.000385485    -0.000380388
     -0.00101066    -0.000826976
     -4.8878e-05    -4.62837e-05
       -0.000242    -0.000251266
    -0.000374131    -0.000363359
     -5.1896e-05    -8.33259e-05
      -8.142e-05    -6.59605e-05
    -0.000149221    -0.000127022
     -5.5985e-05    -7.76357e-05
     -0.00019046    -0.000213172
     -5.4017e-05    -4.78449e-05
    -0.000125963    -9.87955e-05
      -0.0011982     -0.00110403
    -0.000116932    -8.09816e-05
    -0.000550508    -0.000473117
     -6.0456e-05    -6.67102e-05
     -2.0985e-05    -1.96081e-05
    -0.000423308    -0.000417055
     -1.3863e-05    -1.70426e-05
    -0.000105408    -7.44965e-05
    -0.000147356    -0.000118123
    -0.000285688    -0.000436215
    -0.000116011    -0.000107561
    -0.000467455    -0.000510513
    -0.000171761    -0.000166867
     -8.3441e-05    -0.000122269
     -0.00109017     -0.00109976
    -0.000114773    -0.000230689
    -0.000666375    -0.000590618
     -6.6131e-05    -5.38992e-05
     -0.00131099     -0.00118278
      -4.817e-05     -4.0692e-05
     -6.6088e-05    -6.97631e-05
     -5.4625e-05    -5.18829e-05
     -0.00026931     -0.00030856
    -0.000106869    -9.57322e-05
     -4.7948e-05    -7.04058e-05
     -6.0343e-05    -0.000103551
     -0.00158758     -0.00161553
     -6.4257e-05    -8.38023e-05
     -2.7615e-05    -2.43485e-05
    -0.000532235    -0.000540106
    -0.000166348     -0.00023358
    -0.000485754    -0.000458242
    -0.000208463    -0.000184012
    -0.000195825    -0.000192913
     -0.00109051     -0.00114197
     -3.4259e-05    -5.97511e-05
     -7.5864e-05    -6.99802e-05
     -3.1706e-05    -2.75568e-05
     -0.00041242    -0.000395486
     -0.00151946     -0.00142751
     -8.0994e-05    -0.000131419
    -0.000752581    -0.000980529
    -0.000460228    -0.000554593
     -2.7172e-05    -2.80425e-05
    -0.000371466    -0.000335575
    -0.000166996    -0.000154375
