QM Energy	FF Energy
     0.000354262     0.000437942
     0.000670858     0.000296657
    -0.000534979       -0.001075
     -0.00105964     -0.00109816
    -0.000905187     -0.00129788
      -0.0017718     -0.00175146
     -0.00148865     -0.00151942
    -0.000700869     -0.00110331
     -0.00145946     -0.00158262
     -0.00102805     -0.00122554
      0.00552821      0.00384844
     -0.00109706      -0.0012415
     -0.00115885      -0.0011211
    -0.000486784     0.000332952
       0.0016246      0.00148892
      0.00182801      0.00280756
    -0.000499271    -0.000398407
    -0.000848656    -0.000875288
     -0.00110688    -0.000781846
     -0.00126783     -0.00132862
      0.00257475      0.00196426
     -0.00164202     -0.00168067
     -0.00183724     -0.00194409
      0.00444352      0.00514064
     -0.00105739     -0.00117759
     -0.00114607     -0.00127091
     0.000101481      0.00040502
      0.00564254      0.00714193
    -0.000661448    -0.000751216
    -0.000980938     -0.00107497
     -0.00115405     -0.00118207
    -0.000437299    -0.000665084
    -0.000900935    -0.000882121
      0.00415952        0.003738
     -0.00108404     -0.00108968
    -0.000734613    -0.000737478
     -0.00028672     0.000459285
      0.00196936      0.00251537
      0.00113639      0.00164854
     -0.00125253     -0.00134661
     -0.00175217     -0.00174449
    -0.000642716      -0.0009024
      0.00192442      0.00165043
    -0.000780642    -0.000918022
    -0.000865086    -0.000811756
      -0.0005381    -0.000957964
     -0.00171786     -0.00166064
     -0.00102162     -0.00114469
    -0.000744739    -0.000693269
    -0.000563277    -0.000543707
     -0.00122734     -0.00131357
      0.00034869     0.000153133
    -0.000725526    -0.000720904
    -0.000747933    -0.000582639
     -0.00168517     -0.00171595
     -0.00150797     -0.00125363
      0.00381169      0.00291901
      0.00942456      0.00817031
      0.00413286      0.00309462
      0.00163312     0.000693634
     0.000256396     0.000103695
      -0.0006156    -0.000665046
    -0.000574927    -0.000523406
    -0.000389421    -0.000300516
      0.00701984      0.00662372
    -0.000323767    -0.000472555
     -0.00159504     -0.00154298
     -0.00165483     -0.00164515
    -0.000864562      -0.0010714
      0.00272201      0.00300191
     -0.00133065     -0.00126627
     -0.00126616     -0.00120547
     -0.00113133     -0.00120875
     -0.00181519     -0.00181333
     -7.0649e-05     0.000422939
       0.0037034      0.00467861
     -0.00189806     -0.00186707
     -0.00103163     -0.00107269
    -0.000261945    -0.000172875
     -0.00113789     -0.00125741
    -0.000575202    -0.000536496
     -0.00109814     -0.00105556
    -0.000986212     -0.00100665
        0.011238      0.00988767
      -0.0010984     -0.00117352
     -0.00147207     -0.00162076
     -0.00091133    -0.000971838
     -0.00129146     -0.00132294
      0.00702314       0.0056884
     -0.00114983     -0.00123488
    -0.000751737    -0.000865703
     -0.00178582     -0.00163666
     -0.00054486    -0.000434368
    -0.000994282    -0.000948795
     -0.00144467     -0.00147055
     -0.00168045     -0.00191477
    -0.000307603     7.19635e-05
      -0.0011216     -0.00116047
     -0.00136211      -0.0013714
     -0.00131342      -0.0015078
     -0.00133046     -0.00051854
     -0.00102158     -0.00097985
     -0.00142125     -0.00136779
     -0.00137257     -0.00148575
    -0.000697938     -0.00068065
      -0.0010236     -0.00105223
    -0.000664088    -0.000395987
    -0.000938301     -0.00108574
        0.014439       0.0151655
     -0.00120831     -0.00122785
     -0.00014872    -0.000174131
     -0.00099215    -0.000973173
     -0.00158101     -0.00167984
    -0.000806525    -0.000860397
      0.00742886      0.00809887
    -0.000609932    -0.000504739
      0.00354223      0.00360185
     -0.00084639    -0.000894117
     -0.00142506     -0.00153124
    -0.000463684     -0.00045233
     0.000468698     0.000674475
    -0.000812772     5.60811e-05
     0.000818877     0.000558721
    -0.000839564    -0.000748067
    -0.000535519    -0.000494554
       0.0151039       0.0154325
      0.00327501      0.00287827
    -0.000677476    -0.000626167
     -0.00109169     -0.00102327
      0.00702896      0.00816557
      -0.0013446     -0.00134474
      0.00503881      0.00376167
     -0.00149955     -0.00157933
    -0.000993178     -0.00108152
    -0.000787319    -0.000944266
    -0.000629926    -0.000810168
     -0.00117266     -0.00116448
     -0.00154618     -0.00164498
    -0.000645088    -0.000666483
    -0.000948634    -0.000935892
       0.0164435       0.0152477
    -0.000854319     -0.00120999
      0.00656264      0.00712055
    -0.000586377    -0.000323474
    -0.000879195     -0.00123407
       0.0127349        0.015413
     0.000575412     0.000471903
      0.00110249     0.000488836
     -0.00157436     -0.00166498
       0.0129994       0.0112143
     -0.00126265     -0.00105381
     0.000151122    -0.000732572
    -0.000806565    -0.000853863
    -0.000737241    -0.000779832
    -0.000611014    -0.000585347
    -0.000730372     -0.00074735
    -0.000361746    -0.000515349
     0.000115593    -0.000327813
     -0.00108022    -0.000957767
      0.00305873      0.00264603
     0.000392025     0.000152534
      0.00250531      0.00156986
      0.00270711      0.00246397
     0.000723991     3.60363e-05
      0.00226244      0.00179568
    -0.000258372    -0.000439839
     -0.00118581     -0.00119136
     -0.00120181     -0.00117921
     -0.00125306     -0.00122556
      0.00690527      0.00736517
      0.00852224      0.00659694
     -0.00065571    -0.000643074
    -0.000914785    -0.000911185
      0.00247503      0.00157039
     -0.00130697     -0.00132541
    -0.000319182    -0.000282045
     -0.00170856     -0.00166455
    -0.000958791     -0.00105643
      0.00112678     0.000984802
     -0.00137686     -0.00142396
     -0.00109354     -0.00111889
    -0.000859617     -0.00091964
      0.00187522      0.00269586
    -0.000942395    -0.000886941
    -0.000994371      -0.0010235
     -0.00107997      -0.0011369
     -0.00115223     -0.00114184
     0.000419037    -3.72456e-05
     -0.00122492     -0.00122955
    -0.000399061     -0.00035233
    -0.000689162    -0.000886486
    -0.000881218    -0.000862498
      0.00215133      0.00291045
    -0.000167798      -0.0001693
     -0.00115481      -0.0012176
     -0.00120138     -0.00150635
     -0.00112907     -0.00118528
     -0.00059064    -0.000595178
     0.000653712     0.000457138
     -0.00122974     -0.00102167
     0.000515018     0.000613754
     -0.00120228     -0.00112389
    -0.000438286    -0.000574554
     -0.00114408    -0.000983755
    -0.000647243    -0.000645049
    -0.000815776    -0.000760326
     -0.00210758     -0.00218776
     -0.00104042     -0.00094272
    -0.000713463    -0.000704585
     -0.00114389      -0.0011687
     0.000408626    -0.000337354
    -0.000297983    -9.71542e-07
        0.003866      0.00348171
    -0.000728444    -0.000695666
    -0.000249639    -1.65459e-06
     -0.00100303    -0.000963115
     -0.00119395     -0.00119034
    -0.000864959    -0.000921248
    -0.000450313    -0.000271605
    -0.000771162    -0.000726915
     0.000172507     0.000185232
        0.012084       0.0107888
    -0.000613531    -0.000580461
       0.0038058      0.00459879
    -0.000968747     -0.00109105
      -0.0013324      -0.0015713
      0.00338457      0.00378056
      0.00353304      0.00403705
     -0.00138051     -0.00123191
      0.00160622      0.00175223
     -0.00152758     -0.00157017
      0.00189012      0.00184345
       0.0017046      0.00133295
    -0.000884254    -0.000954482
      0.00408687      0.00428109
     -0.00142269     -0.00145174
    -0.000920181    -0.000991144
    -0.000754956    -0.000750165
    -0.000629568     -0.00104925
      -0.0010939     -0.00114639
      0.00169397      0.00242836
    -0.000662329    -0.000629075
      0.00113508     0.000859044
       0.0050092      0.00425665
      -0.0010697     -0.00124959
    -0.000963264     -0.00097729
     -0.00115939     -0.00122019
    -0.000753599    -0.000715437
     -0.00137646     -0.00119567
    -0.000774489    -0.000771446
     -0.00144924     -0.00147258
     -0.00121064     -0.00119464
     -0.00114322     -0.00162284
      0.00249013      0.00301362
    -0.000813688      -0.0008415
      0.00252709      0.00410533
    -0.000803196    -0.000792947
      0.00209511      0.00161833
     -0.00134481      -0.0015827
     -9.5317e-05    -0.000441066
     -0.00166912     -0.00169888
      0.00730506      0.00869983
    -0.000779069    -0.000740454
    -0.000921373     -0.00100517
     -0.00140135     -0.00148684
     0.000235925    -3.39722e-05
    -0.000759464    -0.000775614
    -0.000697554    -0.000729734
      0.00445305      0.00478598
     -0.00178758     -0.00165483
    -0.000715831    -0.000670534
     0.000620684     0.000740032
      0.00276401      0.00200373
      0.00306982      0.00264755
     -0.00131444     -0.00132594
    -0.000438464    -0.000775058
     -0.00165803     -0.00191304
      9.2392e-05     0.000273203
      0.00340371       0.0039281
     -0.00166839     -0.00184047
     -0.00128395     -0.00136552
     -0.00112232    -0.000998764
      0.00610106      0.00626772
     -0.00121845     -0.00123395
     -0.00131385     -0.00130303
    -0.000632693    -0.000891949
     -0.00114223     -0.00119998
    -0.000736085    -0.000538005
     -0.00125101     -0.00129166
      -0.0014865     -0.00151045
    -0.000835585    -0.000949488
     -0.00083382    -0.000797831
     -0.00142541     -0.00154035
     -0.00116425     -0.00103707
      0.00123194     0.000633157
      0.00565283      0.00561428
     -0.00133738     -0.00131832
       0.0026688      0.00362853
     -0.00107507     -0.00117749
    -0.000843419     -0.00095982
      0.00537259      0.00474484
     -0.00155214      -0.0018357
    -0.000747885    -0.000780822
     -0.00133432     -0.00129759
    -0.000177702      -0.0002186
    -0.000260049    -9.17844e-05
     -0.00175533     -0.00162298
     -0.00121536     -0.00141344
      0.00198112      0.00228701
    -0.000670902    -0.000687259
    -0.000865067    -0.000660595
     -0.00135396     -0.00131736
      0.00353019      0.00289786
     -0.00128576     -0.00132508
     -0.00134979     -0.00127656
     0.000627844     0.000186995
      -0.0010988     -0.00110846
    -0.000701273     -0.00070545
      0.00151876      0.00140488
    -0.000849911    -0.000829377
     -0.00098138     -0.00122189
     0.000905847     0.000757095
     -0.00102746     -0.00103296
     -0.00138323      -0.0014649
      0.00205651      0.00400066
      0.00177652      0.00179432
    -0.000711175    -0.000833052
    -0.000712742    -0.000613967
      0.00120428     0.000729602
      0.00308348      0.00324404
    -0.000696509    -0.000765254
    -0.000580759     -0.00076751
      0.00130054      0.00190416
      0.00825569      0.00969448
      0.00564863      0.00610552
     -0.00105438     -0.00102839
    -0.000758584    -0.000752233
    -0.000965301    -0.000952288
     -0.00132025     -0.00135692
     0.000497192     0.000620043
     0.000675807      0.00140997
     -0.00136084     -0.00142844
    -0.000820981    -0.000820997
     -0.00121414     -0.00145314
     -0.00192892     -0.00188678
      -0.0010052      -0.0011058
     -0.00190711     -0.00187412
    -0.000974852      -0.0010231
      0.00051905    -0.000402367
     -0.00174227     -0.00168446
     -0.00111316     -0.00120267
    -0.000664481     -0.00064791
     -0.00162407      -0.0017105
    -0.000239804    -0.000221828
     -0.00112013     -0.00134417
     0.000369999    -0.000108321
      0.00770879      0.00730022
    -0.000778082    -0.000746512
      0.00235233      0.00148542
     -0.00118774     -0.00110448
     -0.00165915     -0.00164528
      0.00586439      0.00489472
    -0.000980318     -0.00109354
    -0.000770338    -0.000797154
    -0.000922712    -0.000938168
     -0.00169082     -0.00172965
     -0.00112904     -0.00110628
    -0.000854716    -0.000841848
      0.00126137      0.00140366
      0.00237666      0.00275816
      0.00288186      0.00236284
       0.0107417       0.0105575
     -0.00173162     -0.00175032
     0.000386299     0.000175392
    -0.000646237    -0.000248387
    -0.000614102    -0.000624846
     -0.00109932     -0.00126925
     -0.00138857     -0.00137193
    -0.000179194    -0.000881531
     -0.00189619     -0.00183729
     -0.00135422     -0.00143395
     -0.00081233     -0.00084957
     -0.00143915     -0.00141442
       0.0115944       0.0112085
      0.00697217       0.0095239
    -0.000892515    -0.000932596
    -0.000356907    -9.80524e-05
     -0.00056718    -0.000706778
     -0.00172716     -0.00128849
     0.000141164    -9.17138e-05
      0.00337569      0.00371177
      -0.0011948     -0.00126088
    -0.000737049    -0.000343151
     -0.00186334     -0.00192076
     -0.00103503     -0.00106989
     -0.00166268     -0.00159029
     0.000504955      0.00017558
     -0.00119176     -0.00157562
    -0.000306335    -0.000477796
      0.00279909      0.00251041
     -0.00156144     -0.00151526
     0.000328151     0.000140765
     -0.00137077     -0.00148707
     -0.00193523     -0.00200029
    -0.000232636    -0.000575218
    -0.000699635     -0.00077624
      0.00160235      0.00164001
     -0.00120008      -0.0015132
    -0.000894192    -0.000910156
     -0.00107155     -0.00105923
    -0.000213813     -0.00068249
    -0.000674846    -0.000647711
     -0.00112859     -0.00124848
     0.000222857     0.000631762
      0.00095665     0.000457172
     0.000482375     0.000939519
     -0.00103081     -0.00101086
    -0.000729184    -0.000763882
     -0.00135281     -0.00147591
    -0.000702693    -0.000703916
     -0.00147851     -0.00145026
    -0.000889924     -0.00107169
      0.00237473      0.00244286
     0.000672651    -7.13261e-05
     -0.00127629     -0.00142823
      0.00396377      0.00499599
     -0.00115983     -0.00113741
     -0.00187163     -0.00102705
    -0.000421301    -0.000376926
     -0.00123493      -0.0014043
     -0.00150673     -0.00158658
      0.00457563      0.00479745
       0.0183646        0.018847
    -0.000474115    -0.000758551
     -0.00102968     -0.00116746
      0.00327282      0.00301217
     -0.00143566     -0.00141143
     -0.00131048     -0.00133359
     -0.00115634     -0.00118413
    -0.000686137    -0.000731832
    -0.000860022    -0.000981185
     -0.00098355    -0.000971955
     -0.00173218     -0.00169892
     -0.00030721    -0.000247503
    -0.000906044    -0.000862477
    -0.000803809    -0.000886267
       0.0106593      0.00947953
    -0.000373043    -0.000378507
     0.000594421     0.000653851
     -0.00140554     -0.00148449
     0.000838616      0.00093668
     -0.00168298     -0.00178424
    -0.000340888    -0.000483074
    -0.000672775    -0.000664725
      0.00123593     0.000543513
    -0.000857824    -0.000889938
     -0.00118467     -0.00118494
    -0.000636898     -0.00064244
     -0.00152081     -0.00158032
      0.00987675       0.0105977
    -0.000538817      -0.0008067
      0.00276021      0.00154149
     -0.00119702     -0.00136892
    -0.000898504    -0.000936062
       0.0149863       0.0138962
    -0.000950754    -0.000978897
     -0.00135966     -0.00138717
        0.019646        0.022614
    -0.000733132    -0.000744437
    -0.000266085     -0.00053406
    -0.000661358     -0.00067999
    -0.000712107    -0.000701611
     -0.00023908    -0.000526214
     -0.00114993    -0.000317874
      0.00447208      0.00494458
      -0.0012546     -0.00128467
       0.0157748       0.0159952
      0.00242212      0.00425598
    -0.000845602    -0.000927158
    -0.000961635    -0.000917562
     -0.00117463    -0.000882173
      0.00555822       0.0060907
    -0.000939552    -0.000944066
      0.00669887      0.00671726
    -0.000896111    -0.000898115
    -0.000673681    -0.000669706
      -0.0012833     -0.00125424
       0.0067625      0.00642615
     -0.00123065     -0.00125576
     -0.00073588    -0.000726333
     -0.00114553     -0.00108281
      0.00150933     0.000837305
      0.00207838      0.00271983
      0.00604345      0.00644826
    -0.000696927    -0.000735246
     -0.00118342     -0.00146491
    -0.000881412     -0.00123867
    -0.000713539     -0.00072332
     -0.00174482     -0.00172713
      -0.0012109     -0.00114173
    -0.000587789    -0.000603082
     -0.00117097     -0.00126814
     -0.00133644     -0.00103216
      0.00520647      0.00365973
    -0.000867424    -0.000915683
     -0.00127734     -0.00138483
    -0.000859702    -0.000940306
    -0.000777304     -0.00079147
    -0.000524799     -0.00102064
     -0.00107419     -0.00108913
    -0.000909772    -0.000941362
     -0.00128358     -0.00124743
       0.0112542      0.00896598
     -0.00141231     -0.00125036
    -0.000996361     -0.00100602
       0.0117599       0.0119365
      0.00116949      0.00108587
     -0.00138741     -0.00112068
     -0.00146915      -0.0015259
      -0.0010642     -0.00107088
     -9.6106e-05    -0.000294511
       0.0014657      0.00115814
    -0.000763908     -0.00102826
     -0.00119131     -0.00136719
      0.00224423      0.00284218
     -0.00098082     -0.00110506
    -0.000724891    -0.000951817
    -0.000994364     -0.00109708
     -0.00130033     -0.00141708
     -0.00082118    -0.000982577
      0.00393083      0.00465117
    -0.000746972    -0.000696871
      0.00729714      0.00503048
    -0.000765205    -0.000789961
     -0.00074388    -0.000702157
     -0.00122055     -0.00128793
      0.00447107      0.00741846
      0.00056877     0.000902008
     -0.00088401     -0.00100607
    -0.000806448    -0.000792606
    -0.000900584    -0.000958979
    -0.000226607    -0.000912858
     -0.00165032       -0.001684
       0.0113779       0.0103842
      0.00545406      0.00573058
     -0.00144668     -0.00139814
       0.0102329       0.0122412
     -0.00134433     -0.00127901
    -0.000619866    -0.000601912
      -0.0015623     -0.00132596
     0.000190292     0.000226254
    -0.000902391     -0.00106799
     -0.00108089     -0.00106393
     0.000264086     1.21963e-05
      0.00163049      0.00178009
    -0.000820536    -0.000879806
     -0.00101028     -0.00105786
      0.00345405      0.00347286
      0.00180275      0.00194677
      0.00845009       0.0091988
       0.0045166       0.0037793
      0.00222457      0.00178732
     -0.00140551     -0.00176815
     -0.00093047    -0.000991702
    -0.000552848    -0.000715651
    -0.000980332     -0.00144713
     -0.00144973     -0.00146736
      0.00130216     0.000730797
     0.000663772     0.000566108
     0.000122928    -0.000377773
     -0.00153922     -0.00176658
     -0.00119937     -0.00112537
    -0.000974272     -0.00119638
     -0.00160843     -0.00174709
      0.00228336      0.00064609
     -0.00123597     -0.00138129
    -0.000782776    -0.000806868
    -0.000662641    -0.000602667
    -0.000882373    -0.000924339
    -0.000751364    -0.000787326
    -0.000921736    -0.000942954
     -0.00074006    -0.000770619
    -0.000783952    -0.000943652
     0.000508348     1.65463e-05
    -0.000560625    -0.000561104
     -0.00115053     -0.00122342
     0.000871596     0.000785793
      0.00554299      0.00605815
    -0.000769106     -0.00082243
    -0.000895267    -0.000919375
      0.00287708       0.0028591
      0.00141526      0.00119897
    -0.000735628    -0.000686673
    -0.000874439    -0.000913188
    -0.000180587    -0.000587302
     -0.00105497      -0.0012248
     -0.00101326     -0.00115149
       0.0101644       0.0111532
      0.00268868      0.00241934
      0.00437905      0.00286324
    -0.000742023    -0.000568737
     -0.00169742     -0.00169707
     -0.00106934     -0.00112088
    -0.000527389    -0.000734335
     -0.00118272     -0.00143618
     -0.00162207     -0.00169953
    -0.000924923     -0.00102122
      0.00190616        0.001111
      0.00710961      0.00586586
     0.000320681     0.000135895
    -0.000646139    -0.000727028
     -0.00134204     -0.00126142
      -0.0011588     -0.00116629
     -0.00155281     -0.00187749
     -0.00101041      -0.0012878
     -0.00175292     -0.00156496
     -0.00109918     -0.00108259
      0.00478128      0.00710294
     -0.00187993     -0.00189002
       -0.001028     -0.00114304
    -0.000686805    -0.000739907
    -0.000944747     -0.00095498
     -0.00158609     -0.00164002
     0.000680597      0.00104164
    -0.000757287    -0.000733623
     -0.00122177      -0.0011723
    -0.000766713    -0.000969522
      -0.0011885     -0.00119358
     -0.00136337     -0.00135648
    -0.000582975    -0.000691299
    -0.000510386    -0.000803935
      0.00904002      0.00810681
    -0.000743379    -0.000755076
     -0.00166256     -0.00174357
      0.00576513       0.0051346
      0.00122648     0.000507676
    -0.000969596     -0.00104629
     -0.00105783      -0.0011517
     0.000535453     0.000665517
     -0.00131902     -0.00138451
     -0.00133217     -0.00156349
    -0.000733615    -0.000713042
      0.00190319       0.0028816
     -0.00123477     -0.00114779
     0.000731751     0.000798754
    -0.000569189    -0.000600018
    -0.000359051    -0.000387963
    -0.000619664     -0.00069176
    -0.000818643     -0.00102716
      0.00641731      0.00771194
      0.00326821      0.00212239
      -0.0011682     -0.00120838
       0.0184504        0.016837
      0.00251743      0.00228795
    -0.000929945     -0.00102785
    -0.000734238    -0.000794513
      -0.0011969     -0.00113727
    -0.000374452    -0.000451952
     -0.00116443      -0.0011155
      0.00829806      0.00853265
     -0.00176127     -0.00154628
     -0.00144373     -0.00150521
     -0.00083049    -0.000809129
     -0.00118346     -0.00109192
      0.00099871     0.000617112
     -0.00139465     -0.00144608
    -0.000679802    -0.000670811
     -0.00139403     -0.00149279
    -0.000960239      -0.0010295
      0.00133093      0.00111494
      0.00239846       0.0017752
    -0.000752255    -0.000456679
     -0.00145282     -0.00145641
    -0.000935813    -0.000934862
    -0.000806532    -0.000857666
     -0.00100522     -0.00125793
      0.00576106      0.00679131
     -0.00140352      -0.0014411
    -0.000747714    -0.000701432
    -0.000757555    -0.000755674
     0.000191756    -0.000281904
      0.00806653      0.00899754
     -0.00110504     -0.00120952
      0.00181941      0.00154398
     -0.00110785     -0.00131652
    -0.000743719    -0.000670964
      0.00374467      0.00202496
     -0.00152945     -0.00150446
    -0.000555384    -0.000536712
     -0.00099905     -0.00108901
     -0.00108534     -0.00108636
      -0.0013956     -0.00152932
      0.00109923     0.000619177
      0.00518141      0.00435886
    -0.000987993    -0.000966191
      0.00287701      0.00245775
     -0.00074569     -0.00078013
     -0.00177381      -0.0017564
     -0.00141697     -0.00137592
     -0.00129873     -0.00142786
    -0.000744459    -0.000745133
    -0.000488932    -0.000859576
    -0.000826759    -0.000895119
     -0.00052006    -0.000950715
     -0.00130502     -0.00130436
     -0.00135378     -0.00128377
    -0.000447331     -0.00114525
     -0.00070333    -0.000744249
      0.00576866      0.00509418
      0.00613477      0.00475381
     -0.00157013     -0.00169062
    -0.000767053    -0.000772987
    -0.000756793    -0.000801913
      0.00715424      0.00773442
     -0.00110284     -0.00107981
     -0.00057262    -0.000573035
     -0.00100094    -0.000967501
     -0.00136412     -0.00122311
      0.00169378      0.00234588
     -0.00103941     -0.00110719
    -0.000623975    -0.000628195
     -0.00146707     -0.00146574
     -0.00110112     -0.00121091
     -0.00134933     -0.00130118
      0.00482868      0.00500162
      0.00041454    -0.000308713
    -0.000923679     -0.00102273
    -0.000492358     -0.00061701
      0.00565563      0.00573163
    -0.000655857    -0.000820492
    -0.000671346     -0.00112975
     -0.00145877     -0.00171266
    -0.000620656    -0.000708731
      0.00174247      0.00208245
     -0.00061222    -0.000655243
    -0.000711319    -0.000755087
    -0.000891007     -0.00085193
    -0.000875453     -0.00102885
      0.00201551      0.00159088
     -0.00107141      -0.0011239
     -0.00126368      -0.0013267
     -0.00110516     -0.00124195
     -0.00109944     -0.00107246
     -0.00139531     -0.00141854
    -0.000750902     -0.00103628
      0.00426035      0.00332899
      0.00364835      0.00406258
    -0.000607914    -0.000694452
     -0.00160129     -0.00160377
     -0.00134574     -0.00137682
     0.000846009     0.000565035
      0.00455455      0.00355157
      0.00144135      0.00157532
      0.00926602      0.00902995
     0.000294879    -0.000127587
      0.00338272      0.00276358
    -0.000906465    -0.000888891
      0.00755185      0.00672839
    -0.000604907    -0.000624445
    -0.000220793    -0.000323087
    -0.000858123    -0.000863977
    -0.000839808     -0.00106351
      0.00689547      0.00577638
     -0.00137385     -0.00122441
    -0.000822599    -0.000830882
    -0.000953269     -0.00113659
    -0.000683791    -0.000659025
      0.00460936      0.00512799
     -0.00117629     -0.00139289
      -0.0010696     -0.00111893
       0.0021809      0.00161092
    -0.000688509    -0.000677393
      0.00226314     0.000982402
    -0.000999047     -0.00106489
    -0.000758039    -0.000839062
    -0.000733469    -0.000714417
     -0.00106724       -0.001227
       -0.001545      -0.0017139
     -0.00119955     -0.00117535
     -0.00140938     -0.00139211
     0.000229335    -0.000107214
     -0.00166847     -0.00175699
    -0.000807485    -0.000666048
     -0.00117042      -0.0012561
     -0.00114581      -0.0012729
     -0.00114495     -0.00117218
    -0.000831787    -0.000830397
    -0.000519906    -0.000685945
     -0.00146741     -0.00156833
     -0.00161488     -0.00162687
     -0.00110324       -0.001116
    -0.000610899    -0.000623138
      0.00143276      0.00192285
      0.00282715      0.00164863
     -0.00111257     -0.00116894
    -0.000993131     -0.00101593
      0.00457337      0.00434993
    -0.000671974    -0.000713137
    -0.000169533    -3.65849e-05
       0.0195374        0.016375
    -0.000952697     -0.00101755
     0.000522208     0.000231393
      0.00442565       0.0043188
       0.0016096      0.00185634
      0.00143827     0.000998488
    -0.000588659     -0.00060284
      -0.0014546     -0.00145693
    -0.000771296    -0.000950839
    -0.000257333    -0.000619459
    -0.000964933    -0.000943342
     -0.00076891    -0.000774575
      0.00779383      0.00641242
    -0.000713834    -0.000719953
      -0.0015822     -0.00157805
     -0.00102236    -0.000795329
    -0.000451309     -0.00040734
      9.7593e-05     0.000322441
     -0.00070715    -0.000903605
     -0.00114143     -0.00116907
     -0.00123229     -0.00126515
      0.00177224      0.00156839
     -0.00142525     -0.00137865
    -0.000392773    -0.000441696
     -0.00030014     -0.00026609
    -0.000477317    -0.000450794
    -0.000934942    -0.000901132
      0.00479214      0.00514757
    -0.000473931    -0.000362899
     -0.00149747     -0.00153799
    -0.000236027    -0.000391055
    -0.000941845    -0.000925536
     -0.00101309    -0.000935768
      0.00191901      0.00222258
    -0.000997671     -0.00106432
      0.00153525     0.000884143
     0.000206001    -0.000222111
      0.00787314       0.0080241
     -0.00127167     -0.00154768
    -0.000406713    -0.000369008
     -0.00110154     -0.00113226
     -0.00123074      -0.0012683
     -0.00108408     -0.00107572
      0.00185026      0.00136592
    -0.000478495    -0.000277439
    -0.000828208    -0.000877517
     -0.00073388    -0.000773627
     -0.00152839     -0.00165711
      -0.0013223     -0.00136621
       0.0135201       0.0135153
    -0.000794608     -0.00109036
     0.000384722     3.76703e-05
     -0.00106137     -0.00101459
     -0.00100333     -0.00137555
    -0.000860796    -0.000894068
     -0.00115793     -0.00115941
     -0.00162832     -0.00160289
     -0.00070909    -0.000856253
      0.00109222      0.00102594
    -0.000582796    -0.000570885
      -0.0004531    -0.000589896
       -0.001241     -0.00142521
      0.00125131     0.000561624
      0.00233946      0.00189917
     -0.00133389     -0.00147433
       0.0125304       0.0130167
    -0.000645489    -0.000621802
    -0.000750193    -0.000760442
     -0.00112919     -0.00116324
      0.00252303      0.00262572
      -0.0019318     -0.00188579
     -0.00141109     -0.00135631
    -0.000162652     0.000577186
    -0.000748054    -0.000768821
       0.0118341       0.0101357
     -0.00166868     -0.00162564
      0.00248002      0.00216304
    -0.000768475    -0.000754521
     -0.00123828     -0.00124599
      0.00246953      0.00286457
      0.00457462      0.00490896
     -0.00140825     -0.00136519
    -0.000571209    -0.000561891
     -0.00127095      -0.0013046
     -0.00128112     -0.00127399
     0.000814055     0.000124898
     -0.00129626     -0.00144254
    -0.000717157    -0.000743596
       0.0031395      0.00437122
    -0.000978321     -0.00094807
     -0.00104601     -0.00108623
    -0.000918864    -0.000948267
     -0.00080708    -0.000941536
      0.00394549      0.00347263
     -0.00129643     -0.00132461
     -0.00180899     -0.00183278
    -0.000661575    -0.000728923
    -0.000652208    -0.000612008
    -0.000630589     -0.00058431
    -0.000751555     -0.00101536
    -0.000419018    -0.000260026
     -0.00126537     -0.00132218
    -0.000715426    -0.000932918
     -0.00139623     -0.00126352
      0.00237411      0.00265809
       0.0059235      0.00563825
      0.00256783      0.00325384
     -0.00111293      -0.0010882
    -0.000730762    -0.000743331
     -0.00216807     -0.00216209
    -0.000698249    -0.000714269
      -0.0011941     -0.00126609
       0.0060018      0.00514683
     -0.00138009     -0.00138375
     -0.00107069     -0.00131328
     -0.00105163     -0.00108943
        0.001937      0.00165418
      -0.0025388     -0.00233404
      0.00115168      0.00121401
     -0.00184581     -0.00175721
    -0.000609034    -0.000575317
    -0.000254525    -0.000240042
     -0.00113218    -0.000811725
       0.0010698     0.000436807
     -0.00134657     -0.00141258
     -0.00113431     -0.00117506
    -0.000632896    -0.000802734
       0.0069095       0.0102886
     -0.00200494     -0.00208276
    -0.000762076    -0.000759166
     -0.00124284     -0.00133756
      0.00102404     0.000730718
      0.00378024      0.00341897
    -0.000209804    -0.000141339
      0.00269768      0.00157706
        0.001073     0.000733035
       0.0136209       0.0120083
      0.00251837      0.00142586
      0.00220878      0.00151884
      -0.0013047     -0.00138809
     -0.00120884     -0.00129174
     -0.00148107     -0.00149694
    -0.000259923     -0.00057172
    -0.000920631     0.000194977
    -0.000504213    -0.000758215
     0.000446837     0.000186968
     -0.00132746      -0.0014457
     -0.00067521     -0.00104109
    -0.000151179    -0.000588203
      0.00073894      0.00122051
       0.0032915      0.00349363
    -0.000142906    -0.000548189
    -0.000899424     -0.00108657
    -0.000512413    -0.000491558
     -0.00102362    -0.000996082
     -0.00135968      -0.0014636
    -0.000950346    -0.000989731
     -0.00095296    -0.000981012
    -0.000673176     -0.00115238
      0.00141256      0.00116302
     -0.00122509     -0.00144007
      0.00711226      0.00672702
     -0.00155215     -0.00159786
       0.0013652      0.00137993
      0.00552163      0.00517083
     0.000974698     0.000300508
    -0.000412113    -0.000300459
     -0.00121613     -0.00117485
    -0.000593752    -0.000190672
      0.00115859      0.00199177
    -0.000929996    -0.000921599
       0.0108306      0.00945765
     -0.00181194       -0.001758
     -0.00160312     -0.00159236
    -0.000978168     -0.00104006
    -0.000871611    -0.000887559
    -0.000392605    -0.000486329
     -0.00046569     -0.00047425
     0.000965948       0.0013765
     0.000395677     2.65915e-06
       0.0123552       0.0118496
    -0.000650497    -0.000992102
