QM Energy	FF Energy
     -0.00165024     -0.00174229
    -0.000521651    -0.000363783
    -0.000299435    -0.000293232
     -0.00041733    -0.000446945
    -0.000391928    -0.000320638
    -0.000268645    -0.000270713
     -0.00220936     -0.00202455
    -0.000595668    -0.000545495
    -0.000119796    -0.000115823
     -8.2803e-05    -7.89499e-05
    -0.000425228    -0.000270762
    -0.000160447     -0.00016479
    -0.000749824    -0.000632194
    -0.000206696    -0.000147958
    -0.000455116    -0.000464383
    -0.000662233    -0.000682368
    -0.000363722    -0.000321875
     -0.00117762     -0.00130795
    -0.000238158    -0.000263373
    -0.000312038    -0.000316472
    -0.000473481    -0.000555596
     -0.00114406     -0.00121973
    -0.000259181    -0.000232826
    -0.000202964    -0.000149848
    -0.000883437    -0.000970896
    -0.000261795    -0.000176588
    -0.000123944    -0.000123042
    -0.000550882    -0.000588176
    -0.000176703    -0.000181474
    -0.000762489     -0.00125603
    -0.000812461    -0.000972431
     -5.4781e-05    -5.75663e-05
      -0.0010037     -0.00126691
    -0.000595085    -0.000487617
    -0.000278462    -0.000222467
      -7.758e-05    -7.56427e-05
    -0.000368189    -0.000387469
     -0.00144301     -0.00112638
    -0.000920534      -0.0013024
    -0.000461495    -0.000494429
    -0.000226671     -0.00023351
    -0.000343653    -0.000350087
    -0.000702669    -0.000816584
    -0.000163544    -0.000173071
     -0.00145602      -0.0015502
     -0.00178144     -0.00117443
     -0.00035246    -0.000387786
    -0.000345287    -0.000398859
    -0.000286092    -0.000287056
    -0.000219374    -0.000185908
    -0.000868999    -0.000597542
    -0.000361549    -0.000263544
    -0.000136703    -0.000132735
    -0.000173803    -0.000182095
     -0.00203142     -0.00146551
     -9.7683e-05    -8.96461e-05
     -0.00050359    -0.000534588
    -0.000365423    -0.000424369
     -0.00137211      -0.0017846
     -6.5282e-05    -5.99486e-05
     -0.00013117    -0.000126418
    -0.000261943    -0.000229807
    -0.000786972    -0.000713905
     -8.1419e-05    -8.34478e-05
    -0.000257196     -0.00027601
    -0.000102726    -9.45067e-05
    -0.000119683    -0.000106655
     -0.00064525     -0.00050165
     -0.00122409     -0.00102138
     -0.00124874     -0.00105336
     -0.00035544    -0.000381764
    -0.000235686    -0.000230297
     -4.2879e-05    -4.48462e-05
     -0.00100071     -0.00136001
    -0.000596603    -0.000669697
     -0.00116661     -0.00125955
    -0.000584974    -0.000483533
     -0.00135077     -0.00123338
    -0.000532521    -0.000523445
    -0.000140479    -0.000148389
    -0.000656143    -0.000639298
      -8.758e-05    -8.24221e-05
    -0.000138296     -0.00013987
       -0.000256      -0.0002584
     -0.00017171    -0.000163427
     -0.00132045      -0.0012134
    -0.000288634    -0.000389833
    -0.000627285    -0.000658165
     -0.00151492     -0.00115061
     -9.4836e-05    -8.71009e-05
     -0.00129009     -0.00130708
    -0.000181089    -0.000151013
    -0.000560484    -0.000612631
     -9.1687e-05    -8.56602e-05
    -0.000938917     -0.00101181
    -0.000908696    -0.000797025
    -0.000118779    -0.000113376
    -0.000190381    -0.000200035
    -0.000807723     -0.00128704
     -0.00152833     -0.00143476
     -7.3813e-05    -7.22403e-05
    -0.000309305    -0.000344304
     -5.6186e-05    -5.12845e-05
    -0.000576982     -0.00066876
    -0.000234498    -0.000193922
    -0.000405137    -0.000352478
     -0.00233956     -0.00208744
    -0.000352792    -0.000370958
    -0.000627626    -0.000802358
    -0.000465159    -0.000503431
    -0.000956859      -0.0011235
     -9.5567e-05    -8.88654e-05
     -7.6119e-05    -7.93809e-05
      -6.997e-05    -7.14089e-05
     -0.00150612     -0.00104605
    -0.000604056    -0.000637762
     -8.1132e-05      -9.461e-05
      -7.946e-05    -7.92852e-05
     -0.00021221    -0.000214679
     -0.00110658     -0.00142268
    -0.000210429    -0.000158384
    -0.000192427    -0.000178922
    -0.000883976    -0.000986832
    -0.000400571    -0.000426151
    -0.000154953    -0.000157798
     -7.7775e-05    -7.00445e-05
    -0.000741531    -0.000821173
     -0.00245974     -0.00263401
    -0.000192011    -0.000175133
     -8.4694e-05     -7.7376e-05
     -0.00086373    -0.000956913
     -0.00114862     -0.00128187
    -0.000318324    -0.000346608
    -0.000314425     -0.00031129
    -0.000276249    -0.000351785
     -8.0429e-05    -7.33882e-05
    -0.000245024    -0.000279836
    -0.000445931     -0.00042488
    -0.000484723    -0.000628299
    -0.000138804    -0.000132669
    -0.000361793    -0.000380394
    -0.000131616    -0.000142893
    -0.000589075    -0.000696846
    -0.000127561    -0.000129726
    -0.000840997    -0.000713974
    -0.000498561    -0.000413468
    -0.000967471     -0.00103267
      -0.0003083    -0.000320991
     -6.8839e-05    -7.35461e-05
      -7.292e-05    -6.56039e-05
    -0.000864055    -0.000849459
     -9.4203e-05     -9.5135e-05
     -0.00208053     -0.00227731
     -0.00131766     -0.00125638
    -0.000357122    -0.000414687
    -0.000983262    -0.000869582
    -0.000495928    -0.000581784
    -0.000270153    -0.000288415
    -0.000109789    -0.000112895
     -0.00122234    -0.000963768
     -0.00045405    -0.000382193
      -9.412e-05    -9.44915e-05
    -0.000287997    -0.000265959
    -0.000371354    -0.000484057
    -0.000569928    -0.000586103
     -0.00108129    -0.000876204
    -0.000482739    -0.000285733
    -0.000211532    -0.000227062
     -6.4315e-05    -5.98795e-05
     -0.00032877    -0.000248941
     -9.1559e-05    -9.63891e-05
    -0.000159118    -0.000187789
     -0.00124523     -0.00159444
     -0.00131689     -0.00116491
    -0.000108992    -0.000109918
    -0.000119156    -0.000114074
     -0.00011327    -0.000108425
    -0.000125373     -0.00011747
    -0.000506265     -0.00051622
     -0.00014138    -0.000134912
    -0.000200537    -0.000199572
     -0.00125366     -0.00131676
    -0.000175611    -0.000185322
    -0.000465213    -0.000376569
     -0.00137116     -0.00206391
     -0.00146912     -0.00138591
    -0.000935079     -0.00101852
    -0.000727067    -0.000890368
    -0.000467632    -0.000509592
    -0.000294315    -0.000299622
     -0.00110622      -0.0013335
    -0.000561176    -0.000624508
    -0.000832168     -0.00100321
    -0.000189925    -0.000191508
     -7.5562e-05    -7.56414e-05
    -0.000528939    -0.000567805
    -0.000199173    -0.000194959
     -8.5066e-05    -7.59725e-05
    -0.000284187    -0.000310451
    -0.000881965    -0.000561154
    -0.000194242    -0.000182199
      -0.0011169    -0.000964546
    -0.000369744    -0.000375769
      -0.0018052     -0.00153799
     -6.6864e-05    -6.29178e-05
    -0.000554306    -0.000591348
    -0.000158248    -0.000141168
     -0.00210798     -0.00268451
     -0.00307872     -0.00290635
     -4.8242e-05    -4.60692e-05
    -0.000258413    -0.000211799
     -0.00017383    -0.000169798
    -0.000489772    -0.000498128
    -0.000152309    -0.000140447
      -6.822e-05    -6.92443e-05
     -0.00022607    -0.000221263
     -0.00203762     -0.00173077
    -0.000124255    -0.000100183
    -0.000236416    -0.000234432
    -0.000114943    -0.000110523
     -5.9019e-05    -7.18593e-05
     -9.4549e-05    -8.50698e-05
     -0.00025032    -0.000227669
     -7.9869e-05    -8.18446e-05
    -0.000200451    -0.000153107
    -0.000315192    -0.000376312
     -8.7353e-05    -8.72998e-05
    -0.000120903     -0.00012756
    -0.000187905    -0.000179081
    -0.000112725    -0.000108178
     -0.00226995     -0.00219886
     -9.9696e-05    -7.23186e-05
    -0.000354247    -0.000293023
    -0.000434627    -0.000302201
     -0.00155764     -0.00162927
     -4.3798e-05    -4.54078e-05
    -0.000292657    -0.000309198
    -0.000264307    -0.000280746
    -0.000792309    -0.000597398
    -0.000377767    -0.000393806
    -0.000438096    -0.000491725
    -0.000104252    -8.09894e-05
    -0.000627935    -0.000641957
     -7.7868e-05    -7.55319e-05
    -0.000449438     -0.00049308
    -0.000373382     -0.00043593
     -0.00101332      -0.0010744
    -0.000149785     -0.00011987
     -0.00019796    -0.000118137
    -0.000107358    -0.000104033
     -0.00113908     -0.00121663
    -0.000175708    -0.000108527
    -0.000157438     -0.00014749
    -0.000647458    -0.000565164
    -0.000898096    -0.000917082
    -0.000987644     -0.00104132
    -0.000105934    -0.000100795
    -0.000296841    -0.000211185
    -0.000179063    -0.000176501
    -0.000432265    -0.000447435
    -0.000202556    -0.000209225
    -0.000224958    -0.000226812
    -0.000414879    -0.000509224
    -0.000123785     -0.00011705
     -0.00185281     -0.00150458
      -0.0002171    -0.000163428
     -9.4238e-05    -7.73123e-05
    -0.000175448    -0.000134761
     -0.00022633    -0.000216673
    -0.000194323    -0.000136982
    -0.000285169    -0.000244344
    -0.000143906     -0.00016636
     -6.2538e-05    -5.55137e-05
     -7.9156e-05    -7.15099e-05
    -0.000939605    -0.000757276
    -0.000271534    -0.000284236
     -8.5111e-05    -7.87512e-05
    -0.000140935    -0.000128896
     -2.7275e-05    -2.85863e-05
    -0.000353451       -0.000364
    -0.000587829    -0.000671365
     -0.00170234     -0.00111171
     -9.5127e-05    -9.35949e-05
    -0.000448272    -0.000363794
     -8.1454e-05    -8.15372e-05
    -0.000433934    -0.000431588
     -6.2786e-05    -5.88606e-05
    -0.000240011    -0.000172202
    -0.000538977    -0.000574566
    -0.000364618    -0.000336247
    -0.000180043    -0.000171091
    -0.000192724    -0.000189543
    -0.000171438    -0.000162096
    -0.000679427    -0.000867877
     -6.3972e-05    -6.08177e-05
     -0.00046104    -0.000577682
    -0.000760253     -0.00074648
    -0.000343299    -0.000339474
    -0.000977207     -0.00107022
    -0.000307732    -0.000307175
     -0.00106649     -0.00109376
    -0.000148172    -0.000173129
     -0.00109936      -0.0011729
    -0.000172706    -0.000141681
     -0.00158098     -0.00149359
     -4.0544e-05    -4.35563e-05
     -0.00196479     -0.00216925
    -0.000207564    -0.000159042
    -0.000133871    -0.000137835
    -0.000133644    -0.000118662
     -7.6426e-05    -7.54107e-05
    -0.000211057     -0.00020028
     -0.00043012    -0.000350777
    -0.000554359     -0.00063263
    -0.000418264    -0.000349782
    -0.000142753    -0.000103196
    -0.000150662    -0.000161598
    -0.000322959     -0.00023986
    -0.000107004     -7.0013e-05
    -0.000628065    -0.000696203
    -0.000489172     -0.00053897
    -0.000627833    -0.000635068
     -0.00165353     -0.00175959
     -0.00108078     -0.00118334
    -0.000516026    -0.000574749
    -0.000147151     -0.00013446
    -0.000846842     -0.00109881
    -0.000111698    -0.000141554
    -0.000161915    -0.000151433
    -0.000351941    -0.000318906
    -0.000982326    -0.000797187
    -0.000118746    -0.000108876
     -0.00053927    -0.000622412
     -0.00040747    -0.000562424
     -6.4689e-05    -6.01924e-05
     -7.7423e-05    -6.10658e-05
     -0.00115105      -0.0012418
    -0.000217913    -0.000206653
    -0.000178435    -0.000133339
    -0.000110965    -9.96083e-05
     -0.00124889     -0.00168915
    -0.000263765    -0.000261951
    -0.000346619    -0.000318678
     -0.00147265     -0.00247803
    -0.000170515    -0.000161117
     -0.00041557     -0.00037482
    -0.000133393    -0.000123124
     -3.3324e-05    -3.44374e-05
     -0.00057615     -0.00063122
     -0.00164981     -0.00114548
    -0.000859322    -0.000775467
    -0.000617631    -0.000701372
     -7.1315e-05    -6.85318e-05
     -9.3759e-05    -7.99036e-05
    -0.000182024    -0.000188049
    -0.000771534    -0.000916838
     -4.4053e-05    -4.29595e-05
    -0.000136831     -0.00012709
    -0.000197504    -0.000161577
     -0.00112102     -0.00119698
    -0.000160441    -0.000148665
      -0.0001923     -0.00023032
    -0.000172067    -0.000151234
    -0.000277432    -0.000277598
     -5.4071e-05    -5.20937e-05
    -0.000333009    -0.000376701
    -0.000137279    -0.000139008
    -0.000432831    -0.000458052
     -8.3874e-05    -7.41105e-05
     -0.00112125     -0.00114351
     -0.00121182     -0.00119617
    -0.000193157    -0.000159197
     -7.6628e-05    -7.83399e-05
     -3.4702e-05     -3.6077e-05
     -0.00125131     -0.00111112
     -0.00172526     -0.00167811
    -0.000521209    -0.000479854
    -0.000465654     -0.00053074
     -9.8594e-05    -9.05754e-05
    -0.000248368    -0.000250609
    -0.000677722    -0.000544594
      -0.0001268    -0.000110303
    -0.000400759    -0.000430773
     -9.8819e-05    -9.54515e-05
    -0.000248149    -0.000242554
      -2.028e-05    -2.27555e-05
    -0.000337949    -0.000304381
    -0.000756192     -0.00121883
      -0.0005744    -0.000599091
     -0.00108959    -0.000891967
    -0.000414762    -0.000388371
    -0.000204853    -0.000207687
     -0.00170503     -0.00161254
    -0.000911721    -0.000947567
     -0.00115402     -0.00135707
    -0.000220102    -0.000225483
    -0.000159679    -0.000165855
    -0.000237809    -0.000222203
    -0.000167069    -0.000149016
     -0.00105735     -0.00128294
     -0.00214104     -0.00199707
    -0.000764584    -0.000514601
     -0.00023286    -0.000269145
    -0.000551934    -0.000589798
    -0.000240691    -0.000176598
    -0.000163177    -0.000153325
    -0.000106037     -7.3132e-05
    -0.000151427    -0.000149658
    -0.000378928    -0.000402836
     -0.00129588    -0.000937511
    -0.000593655    -0.000678642
     -0.00169243     -0.00151779
     -8.5043e-05    -8.29805e-05
    -0.000416127    -0.000461046
     -0.00125622     -0.00151064
    -0.000386709    -0.000394944
     -5.2469e-05    -5.28985e-05
    -0.000176068    -0.000171327
    -0.000185138    -0.000139852
    -0.000167311    -0.000237762
     -0.00154757     -0.00152953
    -0.000631169    -0.000661378
    -0.000156201    -0.000168626
     -0.00098437     -0.00117055
    -0.000688693    -0.000678407
    -0.000235209    -0.000221842
    -0.000191937    -0.000199356
    -0.000118572    -0.000101695
     -0.00017976    -0.000205513
    -0.000850904    -0.000931319
    -0.000156702    -0.000183908
    -0.000244113    -0.000279077
    -0.000272456    -0.000295906
    -0.000109918    -0.000114322
     -9.5977e-05    -8.18837e-05
     -0.00015558    -0.000145412
    -0.000522456    -0.000636461
     -4.4729e-05    -4.17131e-05
    -0.000980139     -0.00115783
     -0.00137132      -0.0014829
    -0.000666152    -0.000796091
    -0.000341548    -0.000315472
    -0.000104324    -0.000112616
    -0.000143855    -0.000168916
    -0.000419516    -0.000409194
     -0.00116646     -0.00070326
     -0.00222009     -0.00189878
     -0.00058474    -0.000738061
    -0.000224636    -0.000215765
     -0.00131175     -0.00129533
    -0.000579719    -0.000492997
    -0.000793645    -0.000737048
    -0.000183413    -0.000153833
      -5.725e-05    -5.89134e-05
    -0.000346521    -0.000235193
     -0.00147003      -0.0017582
    -0.000394071    -0.000253085
      -0.0031598     -0.00302756
    -0.000153664    -0.000160365
    -0.000607218    -0.000653475
    -0.000541047    -0.000493923
    -0.000783377    -0.000784852
     -7.4775e-05    -7.09283e-05
    -0.000101191    -0.000103433
       -6.99e-05    -5.79105e-05
    -0.000180873    -0.000174217
    -0.000468377    -0.000468668
    -0.000230689    -0.000193898
    -0.000206864    -0.000126986
     -0.00021041    -0.000143685
    -0.000337295    -0.000415128
    -0.000169328    -0.000185116
     -0.00124279       -0.001501
     -0.00122379     -0.00117631
     -0.00062044    -0.000561163
    -0.000563984    -0.000641844
     -0.00127625     -0.00139196
    -0.000235472    -0.000233986
    -0.000309868    -0.000231271
     -0.00126374     -0.00122024
     -0.00022942    -0.000229195
    -0.000503206    -0.000457491
    -0.000555718     -0.00061861
    -0.000146455    -0.000146186
     -0.00019374    -0.000200641
    -0.000256926    -0.000268678
    -0.000101927    -0.000101574
    -0.000124257    -0.000118021
     -6.7283e-05    -6.68602e-05
    -0.000756476    -0.000748226
    -0.000348568    -0.000259713
    -0.000192295    -0.000197442
    -0.000237191    -0.000239895
    -0.000827725     -0.00107024
    -0.000425579    -0.000489035
    -0.000319084    -0.000333635
    -0.000451151    -0.000503368
      -9.533e-05    -9.68121e-05
    -0.000180236    -0.000184515
    -0.000362251    -0.000388494
    -0.000299551    -0.000348632
    -0.000217547    -0.000235361
    -0.000100468    -9.54885e-05
    -0.000249203    -0.000287181
     -4.5661e-05    -4.24031e-05
    -0.000449028    -0.000508547
      -9.644e-05    -8.96087e-05
      -0.0014442     -0.00124297
    -0.000733285    -0.000767262
     -9.6212e-05    -9.13352e-05
     -0.00040512    -0.000424693
    -0.000133303    -0.000136109
    -0.000968533     -0.00117045
    -0.000284424    -0.000243282
    -0.000287511    -0.000185206
    -0.000409331    -0.000497824
     -0.00017027    -0.000139119
    -0.000227092    -0.000223305
     -7.8481e-05    -7.36879e-05
     -0.00014442    -0.000140313
     -8.7777e-05    -5.82358e-05
    -0.000188931    -0.000199926
    -0.000699005    -0.000664497
    -0.000155291     -0.00013997
    -0.000314401    -0.000293652
     -5.7391e-05     -4.4687e-05
     -9.8124e-05    -9.42468e-05
    -0.000148321    -0.000145068
    -0.000100517    -0.000106108
    -0.000128269    -9.70971e-05
    -0.000203563    -0.000198266
     -0.00218991     -0.00238354
     -0.00087395    -0.000629449
    -0.000617254    -0.000675927
    -0.000254144    -0.000268422
     -8.5709e-05     -8.1138e-05
    -0.000109768    -0.000110198
    -0.000167079    -0.000157796
     -7.9776e-05     -7.3347e-05
    -0.000166741    -0.000194013
    -0.000122676    -0.000116713
    -0.000884351    -0.000690171
    -0.000231984     -0.00022119
     -0.00160662     -0.00119303
    -0.000436278    -0.000508731
     -0.00150751     -0.00160718
    -0.000296316    -0.000306798
    -0.000189715    -0.000198933
    -0.000821797    -0.000766805
    -0.000288246    -0.000287211
    -0.000268706    -0.000267872
    -0.000214484    -0.000188999
     -0.00128684     -0.00157712
     -6.5252e-05     -6.5446e-05
     -0.00162441     -0.00176335
    -0.000152053    -0.000116231
    -0.000181545    -0.000166724
     -0.00102872    -0.000876787
     -0.00129076     -0.00136686
     -0.00020924    -0.000181896
     -0.00107078     -0.00133905
     -0.00184409     -0.00128351
    -0.000107642     -0.00010867
     -0.00114845     -0.00105025
    -0.000207874    -0.000204172
      -3.963e-05    -4.40288e-05
     -8.2505e-05    -7.67417e-05
    -0.000102544    -8.68077e-05
    -0.000381359      -0.0003756
     -0.00121808       -0.001014
    -0.000877815    -0.000981305
    -0.000190446    -0.000214143
     -0.00124434      -0.0014029
    -0.000106479    -0.000107909
    -0.000324699    -0.000383983
    -0.000198177    -0.000179928
    -0.000217649    -0.000209078
    -0.000636718    -0.000681283
     -0.00094508    -0.000834847
     -0.00106052     -0.00152051
    -0.000392324    -0.000561077
     -0.00032653    -0.000248044
     -0.00013387    -0.000113802
    -0.000430119    -0.000483283
    -0.000130382    -0.000133982
    -0.000170107    -0.000175834
    -0.000158712    -0.000172281
    -0.000644563     -0.00090169
    -0.000275538    -0.000284882
    -0.000341345    -0.000325168
     -0.00041606    -0.000489115
    -0.000224872    -0.000220131
     -6.5424e-05    -6.84004e-05
    -0.000164931    -0.000165845
    -0.000532011    -0.000646084
     -9.5144e-05    -9.20932e-05
    -0.000248442    -0.000246623
    -0.000142525    -0.000132193
    -0.000421285     -0.00036627
    -0.000940966    -0.000986103
     -0.00109505     -0.00113971
    -0.000156605    -0.000147606
    -0.000847587     -0.00100825
       -0.000363    -0.000366703
    -0.000596044    -0.000519739
     -0.00159802     -0.00165211
    -0.000996629     -0.00110417
     -0.00013754    -0.000141383
     -0.00012808    -0.000117949
     -0.00114053     -0.00140874
    -0.000156177    -0.000145388
     -0.00108563     -0.00178236
    -0.000257571    -0.000204503
     -0.00119033     -0.00131886
     -4.4993e-05    -4.58087e-05
    -0.000183086    -0.000168113
     -0.00053496    -0.000637555
    -0.000402298    -0.000348683
     -9.1036e-05    -6.91573e-05
     -0.00118493      -0.0012443
     -0.00162242      -0.0017399
    -0.000572873    -0.000416306
     -6.9253e-05    -6.60753e-05
    -0.000225025    -0.000231582
    -0.000310379    -0.000317406
    -0.000994654     -0.00115242
    -0.000982635     -0.00102899
     -3.2977e-05    -3.27059e-05
    -0.000684631    -0.000534828
     -6.7999e-05    -6.99093e-05
    -0.000209747     -0.00021323
    -0.000550575    -0.000674512
     -0.00140261     -0.00156323
    -0.000481318    -0.000487434
    -0.000259157    -0.000262255
    -0.000661229    -0.000612645
     -0.00202446     -0.00240241
    -0.000215117    -0.000171977
     -0.00113558    -0.000984644
     -0.00112019     -0.00114748
    -0.000144107    -0.000141413
     -0.00112984    -0.000897194
    -0.000636839    -0.000761119
    -0.000351325    -0.000267635
    -0.000577028    -0.000654219
    -0.000319132    -0.000231857
     -0.00109087     -0.00127133
     -4.8724e-05    -4.47131e-05
     -3.5957e-05    -3.23447e-05
      -4.462e-05    -4.25326e-05
    -0.000588468    -0.000684028
    -0.000841502    -0.000817432
    -0.000286548    -0.000318469
    -0.000157366    -0.000158471
    -0.000582228    -0.000635369
    -0.000227188     -0.00023578
     -9.0644e-05    -9.46517e-05
    -0.000242056    -0.000236871
    -0.000146156    -0.000141722
    -0.000264834    -0.000335599
    -0.000259578    -0.000258347
    -0.000373235    -0.000471686
      -0.0003467    -0.000344037
    -0.000589433    -0.000547711
    -0.000725763    -0.000869619
     -0.00032069    -0.000316811
    -0.000123681    -0.000118121
     -0.00137816     -0.00114894
    -0.000546796    -0.000421854
    -0.000322553    -0.000317274
    -0.000250707    -0.000265478
     -0.00207561     -0.00286387
    -0.000999675    -0.000707139
    -0.000978522    -0.000848145
    -0.000443543     -0.00030857
    -0.000129291    -0.000106505
    -0.000651927    -0.000508423
    -0.000308416    -0.000281666
    -0.000284772    -0.000336023
    -0.000103334    -9.51107e-05
    -0.000283696    -0.000384697
    -0.000163117    -0.000147116
    -0.000578914    -0.000577625
     -3.8222e-05    -3.99244e-05
     -0.00187313     -0.00208823
      -0.0015747     -0.00210218
    -0.000181403    -0.000188648
    -0.000169098    -0.000139519
    -0.000175556     -0.00016626
    -0.000283394    -0.000290787
    -0.000172594    -0.000125722
     -3.1431e-05     -3.4486e-05
    -0.000277577    -0.000287614
      -8.924e-05    -9.30872e-05
    -0.000213318    -0.000203049
     -7.8747e-05    -5.91013e-05
    -0.000121417    -0.000107854
    -0.000420251    -0.000545993
    -0.000212906    -0.000205749
     -0.00101323     -0.00110185
     -3.5375e-05    -3.72274e-05
     -0.00011569    -0.000105011
    -0.000200289     -0.00020626
     -9.4055e-05    -9.83289e-05
    -0.000127764    -0.000127587
    -0.000155347     -0.00018275
    -0.000694585    -0.000717971
     -0.00226126     -0.00272101
    -0.000598335    -0.000691238
     -0.00108945     -0.00123001
    -0.000188416    -0.000185183
     -0.00182962     -0.00192988
    -0.000232541    -0.000181524
    -0.000394133    -0.000447295
    -0.000624362    -0.000809483
    -0.000124743    -0.000134415
    -0.000284661    -0.000282943
    -0.000443422    -0.000461492
    -0.000564363    -0.000794834
    -0.000115363    -0.000110833
    -0.000605136     -0.00042294
    -0.000225866    -0.000216709
    -0.000386761    -0.000331984
    -0.000622084    -0.000680403
     -0.00112392     -0.00106974
    -0.000207512    -0.000168535
     -7.8671e-05    -7.60623e-05
     -9.8153e-05    -9.49344e-05
     -0.00145856     -0.00131543
    -0.000379162     -0.00039339
    -0.000110577    -0.000107761
     -0.00016953    -0.000172833
    -0.000256296    -0.000249932
     -8.4458e-05    -7.43123e-05
    -0.000425459    -0.000371581
     -0.00112961     -0.00124747
     -0.00024242    -0.000224063
     -7.9659e-05    -8.10983e-05
    -0.000133727    -0.000111681
    -0.000394418    -0.000228135
     -0.00182871     -0.00200799
     -3.5616e-05    -3.14403e-05
    -0.000632285    -0.000730706
    -0.000128678    -0.000123584
     -0.00027861    -0.000272771
    -0.000245561     -0.00021393
    -0.000681561    -0.000502855
    -0.000314913    -0.000231491
    -0.000961488    -0.000785527
     -0.00050618     -0.00056584
     -6.4332e-05    -5.93385e-05
    -0.000541914    -0.000621836
    -0.000623804    -0.000752695
    -0.000258927    -0.000251938
    -0.000594092    -0.000780772
    -0.000409315    -0.000388974
     -0.00160333     -0.00166354
    -0.000159382    -0.000155435
    -0.000467098    -0.000539884
    -0.000429238    -0.000402859
    -0.000124731    -0.000120091
     -0.00116256      -0.0016004
    -0.000289737    -0.000287727
    -0.000140224    -0.000115445
    -0.000613955    -0.000579873
     -0.00193771     -0.00213177
    -0.000153652    -0.000153893
     -0.00205019     -0.00205059
     -0.00133807     -0.00101564
    -0.000246564     -0.00025094
    -0.000737799    -0.000980449
    -0.000345356     -0.00034512
    -0.000171894    -0.000161763
    -0.000145981     -0.00014114
     -3.1435e-05    -3.11586e-05
    -0.000480293    -0.000518116
    -0.000368663    -0.000290745
    -0.000218526    -0.000232315
    -0.000509023    -0.000594232
     -0.00114735     -0.00173802
    -0.000428132     -0.00046428
    -0.000353754    -0.000440928
    -0.000119539    -0.000113581
    -0.000207262    -0.000185416
    -0.000829999    -0.000511242
     -0.00027571    -0.000252226
    -0.000575642    -0.000572758
    -0.000238875    -0.000232088
     -0.00174787     -0.00164109
    -0.000231498    -0.000230173
    -0.000975383    -0.000912868
    -0.000489407    -0.000706994
    -0.000144808    -0.000128222
     -0.00163416     -0.00173509
      -4.977e-05    -4.65917e-05
     -8.4824e-05    -8.69725e-05
    -0.000379379    -0.000266433
    -0.000639899    -0.000567574
    -0.000371667    -0.000384585
    -0.000243847    -0.000258921
    -0.000573323    -0.000695708
     -0.00166201     -0.00142681
    -0.000801875     -0.00113853
    -0.000551006    -0.000440447
    -0.000546546    -0.000702568
    -0.000165837    -0.000154316
     -0.00136361      -0.0016212
    -0.000197567    -0.000205076
     -9.3839e-05    -9.71275e-05
    -0.000249406    -0.000202439
    -0.000934901    -0.000793375
     -9.9071e-05    -9.10002e-05
    -0.000120352    -8.36728e-05
    -0.000716143    -0.000655952
     -4.0861e-05    -4.46604e-05
     -0.00032057    -0.000327358
     -0.00168673     -0.00116438
    -0.000381385    -0.000349811
     -0.00217951     -0.00321586
    -0.000268608    -0.000264451
     -0.00099717     -0.00113641
    -0.000159737    -0.000177126
     -0.00108414     -0.00121224
    -0.000712669     -0.00104169
    -0.000733658     -0.00122051
    -0.000306269    -0.000254486
     -0.00109619     -0.00140692
      -0.0002773    -0.000263538
    -0.000106517    -7.81986e-05
    -0.000598186    -0.000557045
    -0.000820986    -0.000666334
    -0.000106073    -0.000102967
      -0.0006578    -0.000834855
    -0.000565894    -0.000560074
    -0.000182569    -0.000138976
    -0.000154088    -0.000134995
    -0.000140635    -0.000143291
     -2.4678e-05    -2.27504e-05
    -0.000190028    -0.000138791
     -3.4509e-05    -3.57692e-05
     -9.6741e-05      -9.642e-05
    -0.000256089    -0.000316679
    -0.000433027    -0.000436844
    -0.000420487    -0.000393393
    -0.000146816    -0.000139506
    -0.000258694    -0.000171618
     -0.00035288    -0.000322113
    -0.000320743     -0.00032969
     -8.7104e-05    -7.93437e-05
    -0.000788334    -0.000955987
    -0.000294298    -0.000213945
      -3.421e-05    -3.53384e-05
     -0.00144546     -0.00183383
     -0.00049024    -0.000569215
     -0.00014735    -0.000140284
    -0.000197225    -0.000199174
    -0.000162797    -0.000174959
     -6.6683e-05    -5.56894e-05
    -0.000524862    -0.000467055
    -0.000159507    -0.000137605
     -0.00112095     -0.00116636
     -9.8485e-05    -9.54422e-05
    -0.000317344    -0.000196594
    -0.000482176    -0.000598794
     -0.00014384    -0.000115726
    -0.000432887    -0.000386397
     -0.00048567    -0.000466569
     -0.00149899     -0.00179717
    -0.000112116    -0.000121588
    -0.000908151    -0.000932932
    -0.000284994    -0.000288086
    -0.000501665    -0.000613845
     -0.00103624    -0.000713557
    -0.000626386    -0.000499253
     -8.0187e-05     -7.5918e-05
    -0.000421079     -0.00042726
    -0.000192988    -0.000179501
    -0.000526949    -0.000496734
    -0.000250901    -0.000218001
    -0.000247601    -0.000257329
    -0.000715585    -0.000689237
    -0.000106403    -0.000100364
    -0.000103172    -0.000110145
    -0.000242601    -0.000228426
    -0.000225655    -0.000248792
    -0.000243079    -0.000237996
     -5.9854e-05    -5.87729e-05
    -0.000192214    -0.000178091
    -0.000281228    -0.000242413
    -0.000817163    -0.000855596
       -5.93e-05     -5.5235e-05
      -0.0014532     -0.00132523
     -0.00199612     -0.00169696
    -0.000298006    -0.000292288
    -0.000288658    -0.000194523
    -0.000335243    -0.000391341
     -0.00039365    -0.000364078
    -0.000216573    -0.000214701
    -0.000122276    -0.000128744
    -0.000105713    -9.87146e-05
     -6.7045e-05    -6.56669e-05
    -0.000129074    -0.000123275
    -0.000143479    -0.000132448
     -7.3617e-05    -7.69897e-05
    -0.000244146    -0.000322773
    -0.000349463     -0.00034727
     -0.00122166     -0.00131999
    -0.000126302    -0.000109297
    -0.000762405    -0.000931247
    -0.000642117    -0.000934914
      -6.066e-05    -5.62506e-05
    -0.000330117    -0.000356283
    -0.000417722    -0.000334778
    -0.000367141     -0.00038538
     -0.00109667     -0.00165922
    -0.000560495    -0.000622729
     -5.2514e-05    -5.01662e-05
    -0.000120487     -0.00012558
     -0.00105802     -0.00123298
    -0.000211051    -0.000200973
    -0.000167279    -0.000152028
    -0.000527547    -0.000519675
    -0.000196475    -0.000155223
    -0.000792461     -0.00081203
     -0.00147308     -0.00165845
    -0.000186109    -0.000172077
      -8.705e-05    -8.39736e-05
    -0.000259805    -0.000227813
    -0.000152665    -0.000161937
    -0.000116008    -9.44455e-05
    -0.000937845    -0.000716076
    -0.000720456    -0.000738094
    -0.000121684    -0.000117973
    -0.000418115    -0.000420234
     -7.6214e-05    -7.53352e-05
    -0.000834814     -0.00059542
    -0.000326642    -0.000311402
    -0.000238855    -0.000170858
    -0.000166493    -0.000154625
    -0.000247761     -0.00027391
    -0.000677029    -0.000425595
    -0.000259896    -0.000183876
     -2.2953e-05    -2.47129e-05
     -4.6269e-05    -4.43486e-05
    -0.000906345    -0.000770889
    -0.000350419    -0.000344837
    -0.000175913     -0.00015347
    -0.000115275    -0.000109903
    -0.000128362    -8.40746e-05
    -0.000425765    -0.000344394
    -0.000607989     -0.00048773
    -0.000233745    -0.000188785
    -0.000420482    -0.000372998
    -0.000465263    -0.000449268
    -0.000393898    -0.000322777
    -0.000145189    -0.000144195
    -0.000322011    -0.000391782
    -0.000273967    -0.000266856
    -0.000424947    -0.000434953
    -0.000744494    -0.000511385
    -0.000184792    -0.000173476
    -0.000668479    -0.000777232
     -6.8717e-05    -5.57516e-05
    -0.000165901     -0.00015152
    -0.000393676    -0.000468716
    -0.000196209    -0.000150036
    -0.000166919     -0.00014695
    -0.000651809    -0.000741906
    -0.000210513    -0.000202792
     -6.4709e-05    -6.66177e-05
    -0.000145152    -0.000154252
    -0.000124552    -0.000125379
     -8.5228e-05    -5.96048e-05
    -0.000987624     -0.00105487
    -0.000374613    -0.000376615
    -0.000431126    -0.000293194
    -0.000826947    -0.000843392
     -0.00135185     -0.00100922
    -0.000486422    -0.000516658
    -0.000110895    -8.91243e-05
    -0.000349556    -0.000285709
    -0.000148231    -0.000147483
    -0.000105235    -0.000100087
     -8.7487e-05    -6.44393e-05
    -0.000679297    -0.000702903
     -2.9687e-05    -2.52597e-05
