QM Energy	FF Energy
     -0.00165024     -0.00175302
    -0.000521651    -0.000359978
    -0.000299435    -0.000303652
     -0.00041733    -0.000461227
    -0.000391928    -0.000379562
    -0.000268645    -0.000273774
     -0.00220936     -0.00205031
    -0.000595668    -0.000535537
    -0.000119796    -0.000112863
     -8.2803e-05     -8.3421e-05
    -0.000425228    -0.000272979
    -0.000160447    -0.000164678
    -0.000749824     -0.00072855
    -0.000206696    -0.000166252
    -0.000455116    -0.000471258
    -0.000662233    -0.000705645
    -0.000363722     -0.00032809
     -0.00117762     -0.00130605
    -0.000238158    -0.000261795
    -0.000312038    -0.000303459
    -0.000473481    -0.000554865
     -0.00114406     -0.00122317
    -0.000259181    -0.000233763
    -0.000202964    -0.000144153
    -0.000883437    -0.000941281
    -0.000261795    -0.000204807
    -0.000123944    -0.000124614
    -0.000550882    -0.000593204
    -0.000176703    -0.000183649
    -0.000762489     -0.00125791
    -0.000812461    -0.000973531
     -5.4781e-05    -6.07202e-05
      -0.0010037     -0.00130408
    -0.000595085    -0.000548756
    -0.000278462     -0.00022127
      -7.758e-05    -7.77977e-05
    -0.000368189    -0.000390853
     -0.00144301     -0.00102436
    -0.000920534     -0.00130564
    -0.000461495    -0.000455464
    -0.000226671    -0.000237782
    -0.000343653    -0.000316259
    -0.000702669    -0.000822528
    -0.000163544    -0.000214595
     -0.00145602     -0.00154314
     -0.00178144     -0.00105767
     -0.00035246    -0.000381331
    -0.000345287    -0.000392361
    -0.000286092    -0.000347401
    -0.000219374    -0.000178623
    -0.000868999    -0.000541484
    -0.000361549      -0.0003631
    -0.000136703    -0.000132392
    -0.000173803    -0.000178667
     -0.00203142     -0.00141853
     -9.7683e-05    -9.20278e-05
     -0.00050359    -0.000538609
    -0.000365423    -0.000399417
     -0.00137211     -0.00177716
     -6.5282e-05    -6.06764e-05
     -0.00013117    -0.000126475
    -0.000261943    -0.000235671
    -0.000786972    -0.000702675
     -8.1419e-05    -8.83907e-05
    -0.000257196    -0.000280652
    -0.000102726    -0.000107016
    -0.000119683    -0.000106656
     -0.00064525    -0.000433083
     -0.00122409     -0.00124405
     -0.00124874     -0.00102796
     -0.00035544    -0.000387058
    -0.000235686     -0.00024648
     -4.2879e-05    -5.33384e-05
     -0.00100071     -0.00135699
    -0.000596603    -0.000671418
     -0.00116661     -0.00128542
    -0.000584974    -0.000440563
     -0.00135077     -0.00141178
    -0.000532521    -0.000544318
    -0.000140479    -0.000150487
    -0.000656143    -0.000646081
      -8.758e-05    -7.92876e-05
    -0.000138296    -0.000141398
       -0.000256    -0.000251598
     -0.00017171    -0.000164349
     -0.00132045      -0.0012215
    -0.000288634    -0.000466884
    -0.000627285    -0.000646994
     -0.00151492     -0.00125969
     -9.4836e-05    -9.25933e-05
     -0.00129009     -0.00132705
    -0.000181089    -0.000152356
    -0.000560484    -0.000546918
     -9.1687e-05    -9.02675e-05
    -0.000938917     -0.00094492
    -0.000908696    -0.000766952
    -0.000118779    -0.000114746
    -0.000190381    -0.000188798
    -0.000807723     -0.00129114
     -0.00152833     -0.00159978
     -7.3813e-05    -7.30189e-05
    -0.000309305     -0.00034801
     -5.6186e-05    -5.08725e-05
    -0.000576982    -0.000670064
    -0.000234498    -0.000190015
    -0.000405137    -0.000392126
     -0.00233956     -0.00186807
    -0.000352792    -0.000370893
    -0.000627626     -0.00083244
    -0.000465159    -0.000480067
    -0.000956859     -0.00111357
     -9.5567e-05    -9.59665e-05
     -7.6119e-05    -8.05597e-05
      -6.997e-05    -7.30493e-05
     -0.00150612     -0.00104572
    -0.000604056     -0.00065057
     -8.1132e-05    -0.000106654
      -7.946e-05    -7.58355e-05
     -0.00021221    -0.000215294
     -0.00110658     -0.00125254
    -0.000210429    -0.000158856
    -0.000192427    -0.000178279
    -0.000883976    -0.000861826
    -0.000400571    -0.000425481
    -0.000154953    -0.000150362
     -7.7775e-05    -7.41445e-05
    -0.000741531    -0.000843998
     -0.00245974     -0.00265599
    -0.000192011    -0.000172436
     -8.4694e-05    -7.77138e-05
     -0.00086373    -0.000911349
     -0.00114862     -0.00128333
    -0.000318324    -0.000315587
    -0.000314425    -0.000307802
    -0.000276249      -0.0003667
     -8.0429e-05    -7.54203e-05
    -0.000245024     -0.00028028
    -0.000445931    -0.000392861
    -0.000484723    -0.000652971
    -0.000138804    -0.000132658
    -0.000361793    -0.000388375
    -0.000131616    -0.000152673
    -0.000589075    -0.000703247
    -0.000127561    -0.000127715
    -0.000840997    -0.000843825
    -0.000498561    -0.000433907
    -0.000967471      -0.0010621
      -0.0003083    -0.000415457
     -6.8839e-05    -7.89096e-05
      -7.292e-05    -6.81032e-05
    -0.000864055    -0.000858347
     -9.4203e-05    -9.43931e-05
     -0.00208053     -0.00229351
     -0.00131766     -0.00131014
    -0.000357122    -0.000425927
    -0.000983262    -0.000901836
    -0.000495928    -0.000582884
    -0.000270153    -0.000288153
    -0.000109789    -0.000117245
     -0.00122234    -0.000961461
     -0.00045405    -0.000380316
      -9.412e-05    -9.88829e-05
    -0.000287997    -0.000266439
    -0.000371354    -0.000558919
    -0.000569928    -0.000587518
     -0.00108129    -0.000832542
    -0.000482739    -0.000266889
    -0.000211532    -0.000229585
     -6.4315e-05    -6.54668e-05
     -0.00032877    -0.000243082
     -9.1559e-05    -9.70904e-05
    -0.000159118     -0.00019903
     -0.00124523     -0.00157862
     -0.00131689     -0.00114035
    -0.000108992    -0.000109717
    -0.000119156    -0.000116762
     -0.00011327    -0.000111309
    -0.000125373    -0.000120774
    -0.000506265    -0.000512344
     -0.00014138    -0.000135501
    -0.000200537     -0.00020409
     -0.00125366      -0.0012731
    -0.000175611    -0.000186214
    -0.000465213    -0.000364248
     -0.00137116     -0.00205623
     -0.00146912      -0.0011896
    -0.000935079     -0.00113482
    -0.000727067    -0.000965827
    -0.000467632    -0.000515205
    -0.000294315    -0.000300242
     -0.00110622     -0.00132818
    -0.000561176    -0.000612798
    -0.000832168     -0.00101355
    -0.000189925    -0.000230664
     -7.5562e-05    -7.76596e-05
    -0.000528939    -0.000587255
    -0.000199173    -0.000215167
     -8.5066e-05    -7.51695e-05
    -0.000284187    -0.000336852
    -0.000881965    -0.000542672
    -0.000194242    -0.000182895
      -0.0011169     -0.00081597
    -0.000369744    -0.000381583
      -0.0018052      -0.0015401
     -6.6864e-05    -6.27257e-05
    -0.000554306    -0.000607598
    -0.000158248    -0.000138307
     -0.00210798     -0.00269133
     -0.00307872     -0.00292478
     -4.8242e-05    -5.09058e-05
    -0.000258413    -0.000217273
     -0.00017383    -0.000172851
    -0.000489772    -0.000500685
    -0.000152309    -0.000140931
      -6.822e-05    -7.08488e-05
     -0.00022607    -0.000222114
     -0.00203762     -0.00166899
    -0.000124255    -0.000102356
    -0.000236416    -0.000245931
    -0.000114943    -0.000107784
     -5.9019e-05    -8.81674e-05
     -9.4549e-05    -8.50358e-05
     -0.00025032    -0.000239855
     -7.9869e-05     -8.1552e-05
    -0.000200451    -0.000152876
    -0.000315192    -0.000380738
     -8.7353e-05    -8.71411e-05
    -0.000120903    -0.000126174
    -0.000187905    -0.000190324
    -0.000112725    -0.000116284
     -0.00226995     -0.00220011
     -9.9696e-05    -7.24941e-05
    -0.000354247    -0.000286406
    -0.000434627    -0.000275677
     -0.00155764     -0.00166494
     -4.3798e-05    -4.66777e-05
    -0.000292657    -0.000294789
    -0.000264307    -0.000284013
    -0.000792309    -0.000505758
    -0.000377767    -0.000413679
    -0.000438096    -0.000486266
    -0.000104252    -8.08417e-05
    -0.000627935    -0.000650807
     -7.7868e-05    -7.41051e-05
    -0.000449438    -0.000517585
    -0.000373382    -0.000379488
     -0.00101332     -0.00109513
    -0.000149785    -0.000120258
     -0.00019796    -0.000116243
    -0.000107358    -0.000102499
     -0.00113908     -0.00115236
    -0.000175708    -0.000108419
    -0.000157438    -0.000147358
    -0.000647458    -0.000555107
    -0.000898096    -0.000857939
    -0.000987644     -0.00105891
    -0.000105934     -9.8571e-05
    -0.000296841    -0.000205183
    -0.000179063    -0.000184676
    -0.000432265    -0.000438878
    -0.000202556    -0.000204127
    -0.000224958    -0.000228896
    -0.000414879    -0.000485991
    -0.000123785    -0.000117255
     -0.00185281     -0.00127499
      -0.0002171    -0.000173529
     -9.4238e-05    -7.69146e-05
    -0.000175448    -0.000131833
     -0.00022633    -0.000277027
    -0.000194323     -0.00013512
    -0.000285169    -0.000241604
    -0.000143906    -0.000157542
     -6.2538e-05    -5.48448e-05
     -7.9156e-05    -7.53308e-05
    -0.000939605     -0.00079805
    -0.000271534    -0.000270386
     -8.5111e-05    -8.35563e-05
    -0.000140935    -0.000129172
     -2.7275e-05    -3.28244e-05
    -0.000353451    -0.000371478
    -0.000587829    -0.000676685
     -0.00170234     -0.00105229
     -9.5127e-05    -8.98214e-05
    -0.000448272    -0.000355638
     -8.1454e-05    -8.47664e-05
    -0.000433934     -0.00043449
     -6.2786e-05    -5.95533e-05
    -0.000240011    -0.000171031
    -0.000538977    -0.000578975
    -0.000364618    -0.000336373
    -0.000180043    -0.000168387
    -0.000192724    -0.000190563
    -0.000171438    -0.000166153
    -0.000679427    -0.000867618
     -6.3972e-05    -6.44365e-05
     -0.00046104    -0.000531733
    -0.000760253    -0.000760462
    -0.000343299    -0.000357923
    -0.000977207     -0.00106932
    -0.000307732    -0.000308764
     -0.00106649     -0.00105378
    -0.000148172    -0.000191129
     -0.00109936     -0.00119094
    -0.000172706    -0.000143388
     -0.00158098       -0.001307
     -4.0544e-05    -4.74627e-05
     -0.00196479     -0.00206938
    -0.000207564    -0.000156916
    -0.000133871     -0.00014036
    -0.000133644    -0.000129184
     -7.6426e-05    -7.94445e-05
    -0.000211057    -0.000216314
     -0.00043012    -0.000335784
    -0.000554359    -0.000705978
    -0.000418264    -0.000354018
    -0.000142753    -0.000103174
    -0.000150662    -0.000163302
    -0.000322959    -0.000243644
    -0.000107004    -6.98643e-05
    -0.000628065    -0.000703998
    -0.000489172    -0.000508906
    -0.000627833    -0.000647169
     -0.00165353     -0.00169066
     -0.00108078     -0.00112298
    -0.000516026    -0.000573407
    -0.000147151    -0.000134543
    -0.000846842     -0.00109983
    -0.000111698    -0.000162793
    -0.000161915    -0.000162037
    -0.000351941    -0.000317003
    -0.000982326    -0.000687369
    -0.000118746    -0.000111893
     -0.00053927    -0.000631251
     -0.00040747     -0.00061889
     -6.4689e-05    -6.57164e-05
     -7.7423e-05    -6.73231e-05
     -0.00115105     -0.00118269
    -0.000217913    -0.000207383
    -0.000178435    -0.000134935
    -0.000110965    -9.98908e-05
     -0.00124889     -0.00166461
    -0.000263765    -0.000276734
    -0.000346619    -0.000311065
     -0.00147265     -0.00247559
    -0.000170515    -0.000172365
     -0.00041557    -0.000419975
    -0.000133393    -0.000130866
     -3.3324e-05    -3.67246e-05
     -0.00057615    -0.000655187
     -0.00164981     -0.00113292
    -0.000859322    -0.000730228
    -0.000617631    -0.000708101
     -7.1315e-05    -6.60978e-05
     -9.3759e-05    -8.91565e-05
    -0.000182024    -0.000190334
    -0.000771534    -0.000865785
     -4.4053e-05    -4.80433e-05
    -0.000136831     -0.00012793
    -0.000197504    -0.000162828
     -0.00112102     -0.00122041
    -0.000160441    -0.000149603
      -0.0001923    -0.000238123
    -0.000172067    -0.000163367
    -0.000277432    -0.000337018
     -5.4071e-05    -5.93411e-05
    -0.000333009    -0.000367584
    -0.000137279    -0.000147783
    -0.000432831     -0.00049739
     -8.3874e-05    -7.54005e-05
     -0.00112125     -0.00102492
     -0.00121182     -0.00115667
    -0.000193157    -0.000152892
     -7.6628e-05    -8.05525e-05
     -3.4702e-05    -3.87015e-05
     -0.00125131     -0.00116639
     -0.00172526     -0.00151467
    -0.000521209     -0.00044641
    -0.000465654    -0.000521116
     -9.8594e-05    -9.26368e-05
    -0.000248368    -0.000260116
    -0.000677722    -0.000510683
      -0.0001268    -0.000108074
    -0.000400759    -0.000478903
     -9.8819e-05    -9.46183e-05
    -0.000248149    -0.000247717
      -2.028e-05    -2.51197e-05
    -0.000337949    -0.000285382
    -0.000756192     -0.00122235
      -0.0005744    -0.000534729
     -0.00108959    -0.000833856
    -0.000414762    -0.000387428
    -0.000204853    -0.000209189
     -0.00170503     -0.00145167
    -0.000911721     -0.00099466
     -0.00115402     -0.00145715
    -0.000220102    -0.000226368
    -0.000159679    -0.000166789
    -0.000237809    -0.000240239
    -0.000167069    -0.000143639
     -0.00105735     -0.00129023
     -0.00214104     -0.00224237
    -0.000764584    -0.000509089
     -0.00023286    -0.000275691
    -0.000551934    -0.000591204
    -0.000240691    -0.000179041
    -0.000163177    -0.000169626
    -0.000106037     -7.3127e-05
    -0.000151427    -0.000150533
    -0.000378928     -0.00039501
     -0.00129588     -0.00116636
    -0.000593655    -0.000678117
     -0.00169243     -0.00130717
     -8.5043e-05    -9.40171e-05
    -0.000416127    -0.000461309
     -0.00125622     -0.00151851
    -0.000386709    -0.000403036
     -5.2469e-05    -5.90526e-05
    -0.000176068    -0.000170464
    -0.000185138    -0.000146907
    -0.000167311    -0.000293351
     -0.00154757     -0.00151094
    -0.000631169    -0.000702593
    -0.000156201    -0.000154959
     -0.00098437     -0.00113822
    -0.000688693    -0.000706593
    -0.000235209    -0.000224828
    -0.000191937    -0.000199397
    -0.000118572    -0.000105253
     -0.00017976    -0.000217391
    -0.000850904     -0.00101439
    -0.000156702    -0.000195537
    -0.000244113    -0.000255139
    -0.000272456    -0.000287233
    -0.000109918    -0.000119814
     -9.5977e-05    -8.79698e-05
     -0.00015558    -0.000147549
    -0.000522456    -0.000637615
     -4.4729e-05    -4.37653e-05
    -0.000980139     -0.00103654
     -0.00137132      -0.0014918
    -0.000666152    -0.000799816
    -0.000341548    -0.000312971
    -0.000104324    -0.000106299
    -0.000143855    -0.000201315
    -0.000419516    -0.000409138
     -0.00116646    -0.000929699
     -0.00222009     -0.00183989
     -0.00058474    -0.000737863
    -0.000224636    -0.000231529
     -0.00131175     -0.00139655
    -0.000579719    -0.000516431
    -0.000793645    -0.000663611
    -0.000183413    -0.000155807
      -5.725e-05    -6.46331e-05
    -0.000346521    -0.000271999
     -0.00147003     -0.00175524
    -0.000394071    -0.000248746
      -0.0031598     -0.00267925
    -0.000153664    -0.000162604
    -0.000607218    -0.000647025
    -0.000541047    -0.000496174
    -0.000783377     -0.00090138
     -7.4775e-05      -7.048e-05
    -0.000101191     -0.00010636
       -6.99e-05    -6.60008e-05
    -0.000180873     -0.00019628
    -0.000468377    -0.000527402
    -0.000230689    -0.000196206
    -0.000206864    -0.000124656
     -0.00021041    -0.000143866
    -0.000337295    -0.000406591
    -0.000169328    -0.000176527
     -0.00124279     -0.00141597
     -0.00122379     -0.00099783
     -0.00062044    -0.000619386
    -0.000563984    -0.000641642
     -0.00127625     -0.00128982
    -0.000235472    -0.000260364
    -0.000309868    -0.000230053
     -0.00126374     -0.00123182
     -0.00022942    -0.000243185
    -0.000503206    -0.000454269
    -0.000555718    -0.000619414
    -0.000146455      -0.0001576
     -0.00019374    -0.000196528
    -0.000256926    -0.000271911
    -0.000101927    -0.000106028
    -0.000124257    -0.000120737
     -6.7283e-05    -7.01169e-05
    -0.000756476    -0.000802191
    -0.000348568    -0.000260266
    -0.000192295    -0.000199092
    -0.000237191    -0.000242085
    -0.000827725     -0.00108807
    -0.000425579    -0.000499126
    -0.000319084    -0.000334253
    -0.000451151    -0.000511366
      -9.533e-05    -9.61102e-05
    -0.000180236    -0.000182814
    -0.000362251    -0.000388179
    -0.000299551    -0.000376203
    -0.000217547    -0.000223861
    -0.000100468    -0.000100346
    -0.000249203    -0.000282362
     -4.5661e-05    -4.46692e-05
    -0.000449028    -0.000503299
      -9.644e-05    -9.30192e-05
      -0.0014442     -0.00103263
    -0.000733285    -0.000805329
     -9.6212e-05     -9.1284e-05
     -0.00040512     -0.00045192
    -0.000133303    -0.000124106
    -0.000968533     -0.00105767
    -0.000284424    -0.000258281
    -0.000287511    -0.000178659
    -0.000409331    -0.000483445
     -0.00017027    -0.000139138
    -0.000227092    -0.000228273
     -7.8481e-05    -7.29686e-05
     -0.00014442    -0.000151406
     -8.7777e-05    -5.76584e-05
    -0.000188931    -0.000204475
    -0.000699005     -0.00062917
    -0.000155291    -0.000147173
    -0.000314401    -0.000319522
     -5.7391e-05    -4.99364e-05
     -9.8124e-05    -9.32595e-05
    -0.000148321    -0.000147946
    -0.000100517    -0.000107071
    -0.000128269    -0.000119427
    -0.000203563    -0.000187068
     -0.00218991     -0.00218999
     -0.00087395    -0.000631306
    -0.000617254    -0.000757467
    -0.000254144    -0.000270931
     -8.5709e-05    -8.09174e-05
    -0.000109768    -0.000112397
    -0.000167079    -0.000164322
     -7.9776e-05    -7.56719e-05
    -0.000166741    -0.000232644
    -0.000122676    -0.000121876
    -0.000884351    -0.000673626
    -0.000231984    -0.000223491
     -0.00160662      -0.0011809
    -0.000436278    -0.000464944
     -0.00150751     -0.00160337
    -0.000296316    -0.000307673
    -0.000189715    -0.000196392
    -0.000821797    -0.000698264
    -0.000288246     -0.00028475
    -0.000268706    -0.000269567
    -0.000214484       -0.000189
     -0.00128684     -0.00148705
     -6.5252e-05    -6.62908e-05
     -0.00162441     -0.00180611
    -0.000152053    -0.000114157
    -0.000181545    -0.000166907
     -0.00102872     -0.00107294
     -0.00129076     -0.00134414
     -0.00020924    -0.000175084
     -0.00107078     -0.00126252
     -0.00184409     -0.00126909
    -0.000107642    -0.000106202
     -0.00114845     -0.00121591
    -0.000207874      -0.0002161
      -3.963e-05    -4.67248e-05
     -8.2505e-05    -9.28437e-05
    -0.000102544    -8.64263e-05
    -0.000381359    -0.000360214
     -0.00121808    -0.000920251
    -0.000877815    -0.000876279
    -0.000190446    -0.000228429
     -0.00124434      -0.0013661
    -0.000106479    -0.000111083
    -0.000324699    -0.000402356
    -0.000198177     -0.00020977
    -0.000217649    -0.000215045
    -0.000636718    -0.000685113
     -0.00094508    -0.000873451
     -0.00106052     -0.00152398
    -0.000392324    -0.000544025
     -0.00032653    -0.000248006
     -0.00013387    -0.000115449
    -0.000430119    -0.000529649
    -0.000130382    -0.000135035
    -0.000170107    -0.000181584
    -0.000158712    -0.000208567
    -0.000644563    -0.000857356
    -0.000275538    -0.000292208
    -0.000341345    -0.000357056
     -0.00041606    -0.000454918
    -0.000224872    -0.000222884
     -6.5424e-05    -6.61544e-05
    -0.000164931    -0.000166827
    -0.000532011    -0.000603782
     -9.5144e-05    -9.20522e-05
    -0.000248442    -0.000259133
    -0.000142525    -0.000133405
    -0.000421285     -0.00047298
    -0.000940966     -0.00101097
     -0.00109505      -0.0011415
    -0.000156605     -0.00015217
    -0.000847587    -0.000916574
       -0.000363    -0.000380161
    -0.000596044     -0.00050255
     -0.00159802     -0.00166465
    -0.000996629     -0.00107478
     -0.00013754     -0.00014225
     -0.00012808     -0.00013176
     -0.00114053     -0.00142363
    -0.000156177    -0.000150646
     -0.00108563     -0.00178065
    -0.000257571      -0.0002021
     -0.00119033     -0.00134883
     -4.4993e-05    -4.86478e-05
    -0.000183086    -0.000174115
     -0.00053496    -0.000631806
    -0.000402298    -0.000309683
     -9.1036e-05    -7.43982e-05
     -0.00118493     -0.00118001
     -0.00162242     -0.00165433
    -0.000572873    -0.000415159
     -6.9253e-05    -6.55837e-05
    -0.000225025    -0.000230956
    -0.000310379    -0.000325728
    -0.000994654     -0.00113523
    -0.000982635     -0.00101474
     -3.2977e-05    -3.49172e-05
    -0.000684631     -0.00051645
     -6.7999e-05    -7.15854e-05
    -0.000209747    -0.000214909
    -0.000550575    -0.000680303
     -0.00140261     -0.00162542
    -0.000481318    -0.000477271
    -0.000259157    -0.000279204
    -0.000661229    -0.000604748
     -0.00202446     -0.00232163
    -0.000215117    -0.000172127
     -0.00113558    -0.000965317
     -0.00112019      -0.0011174
    -0.000144107    -0.000141205
     -0.00112984    -0.000731032
    -0.000636839    -0.000760322
    -0.000351325    -0.000265047
    -0.000577028    -0.000627985
    -0.000319132    -0.000248694
     -0.00109087     -0.00127119
     -4.8724e-05     -4.7369e-05
     -3.5957e-05    -3.37441e-05
      -4.462e-05     -4.5555e-05
    -0.000588468    -0.000613395
    -0.000841502    -0.000827118
    -0.000286548    -0.000321436
    -0.000157366    -0.000154163
    -0.000582228    -0.000615839
    -0.000227188    -0.000247513
     -9.0644e-05    -9.39603e-05
    -0.000242056    -0.000242584
    -0.000146156    -0.000137745
    -0.000264834    -0.000318493
    -0.000259578    -0.000278481
    -0.000373235    -0.000484739
      -0.0003467    -0.000351877
    -0.000589433    -0.000630402
    -0.000725763    -0.000831961
     -0.00032069    -0.000329261
    -0.000123681    -0.000117615
     -0.00137816     -0.00110248
    -0.000546796    -0.000491649
    -0.000322553    -0.000334683
    -0.000250707    -0.000267663
     -0.00207561     -0.00295998
    -0.000999675    -0.000727419
    -0.000978522    -0.000816297
    -0.000443543    -0.000334021
    -0.000129291     -0.00010901
    -0.000651927    -0.000507258
    -0.000308416    -0.000298751
    -0.000284772    -0.000404809
    -0.000103334    -0.000100616
    -0.000283696    -0.000404264
    -0.000163117    -0.000147052
    -0.000578914    -0.000502814
     -3.8222e-05    -4.37286e-05
     -0.00187313     -0.00206008
      -0.0015747     -0.00209223
    -0.000181403    -0.000199222
    -0.000169098    -0.000137172
    -0.000175556    -0.000171037
    -0.000283394    -0.000298188
    -0.000172594    -0.000126396
     -3.1431e-05    -3.79502e-05
    -0.000277577    -0.000285883
      -8.924e-05    -9.57365e-05
    -0.000213318    -0.000216759
     -7.8747e-05    -6.41462e-05
    -0.000121417    -0.000120965
    -0.000420251    -0.000600399
    -0.000212906    -0.000207887
     -0.00101323     -0.00111821
     -3.5375e-05    -4.02522e-05
     -0.00011569    -0.000110895
    -0.000200289    -0.000204293
     -9.4055e-05     -9.8143e-05
    -0.000127764     -0.00013562
    -0.000155347    -0.000198284
    -0.000694585    -0.000721545
     -0.00226126     -0.00268391
    -0.000598335    -0.000696687
     -0.00108945     -0.00127226
    -0.000188416    -0.000186786
     -0.00182962     -0.00201453
    -0.000232541    -0.000186014
    -0.000394133    -0.000456873
    -0.000624362    -0.000792465
    -0.000124743    -0.000130181
    -0.000284661    -0.000284735
    -0.000443422     -0.00047571
    -0.000564363    -0.000805221
    -0.000115363    -0.000121823
    -0.000605136    -0.000473029
    -0.000225866    -0.000215432
    -0.000386761    -0.000362272
    -0.000622084    -0.000650118
     -0.00112392     -0.00112305
    -0.000207512    -0.000174072
     -7.8671e-05    -8.05319e-05
     -9.8153e-05    -0.000108734
     -0.00145856     -0.00121288
    -0.000379162    -0.000398885
    -0.000110577    -0.000108748
     -0.00016953     -0.00016481
    -0.000256296    -0.000296226
     -8.4458e-05    -7.58246e-05
    -0.000425459    -0.000368245
     -0.00112961     -0.00107204
     -0.00024242    -0.000251384
     -7.9659e-05    -8.90075e-05
    -0.000133727    -0.000114406
    -0.000394418     -0.00022622
     -0.00182871     -0.00202219
     -3.5616e-05      -3.304e-05
    -0.000632285    -0.000661443
    -0.000128678     -0.00012395
     -0.00027861    -0.000281073
    -0.000245561    -0.000203564
    -0.000681561    -0.000477472
    -0.000314913    -0.000235489
    -0.000961488    -0.000889405
     -0.00050618    -0.000636394
     -6.4332e-05    -5.88553e-05
    -0.000541914    -0.000619216
    -0.000623804    -0.000775018
    -0.000258927    -0.000251957
    -0.000594092    -0.000751519
    -0.000409315    -0.000392985
     -0.00160333     -0.00173423
    -0.000159382    -0.000155751
    -0.000467098    -0.000549669
    -0.000429238    -0.000404938
    -0.000124731    -0.000128264
     -0.00116256     -0.00148089
    -0.000289737    -0.000369544
    -0.000140224    -0.000111881
    -0.000613955    -0.000574291
     -0.00193771     -0.00213539
    -0.000153652    -0.000163298
     -0.00205019      -0.0020752
     -0.00133807    -0.000947299
    -0.000246564    -0.000280547
    -0.000737799    -0.000974017
    -0.000345356    -0.000360384
    -0.000171894    -0.000164316
    -0.000145981    -0.000142369
     -3.1435e-05    -3.34321e-05
    -0.000480293    -0.000526025
    -0.000368663    -0.000294885
    -0.000218526    -0.000272611
    -0.000509023    -0.000600002
     -0.00114735     -0.00174405
    -0.000428132    -0.000464206
    -0.000353754    -0.000447006
    -0.000119539    -0.000122001
    -0.000207262    -0.000177761
    -0.000829999    -0.000494668
     -0.00027571     -0.00025356
    -0.000575642    -0.000541615
    -0.000238875    -0.000245644
     -0.00174787      -0.0014608
    -0.000231498     -0.00024791
    -0.000975383    -0.000825703
    -0.000489407    -0.000634781
    -0.000144808    -0.000128417
     -0.00163416     -0.00163393
      -4.977e-05    -4.86403e-05
     -8.4824e-05    -8.98925e-05
    -0.000379379    -0.000361166
    -0.000639899    -0.000535289
    -0.000371667    -0.000387945
    -0.000243847    -0.000258521
    -0.000573323    -0.000705032
     -0.00166201     -0.00126723
    -0.000801875     -0.00114076
    -0.000551006    -0.000407198
    -0.000546546    -0.000669965
    -0.000165837     -0.00016488
     -0.00136361     -0.00161214
    -0.000197567    -0.000216658
     -9.3839e-05     -9.7383e-05
    -0.000249406    -0.000193206
    -0.000934901     -0.00076078
     -9.9071e-05    -9.10294e-05
    -0.000120352    -8.25842e-05
    -0.000716143    -0.000674267
     -4.0861e-05    -5.10816e-05
     -0.00032057    -0.000327145
     -0.00168673      -0.0011501
    -0.000381385    -0.000334966
     -0.00217951     -0.00308601
    -0.000268608    -0.000268649
     -0.00099717     -0.00113027
    -0.000159737    -0.000169762
     -0.00108414     -0.00113994
    -0.000712669     -0.00104223
    -0.000733658     -0.00121203
    -0.000306269    -0.000261041
     -0.00109619     -0.00140241
      -0.0002773    -0.000272598
    -0.000106517      -7.825e-05
    -0.000598186    -0.000629073
    -0.000820986    -0.000671876
    -0.000106073    -0.000103762
      -0.0006578    -0.000849306
    -0.000565894    -0.000541686
    -0.000182569    -0.000135067
    -0.000154088    -0.000134225
    -0.000140635    -0.000144627
     -2.4678e-05    -2.45916e-05
    -0.000190028    -0.000135733
     -3.4509e-05    -4.10757e-05
     -9.6741e-05    -0.000115525
    -0.000256089    -0.000379148
    -0.000433027    -0.000419542
    -0.000420487    -0.000403933
    -0.000146816    -0.000138219
    -0.000258694     -0.00019582
     -0.00035288    -0.000308059
    -0.000320743    -0.000330375
     -8.7104e-05    -8.22014e-05
    -0.000788334    -0.000964308
    -0.000294298    -0.000236671
      -3.421e-05     -3.7791e-05
     -0.00144546     -0.00196632
     -0.00049024    -0.000573005
     -0.00014735    -0.000139643
    -0.000197225    -0.000202083
    -0.000162797    -0.000178131
     -6.6683e-05    -6.02758e-05
    -0.000524862    -0.000463095
    -0.000159507    -0.000135468
     -0.00112095     -0.00117663
     -9.8485e-05    -0.000100116
    -0.000317344    -0.000199763
    -0.000482176    -0.000534476
     -0.00014384    -0.000117561
    -0.000432887    -0.000386091
     -0.00048567    -0.000459982
     -0.00149899     -0.00179108
    -0.000112116    -0.000121417
    -0.000908151    -0.000844014
    -0.000284994    -0.000289459
    -0.000501665     -0.00059862
     -0.00103624    -0.000675394
    -0.000626386    -0.000562599
     -8.0187e-05    -7.65837e-05
    -0.000421079    -0.000417466
    -0.000192988    -0.000184325
    -0.000526949    -0.000477359
    -0.000250901    -0.000217087
    -0.000247601    -0.000250995
    -0.000715585    -0.000758189
    -0.000106403    -0.000100636
    -0.000103172    -0.000140514
    -0.000242601      -0.0002356
    -0.000225655    -0.000280868
    -0.000243079    -0.000239561
     -5.9854e-05    -5.95323e-05
    -0.000192214    -0.000177093
    -0.000281228    -0.000242095
    -0.000817163    -0.000863974
       -5.93e-05    -5.41903e-05
      -0.0014532     -0.00145696
     -0.00199612     -0.00170508
    -0.000298006    -0.000309367
    -0.000288658    -0.000175069
    -0.000335243    -0.000377096
     -0.00039365    -0.000400044
    -0.000216573    -0.000230249
    -0.000122276    -0.000119397
    -0.000105713    -0.000102237
     -6.7045e-05    -6.78639e-05
    -0.000129074    -0.000123938
    -0.000143479    -0.000134499
     -7.3617e-05    -7.59436e-05
    -0.000244146    -0.000391636
    -0.000349463    -0.000340819
     -0.00122166     -0.00125627
    -0.000126302    -0.000109446
    -0.000762405    -0.000954587
    -0.000642117    -0.000955733
      -6.066e-05    -6.25396e-05
    -0.000330117    -0.000360451
    -0.000417722    -0.000312756
    -0.000367141    -0.000388483
     -0.00109667     -0.00162897
    -0.000560495    -0.000637435
     -5.2514e-05    -5.15636e-05
    -0.000120487    -0.000130411
     -0.00105802     -0.00119425
    -0.000211051    -0.000208562
    -0.000167279    -0.000146843
    -0.000527547    -0.000559131
    -0.000196475      -0.0001536
    -0.000792461    -0.000823284
     -0.00147308     -0.00160937
    -0.000186109    -0.000172163
      -8.705e-05     -8.8071e-05
    -0.000259805    -0.000215836
    -0.000152665    -0.000160719
    -0.000116008    -9.14672e-05
    -0.000937845    -0.000635765
    -0.000720456    -0.000748515
    -0.000121684      -0.0001183
    -0.000418115    -0.000433232
     -7.6214e-05    -7.34719e-05
    -0.000834814    -0.000596741
    -0.000326642    -0.000314661
    -0.000238855    -0.000170944
    -0.000166493    -0.000147638
    -0.000247761    -0.000270347
    -0.000677029    -0.000499187
    -0.000259896    -0.000179826
     -2.2953e-05    -2.60594e-05
     -4.6269e-05    -4.67359e-05
    -0.000906345    -0.000889085
    -0.000350419    -0.000356614
    -0.000175913    -0.000149554
    -0.000115275    -0.000110297
    -0.000128362    -8.30115e-05
    -0.000425765    -0.000333275
    -0.000607989    -0.000447981
    -0.000233745    -0.000189284
    -0.000420482    -0.000373265
    -0.000465263    -0.000490822
    -0.000393898    -0.000372689
    -0.000145189    -0.000151615
    -0.000322011    -0.000405669
    -0.000273967    -0.000288826
    -0.000424947    -0.000437582
    -0.000744494    -0.000494364
    -0.000184792    -0.000185594
    -0.000668479    -0.000783853
     -6.8717e-05    -5.81757e-05
    -0.000165901     -0.00015157
    -0.000393676    -0.000456715
    -0.000196209    -0.000149426
    -0.000166919    -0.000147407
    -0.000651809    -0.000645684
    -0.000210513    -0.000213002
     -6.4709e-05    -6.52774e-05
    -0.000145152    -0.000141899
    -0.000124552     -0.00012576
     -8.5228e-05    -5.84496e-05
    -0.000987624     -0.00108693
    -0.000374613    -0.000453081
    -0.000431126    -0.000281023
    -0.000826947    -0.000790973
     -0.00135185     -0.00111838
    -0.000486422    -0.000517417
    -0.000110895    -8.96032e-05
    -0.000349556    -0.000409488
    -0.000148231    -0.000147857
    -0.000105235    -9.97387e-05
     -8.7487e-05    -7.03258e-05
    -0.000679297    -0.000660578
     -2.9687e-05    -2.60481e-05
