QM Energy	FF Energy
    -0.000667084    -0.000661259
      0.00178442       0.0016604
    -0.000690421    -0.000887421
    -0.000247514    -0.000465751
    -0.000838673     -0.00107926
     -0.00127552       -0.001384
     -0.00054789    -0.000596544
     0.000223421     3.85549e-05
    -0.000965356    -0.000907746
    -0.000629748    -0.000703852
    -0.000643249    -0.000698856
     -0.00094838    -0.000885031
    -0.000773177    -0.000998957
    -0.000345217    -0.000406733
      0.00432685      0.00237764
    -0.000921833    -0.000993944
      0.00395943      0.00327519
    -0.000169456    -0.000592155
    -0.000700472    -0.000772101
    -0.000757256    -0.000888577
      0.00416504      0.00394632
    -0.000571335    -0.000574909
    -0.000896392     -0.00113713
      8.7945e-05    -1.21309e-05
    -0.000589354    -0.000623697
     -0.00069624     -0.00076935
     -0.00121212      -0.0012676
      0.00668572      0.00553812
    -0.000724886      -0.0009978
     -0.00108588     -0.00114831
    -0.000745751    -0.000881246
     -0.00073127    -0.000828662
      0.00298488        0.002946
    -0.000343938    -0.000313642
    -0.000425965    -0.000385907
     -0.00141422     -0.00147566
    -0.000666049     -0.00116303
     -0.00142791      -0.0014104
    -0.000705965    -0.000746916
     -0.00136316     -0.00107714
    -0.000590375    -0.000513234
    -0.000685948    -0.000757421
      0.00714236      0.00760666
    -0.000900044    -0.000825169
     0.000574141     0.000516888
       0.0149577       0.0125224
    -0.000616006    -0.000592741
    -0.000508902    -0.000524057
      0.00723491      0.00620404
    -0.000592628    -0.000632378
       0.0022726      0.00164463
    -0.000775136     -0.00105621
     -0.00126483     -0.00125097
     -0.00106453    -0.000908018
     -0.00071655    -0.000760723
    -0.000952233     -0.00112928
     -0.00117199      -0.0012575
    -0.000211835    -0.000491254
     0.000406056     0.000430799
      0.00552685      0.00500246
      0.00368079      0.00380812
      -0.0013215     -0.00126077
    -0.000616646    -0.000787019
    -0.000985663     -0.00125621
    -0.000477996    -0.000482386
    -0.000636116    -0.000641062
       0.0058959      0.00648424
    -0.000741633     -0.00079385
     -0.00125827      -0.0012252
     -0.00158948     -0.00162749
     -0.00131275     -0.00134855
    -0.000574052    -0.000573643
     0.000624557     2.92185e-06
    -0.000663161    -0.000608696
    -0.000499158    -0.000443107
    -0.000754413    -0.000796627
    -0.000692228     -0.00080284
      0.00957358      0.00942502
     -0.00097819     -0.00130306
    -0.000629666    -0.000769476
      0.00504301      0.00416913
      0.00189002      0.00241083
    -0.000834398    -0.000934081
       0.0084903       0.0116437
     -0.00057344    -0.000564669
     -0.00100464    -0.000889518
    -0.000274377    -0.000411026
      0.00103651     0.000327547
     0.000948996     0.000434671
    -0.000721668    -0.000853675
      0.00496447      0.00660016
    -0.000944748    -0.000879022
     -9.6692e-05    -0.000253578
    -0.000671565     -0.00064908
    -0.000767073    -0.000832464
      0.00477463      0.00518417
    -0.000758882    -0.000660725
    -0.000751166    -0.000920563
      0.00184374      0.00133229
    -0.000459492    -0.000418847
      0.00281287        0.003465
     0.000651974     0.000369582
     -0.00117769     -0.00110151
      0.00125947      0.00128523
    -0.000996103     -0.00112323
       0.0012977      0.00121596
    -0.000486795    -0.000544629
      0.00401992      0.00327143
    -0.000662318    -0.000704368
    -0.000916438    -0.000951553
    -0.000410995    -0.000480903
     -0.00116308     -0.00112281
    -0.000568014    -0.000642592
    -0.000947519    -0.000933477
     -0.00106037     -0.00108432
      -0.0010589     -0.00114229
    -0.000394681    -0.000518782
    -0.000803178    -0.000681476
    -0.000363045    -0.000579819
    -0.000609215     -0.00069957
    -0.000846895    -0.000908265
     -0.00065765    -0.000677675
     -0.00082177    -0.000940993
      0.00644206      0.00439047
     -0.00065465    -0.000711342
    -0.000878004    -0.000881309
    -0.000689468    -0.000659334
    -0.000938549    -0.000974013
    -0.000715149    -0.000699789
      0.00303239      0.00245019
     0.000362919     0.000448895
    -0.000609268    -0.000680789
    -0.000655177    -0.000655655
    -0.000773144    -0.000692428
     0.000780245     0.000877125
    -0.000528529    -0.000562493
    -0.000666187    -0.000761963
    -0.000712259    -0.000720815
      0.00055169      9.2593e-05
      0.00526241      0.00558772
    -0.000542068     -0.00054834
      0.00813502      0.00977066
    -0.000995369    -0.000922158
      0.00221189      0.00136226
        0.014627       0.0119866
     -0.00140097     -0.00125815
      0.00273829      0.00355971
      0.00169963      0.00288362
     0.000382437     0.000110584
    -0.000433245    -0.000492908
    -0.000562874    -0.000685526
      0.00164211      0.00185677
     -0.00119096     -0.00127176
    -0.000521852    -0.000855621
      0.00521804       0.0059927
       0.0039272      0.00268077
    -0.000658446     -0.00070405
    -0.000907857     -0.00101634
    -0.000575702     -0.00063238
      0.00770478      0.00605775
      0.00110309     0.000543253
      0.00155447      0.00147175
    -0.000514025    -0.000532706
    -0.000128889    -0.000374986
      0.00624726      0.00557246
      0.00779845      0.00637253
     -6.7593e-05     6.57121e-05
      0.00472696      0.00409746
    -0.000351059    -0.000417951
    -0.000876559    -0.000926527
    -0.000673851    -0.000634727
       0.0179829       0.0141839
     0.000222851    -0.000417582
     0.000601854    -6.67848e-05
    -0.000336891    -0.000667106
     0.000847952       0.0007139
    -0.000393136    -0.000598804
    -0.000409477    -0.000420467
     0.000173263     0.000172353
     -0.00092564    -0.000567354
    -0.000740764    -0.000775093
    -0.000317342    -0.000426245
     -6.7559e-05     0.000590066
     -0.00108801     -0.00100769
      0.00552611      0.00434819
    -0.000944524    -0.000746507
     0.000567197      0.00076993
    -0.000722342    -0.000690043
      0.00406611      0.00471455
     -0.00126958     -0.00127274
    -0.000795268     -0.00103392
    -0.000646195    -0.000697881
     -0.00124327     -0.00106752
    -0.000435766    -0.000501694
    -0.000590528    -0.000504888
     -1.8505e-05    -0.000243466
    -0.000642034    -0.000678936
     -5.6736e-05    -0.000676701
     -0.00142454     -0.00133888
    -0.000434592    -0.000393107
    -0.000293572     4.83698e-05
    -0.000273924    -0.000362632
      0.00189487      0.00205605
    -0.000192172     -0.00034277
    -0.000943756    -0.000936514
    -0.000689588    -0.000615653
    -0.000983646     -0.00113955
    -0.000427239    -0.000517176
      -0.0011784     -0.00118057
    -0.000738845    -0.000769994
    -0.000519902    -0.000566738
      0.00211824      0.00168908
     -0.00059512     -0.00065111
    -0.000630238    -0.000648349
    -0.000641799    -0.000719683
     0.000400459     0.000198752
    -0.000569025    -0.000547212
    -0.000390715    -0.000380939
     -0.00085269     -0.00124693
      0.00259446      0.00231511
    -0.000367329    -0.000856165
     0.000262562     -0.00027807
       0.0105801       0.0114115
    -0.000632866    -0.000787699
      0.00542462        0.003399
    -0.000556537    -0.000658282
    -0.000573478    -0.000484767
      0.00252944      0.00201309
     -0.00100436     -0.00140613
    -0.000481078    -0.000362139
     -0.00101437     -0.00102249
     -0.00101382     -0.00101599
    -0.000710644    -0.000711156
    -0.000506433    -0.000432921
    -0.000612862     -0.00116343
    -0.000713689    -0.000723203
    -0.000834608    -0.000729535
      0.00129644     0.000628612
      0.00300245      0.00298897
    -0.000673103    -0.000685626
    -0.000981254     -0.00124996
     -0.00103504     -0.00121594
     -0.00042967    -0.000529204
    -0.000629086    -0.000692173
    -0.000121718    -0.000279878
    -0.000827335    -0.000905269
      0.00671204      0.00606743
    -0.000553058    -0.000618316
    -0.000913445     -0.00102855
      5.5722e-05    -0.000103071
     -0.00124817    -0.000916429
     0.000727104      0.00102631
    -0.000369826    -0.000791457
     -0.00043574    -0.000439217
      0.00488599      0.00534553
    -0.000790666    -0.000788801
     0.000111145    -0.000135831
    -0.000687552    -0.000612575
      0.00363044      0.00356697
     -1.4643e-05    -4.31244e-05
     -0.00052295    -0.000538579
    -0.000655005    -0.000720972
    -0.000756276    -0.000653471
       3.672e-05     -0.00047172
     0.000402815     0.000903363
      -0.0013273     -0.00127973
     -2.7283e-05    -0.000293088
    -0.000113909    -0.000288229
     -0.00118911     -0.00121939
    -0.000555058    -0.000580717
    -0.000283032    -0.000304668
      0.00209435      0.00200852
      0.00171707     0.000767808
     0.000533873     0.000565756
      0.00279272      0.00279861
    -0.000461695    -0.000472834
      0.00190593      0.00155738
    -0.000675692    -0.000702979
    -0.000242769    -0.000544007
     -0.00130607     -0.00150538
      8.7296e-05    -0.000124069
       0.0117592       0.0083427
    -0.000505263    -0.000285528
    -0.000654969    -0.000701965
    -0.000142718    -0.000261248
    -0.000573694    -0.000593406
    -0.000813996    -0.000825052
     0.000188465    -0.000303778
    -0.000641502    -0.000548137
    -0.000942025    -0.000628378
    -0.000593629    -0.000596676
    -0.000464245    -0.000696541
     0.000279946     0.000275441
      0.00703597      0.00504518
      0.00366647      0.00270056
     -0.00086174     -0.00110384
    -0.000595223    -0.000451237
     -0.00034625    -0.000339433
     -0.00109808     -0.00104245
    -0.000629935    -0.000571568
    -0.000847113    -0.000876555
    -0.000640352    -0.000910746
    -0.000720988    -0.000674492
     -0.00049969    -0.000488458
      0.00490858      0.00573479
     0.000359893    -8.48691e-05
     -0.00087292    -0.000842284
    -0.000945086     -0.00093086
      0.00554287      0.00431272
    -0.000884337    -0.000900552
      0.00261955      0.00232295
     0.000758153      0.00101502
      0.00467186      0.00462097
    -0.000709171    -0.000868717
      0.00041089     0.000393926
    -0.000550859    -0.000596909
      0.00246614      0.00117052
    -0.000869871     -0.00106913
    -0.000820958     -0.00079061
     0.000128609      0.00051651
      0.00351696      0.00409445
    -0.000777155     -0.00099842
      0.00479475       0.0037559
    -0.000597788    -0.000744032
    -0.000495017    -0.000516071
     -0.00113791       -0.001122
     0.000107448     -0.00030714
    -0.000724404    -0.000890152
    -0.000692719    -0.000606079
    -0.000385905    -0.000787962
      0.00257151      0.00119561
      0.00522213      0.00616662
    -0.000435583    -0.000409054
     0.000538493    -0.000160565
     0.000607955     0.000370231
    -0.000682706    -0.000804675
     -5.0687e-05     -0.00069212
    -0.000961511      -0.0009088
    -0.000794683    -0.000836717
    -0.000179325    -0.000685327
    -0.000494093    -0.000510591
    -0.000857698    -0.000827202
    -0.000501328    -0.000291935
    -0.000146307    -0.000256645
    -0.000678217    -0.000728056
    -0.000959604     -0.00116199
      0.00188569      0.00158534
    -0.000549438    -0.000650454
       0.0034864      0.00336769
     -0.00109952     -0.00104033
      -0.0012025     -0.00127685
     0.000774762     0.000878338
      0.00602382       0.0051348
     -5.1398e-05    -0.000300429
    -0.000528313    -0.000583967
      0.00170551      0.00188769
    -0.000485392    -0.000285354
    -0.000686684     -0.00068136
      0.00447055       0.0046291
     -0.00107877      -0.0010862
    -0.000741227    -0.000860088
      0.00273173      0.00414612
    -0.000671895    -0.000717885
      0.00153233     0.000777516
      0.00797649      0.00825961
    -0.000515506    -0.000646196
    -0.000530556    -0.000575649
    -0.000678971    -0.000738472
    -0.000363461    -0.000483544
     -0.00113222     -0.00136853
        0.008465      0.00958897
    -0.000612029    -0.000652933
      0.00845182      0.00833662
     0.000241371    -0.000246458
      0.00709483      0.00588287
     0.000109035    -0.000337234
     0.000820995     0.000256361
    -0.000335861    -0.000646071
    -0.000808201    -0.000713124
     0.000775194     0.000354425
    -0.000826141    -0.000982471
     -0.00137762     -0.00139101
    -0.000486709    -0.000873165
      0.00945109      0.00961922
    -0.000709112    -0.000737809
    -0.000556694    -0.000715204
     -0.00110403     -0.00109496
      -0.0012163     -0.00125758
        0.022009       0.0192605
    -0.000465439    -0.000400176
      0.00101874      0.00112985
    -0.000557173    -0.000735207
    -0.000625453    -0.000684227
      3.8228e-05    -8.82752e-06
    -0.000467072    -0.000488164
    -0.000554912    -0.000604409
    -0.000921712    -0.000838895
     -0.00068191    -0.000805515
      0.00629476      0.00436046
    -0.000571665    -0.000613632
      0.00126371      0.00082481
    -0.000716419    -0.000812241
     -0.00059628     -0.00065181
     0.000999855      0.00081305
    -0.000586608    -0.000611933
    -0.000632667    -0.000624352
    -0.000490624    -0.000481745
    -0.000185583    -0.000682169
    -0.000645981     -0.00101644
    -0.000700066    -0.000573664
    -0.000806737    -0.000771666
      0.00192266      0.00159142
        0.010759       0.0116476
    -0.000660686    -0.000666838
    -0.000862948     -0.00112749
    -0.000615263    -0.000720916
    -0.000878013     -0.00091371
      0.00834038      0.00790956
    -0.000560952    -0.000785996
    -0.000713952    -0.000771882
    -0.000338745    -0.000458275
    -0.000897994    -0.000866678
    -0.000840386     -0.00105852
    -0.000487324    -0.000459445
    -0.000592445    -0.000672575
    -0.000843129    -0.000831325
    -0.000378004    -0.000412967
    -0.000500521     -0.00055307
     0.000590103     0.000133838
     -0.00138066     -0.00139075
     -0.00181914     -0.00196179
     0.000514342      0.00011858
    -0.000506955    -0.000580405
    -0.000978362     -0.00100948
    -0.000846071    -0.000918225
     -0.00021954    -0.000407591
    -0.000573335    -0.000856945
    -0.000706456    -0.000917381
     0.000185418       -0.000237
      0.00359576      0.00293513
    -0.000460111    -0.000380324
     -0.00149499     -0.00160961
      0.00617752      0.00743363
    -0.000795187    -0.000758928
      0.00735119      0.00580229
    -0.000457872    -0.000420286
    -0.000628965    -0.000775084
    -0.000399385     -0.00042791
     -0.00012593    -0.000357167
       0.0111104      0.00843074
        0.010361       0.0105819
     -0.00027889    -0.000218319
    -0.000658582    -0.000578662
    -0.000699179    -0.000743261
    -0.000311943    -0.000454189
    -0.000493404    -0.000801643
    -0.000409597    -0.000411258
    -0.000673178    -0.000841759
     -0.00086288     -0.00101613
    -0.000611796    -0.000503497
    -0.000919615    -0.000820664
       0.0043767      0.00576994
    -0.000579003    -0.000485062
    -0.000840019    -0.000991707
      0.00765043      0.00826413
     -0.00115042     -0.00139367
    -0.000410724    -0.000428631
    -0.000509144     -0.00116093
      0.00563958       0.0063659
    -0.000566011     -0.00071266
    -0.000608877    -0.000612341
    -0.000703052    -0.000792793
    -0.000346433    -0.000690303
     -0.00157753     -0.00155824
    -0.000722916    -0.000809707
    -0.000603274    -0.000705879
    -0.000890221     -0.00100275
     -0.00103869     -0.00106379
     -0.00109884     -0.00113894
     -0.00114784     -0.00155269
     0.000945295      0.00158506
      0.00540264      0.00552718
    -0.000686046    -0.000618605
      0.00673733      0.00879637
    -0.000448217    -0.000393313
       0.0164212       0.0155868
    -0.000599806    -0.000637922
     -4.4017e-05     -0.00015063
       0.0110014       0.0103459
     -5.4434e-05    -0.000597385
     -0.00115305     -0.00147129
    -0.000792906    -0.000912874
      0.00475417      0.00568743
    -0.000692375    -0.000615931
       0.0111619       0.0101279
       2.416e-05    -0.000360781
    -0.000353302    -0.000210359
    -0.000574086    -0.000776843
    -0.000551606    -0.000938424
    -0.000730334    -0.000755936
      0.00320262        0.003243
      0.00457676      0.00301505
    -0.000687616    -0.000703105
    -0.000608807     -0.00063063
      0.00214751      0.00174599
      0.00647949      0.00714467
      0.00210748      0.00129866
      0.00400199      0.00479143
    -0.000825265    -0.000970767
      0.00391125      0.00480344
      0.00295055      0.00420167
     -0.00106444    -0.000957201
    -0.000546516    -0.000389838
    -0.000716461    -0.000614761
    -0.000423508    -0.000724519
     0.000586914     0.000212657
    -0.000180892    -0.000276326
     -0.00100923     -0.00123415
      -1.608e-05    -0.000262762
      0.00201038      0.00264624
    -0.000601587    -0.000738433
    -0.000561349    -0.000602415
      9.7608e-05    -2.86176e-05
    -0.000683244    -0.000807458
    -0.000627326     -0.00056688
     -0.00145549     -0.00153281
    -0.000666109    -0.000720298
     -0.00103974     -0.00104363
     0.000409202     -3.0121e-05
    -0.000673538     -0.00077972
     0.000162631     0.000188277
      0.00974053      0.00886711
     -0.00011461    -0.000325218
    -0.000726382     -0.00081608
     -0.00150786     -0.00151809
    -0.000838239    -0.000938448
      0.00276667       0.0018957
    -0.000133778    -0.000366146
    -0.000687594    -0.000711705
     -0.00083613    -0.000928105
    -0.000743332    -0.000662359
    -0.000713135    -0.000795125
      0.00384161      0.00496997
     0.000862418     0.000969372
    -0.000487634    -0.000594271
    -0.000439259    -0.000868692
    -0.000620402    -0.000645118
    -0.000826538    -0.000804676
     -0.00169519     -0.00182774
     -0.00038059    -0.000573374
      0.00244554      0.00176658
     -0.00073129    -0.000773766
       0.0021582      0.00102177
    -0.000687702     -0.00074713
     -0.00157596     -0.00167088
      0.00576224      0.00528084
     -0.00114763     -0.00100631
       0.0150771       0.0147787
    -0.000375246    -0.000757733
    -0.000263656    -0.000512926
     -0.00100044    -0.000892448
    -0.000210469    -0.000338613
    -0.000619359    -0.000362679
    -0.000820845    -0.000830925
     -0.00154561     -0.00164983
      0.00181871     0.000687327
     -0.00147731     -0.00144983
     0.000909181     0.000479124
       0.0127305       0.0126943
    -0.000559686    -0.000627761
      0.00177011      0.00163766
     -0.00055203    -0.000573316
    -0.000670041    -0.000756029
    -0.000527801    -0.000520874
     -0.00122629     -0.00129495
    -0.000526964    -0.000387593
       0.0014485      0.00146397
    -0.000684373    -0.000937474
    -0.000481202    -0.000685905
    -0.000384052    -0.000421837
    -0.000621057    -0.000704178
    -0.000740926    -0.000814579
      1.7753e-05    -0.000143617
    -0.000830856     -0.00096385
    -0.000791096     -0.00078192
     -0.00114918     -0.00105663
     0.000434115     9.16033e-05
    -0.000846243    -0.000954081
      0.00179798      0.00109359
    -0.000713176    -0.000824707
     -0.00083722    -0.000936646
     -0.00109128     -0.00120348
    -0.000854236    -0.000875209
     -0.00167331     -0.00185538
     0.000354279      0.00060969
    -0.000541969    -0.000708552
    -0.000611659    -0.000620985
    -0.000134024     0.000214394
    -0.000345439    -0.000481663
     0.000261342    -0.000361355
     -0.00143356     -0.00145459
      0.00311873      0.00349314
     0.000410147     0.000490252
     -0.00016249    -0.000265155
       0.0105172       0.0103508
     -0.00111839     -0.00122585
    -0.000516849    -0.000568322
     -0.00106657    -0.000897293
    -0.000844161    -0.000841033
      0.00221243       0.0020435
     0.000500382     0.000195174
    -0.000828125    -0.000758472
    -0.000590862    -0.000692871
    -0.000573929    -0.000548791
    -0.000946038     -0.00101804
    -0.000384529    -0.000474197
     -0.00105357    -0.000931403
       0.0033203      0.00281124
    -0.000723274    -0.000868323
    -0.000566616    -0.000625521
       0.0110429       0.0131142
      0.00107724     0.000605213
    -0.000654717    -0.000723881
    -0.000670526    -0.000601145
    -0.000865249    -0.000734604
    -0.000850087    -0.000676718
    -0.000692375    -0.000772771
     -0.00114889     -0.00123958
     0.000803146     0.000273432
     0.000792456      0.00040829
     -0.00100004     -0.00112869
    -0.000807129     -0.00114888
    -0.000823992    -0.000851318
     -0.00049516    -0.000747398
    -0.000407823    -0.000384171
     -0.00125149     -0.00136775
    -0.000684499    -0.000723603
     -0.00119517     -0.00135152
      0.00120041      0.00160423
      0.00340218      0.00253212
    -0.000316131    -0.000447565
      -0.0005842      -0.0006603
    -0.000664139    -0.000705636
      0.00580348      0.00672345
     0.000583119      0.00070424
    -0.000394712    -0.000395421
     -0.00045843    -0.000408691
    -0.000656012    -0.000570791
      0.00291441      0.00327297
       -0.000465    -0.000447417
    -0.000530186     -0.00042411
     0.000326605    -0.000160755
      0.00600356      0.00375408
     0.000477569     0.000111358
     -0.00113304     -0.00115407
     -0.00147698     -0.00158415
     -0.00131639     -0.00129443
      0.00237603      0.00228732
    -0.000822345     -0.00100154
      -0.0004962    -0.000551337
    -0.000551188    -0.000646291
    -0.000547359    -0.000549266
    -0.000779393     -0.00039448
    -0.000526676    -0.000613159
    -0.000786854    -0.000786322
    -0.000518978    -0.000527722
    -0.000671187    -0.000667181
    -0.000498988    -0.000470493
    -0.000460454    -0.000462813
     -0.00117187     -0.00111147
    -0.000345855    -0.000458842
    -0.000502303    -0.000645169
     0.000993262     0.000441203
    -0.000686345    -0.000673035
     0.000139789     0.000129544
     0.000480521      0.00055051
    -0.000904001    -0.000970463
    -0.000508778    -0.000480873
    -0.000531423     -0.00056696
    -0.000340424    -0.000455535
      0.00555307      0.00554683
      0.00447975      0.00470401
      0.00619748      0.00536603
    -0.000627101    -0.000617064
    -0.000466846    -0.000473959
      -2.606e-05    -0.000208402
    -0.000550306    -0.000582234
    -0.000692868     -0.00112873
    -0.000405126    -0.000839576
      0.00191281      0.00110796
    -0.000960044     -0.00103277
     -0.00162008      -0.0015167
      0.00887274      0.00720939
    -0.000704793    -0.000715958
      0.00118866     0.000254034
     -0.00115652     -0.00117859
    -0.000759706    -0.000896346
    -0.000674245    -0.000601572
     -0.00207914     -0.00226863
    -0.000636792    -0.000621358
       0.0029004      0.00242336
     -0.00101815     -0.00103389
    -0.000693459    -0.000773283
    -0.000758779    -0.000841273
      0.00423444      0.00406057
      1.5301e-05    -0.000111644
      0.00192898     0.000833855
    -0.000981633    -0.000944506
    -0.000188225     0.000283764
    -0.000707256     -0.00100423
    -0.000491771    -0.000573779
      -0.0013784     -0.00171095
    -0.000849894    -0.000819235
    -0.000725512    -0.000719799
     -0.00120525     -0.00121853
     0.000152259     5.21523e-05
    -0.000876112    -0.000982617
      0.00204089      0.00165488
    -0.000452389    -0.000517956
    -0.000164673    -0.000469357
    -0.000809694     -0.00079801
      0.00105013     0.000823851
    -0.000877434    -0.000829493
    -0.000719405    -0.000776607
    -0.000433491    -0.000647102
    -0.000812464    -0.000998182
      0.00918601       0.0101159
     0.000682572     0.000314841
      0.00994366        0.010001
      0.00270125      0.00231731
    -0.000381536    -0.000522937
    -0.000478024    -0.000553922
    -0.000586007    -0.000580015
    -0.000564708     -0.00100517
       0.0140437       0.0122665
     -0.00123035     -0.00136792
    -0.000630581    -0.000749667
    -0.000781583     -0.00100523
    -0.000434238     -0.00048788
    -0.000869621    -0.000774946
      0.00084105     0.000200695
    -0.000468739    -0.000374628
    -0.000363564    -0.000326774
      0.00191612       0.0024564
      0.00622106      0.00593847
    -0.000652791    -0.000802022
    -0.000631286    -0.000701306
    -0.000649069    -0.000641493
     0.000694383     0.000685031
    -0.000460504    -0.000857832
     0.000836815     0.000230071
    -0.000774137    -0.000775075
    -0.000676634    -0.000936769
    -0.000579161    -0.000539129
    -0.000727568    -0.000693924
    -0.000699005     -0.00099859
    -0.000755939    -0.000967123
     -0.00108246     -0.00117826
    -0.000397929    -0.000667974
      0.00488808      0.00577097
    -0.000910825    -0.000831086
     -0.00091578    -0.000872121
    -0.000438103    -0.000640459
    -0.000556325    -0.000679656
    -0.000901435    -0.000762922
     -0.00114541     -0.00101672
    -0.000899278     -0.00097895
     0.000189085    -0.000442281
     -0.00029304    -0.000620402
    -0.000530627    -0.000435443
    -0.000760879    -0.000678015
      0.00304272      0.00155478
      0.00471007      0.00358009
    -0.000709416    -0.000758219
      -0.0010517     -0.00128005
     0.000845079     0.000219412
      0.00547155      0.00591559
    -0.000473311    -0.000528274
       0.0017077     0.000569756
      -0.0012948     -0.00146063
      0.00470157      0.00411493
     -0.00050501    -0.000506944
    -0.000437468    -0.000605285
    -0.000782222    -0.000878628
    -0.000861263    -0.000789411
       0.0045233      0.00497177
    -0.000672531    -0.000609541
      0.00167347       0.0011303
    -0.000989767     -0.00100578
     -0.00132333     -0.00117623
      0.00253866      0.00409359
      0.00219531      0.00212205
     -0.00088146     -0.00106574
    -0.000911284     -0.00086395
    -0.000608414    -0.000644215
      0.00336773      0.00434883
    -0.000556019    -0.000452827
      -0.0011137    -0.000983973
    -0.000866913    -0.000796543
    -0.000314615    -0.000769712
    -0.000778569    -0.000720199
    -0.000728208    -0.000815481
      0.00275078      0.00186966
     -0.00126487     -0.00138983
    -0.000639156    -0.000693357
    -0.000253749    -0.000458733
    -0.000741715    -0.000856719
    -0.000649626    -0.000776452
    -0.000651791    -0.000978665
    -0.000634272     -0.00086405
    -0.000525776    -0.000904367
      0.00891809      0.00791602
    -0.000310694    -0.000399405
     -0.00100068     -0.00100215
      0.00447035      0.00452088
      -0.0007747    -0.000709735
    -0.000773099    -0.000810056
    -0.000783237    -0.000809734
    -0.000642766     -0.00113453
    -0.000497236    -0.000333663
    -0.000841091    -0.000796495
      0.00403134      0.00413074
    -0.000827959    -0.000747651
    -0.000557299    -0.000595522
      0.00102522      0.00068222
    -0.000164918    -0.000300208
     -0.00071948    -0.000696103
       0.0011874     0.000308808
        0.013668       0.0134479
    -0.000303483    -0.000320927
     -9.5495e-05    -0.000613837
      0.00678888      0.00684477
     -0.00142457     -0.00151623
      0.00024707     0.000223971
    -0.000646066    -0.000756524
      0.00978336      0.00803274
    -0.000512637    -0.000876384
      0.00217573      0.00148854
      0.00300941      0.00288126
    -0.000717668    -0.000792476
    -0.000869456    -0.000891975
    -0.000273784    -0.000784198
    -0.000972172     -0.00117004
    -0.000504358    -0.000495338
    -0.000827675    -0.000807658
    -0.000573877    -0.000617584
    -0.000711687    -0.000756172
    -0.000862374    -0.000984279
    -0.000962261    -0.000852137
       0.0029846      0.00297349
    -0.000642712    -0.000815497
      5.2962e-05    -0.000126594
      0.00398333      0.00342515
     -0.00113709     -0.00114357
    -0.000912122    -0.000940283
       0.0106799       0.0121879
      0.00689024      0.00669965
     -0.00128009     -0.00129788
    -0.000720943     -0.00106174
    -0.000659856    -0.000591402
      0.00139391       0.0012347
      0.00631699      0.00804256
    -0.000314066    -0.000439565
    -0.000680961    -0.000669431
    -0.000639757    -0.000673269
    -0.000778447    -0.000939428
      0.00473686      0.00446327
    -0.000541539    -0.000420321
     0.000437851     0.000295002
    -0.000334237    -0.000438983
     -0.00125427     -0.00127628
    -0.000364831     -0.00041992
    -0.000448676    -0.000496991
    -0.000940257     -0.00104696
    -0.000668941    -0.000719054
    -0.000167823    -0.000642799
    -0.000454178    -0.000402444
      0.00583378      0.00518877
    -0.000634786    -0.000690914
    -0.000608908    -0.000674943
    -0.000706437     -0.00068897
    -0.000545045    -0.000514015
    -0.000435702    -0.000504547
    -0.000854337    -0.000934681
     -0.00129509     -0.00118766
     -0.00013269     0.000118915
      0.00226344      0.00206294
      0.00279809      0.00265026
    -0.000679511     -0.00074854
    -0.000559786    -0.000588829
    -0.000197332    -0.000457651
    -0.000251322    -0.000449519
    -0.000872482    -0.000776223
    -0.000234571    -0.000280653
      0.00306431      0.00216878
      0.00103944     0.000776532
      0.00114761       0.0011128
      0.00135878      0.00126646
     -5.8696e-05    -0.000385149
      0.00238148       0.0026036
    -0.000930944    -0.000999661
     -0.00122112     -0.00128379
      -0.0008685     -0.00102824
     -0.00086507    -0.000862733
      0.00244945      0.00151994
     -0.00115879     -0.00125008
     -4.8845e-05    -0.000353883
      0.00372017      0.00292542
     -0.00115269     -0.00106378
    -0.000499876    -0.000518921
    -0.000621586    -0.000407384
     0.000426235     0.000267652
      0.00116517     0.000966964
    -0.000887676      -0.0010569
    -0.000207234    -0.000574287
      0.00401227      0.00411735
      0.00207412      0.00194364
    -0.000356175    -0.000292581
    -0.000154434     -0.00056425
     -0.00091808     -0.00113833
    -0.000665763    -0.000788411
    -0.000471098    -0.000450579
    -0.000357016    -0.000450478
    -0.000567669    -0.000853981
      0.00115435      0.00084369
     -0.00108345     -0.00103519
    -0.000703878    -0.000713347
     0.000192494     0.000632991
      0.00301008      0.00260843
     -0.00115013     -0.00123941
      0.00234793      0.00181858
    -0.000450104    -0.000641364
      0.00419096        0.003334
    -0.000778226    -0.000895467
    -0.000597522    -0.000639336
    -0.000677427    -0.000731277
      0.00517611      0.00342059
      0.00365745       0.0021877
      0.00371554      0.00287029
    -0.000360445    -0.000508286
     -0.00115136     -0.00117658
     0.000329558    -0.000229387
      -0.0017055     -0.00175055
    -0.000654232    -0.000592485
    -0.000628408    -0.000790507
    -0.000675688    -0.000804105
      0.00224039      0.00270953
    -0.000743571    -0.000687612
    -0.000924982     -0.00100032
    -0.000725594    -0.000806717
    -0.000948952     -0.00100764
       0.0111925       0.0125822
      0.00561496      0.00548193
    -0.000521685    -0.000548216
    -0.000488127    -0.000630182
      0.00362632      0.00392381
    -0.000688194    -0.000649401
    -0.000497654    -0.000514621
      0.00507243      0.00494515
      0.00465184      0.00428306
    -0.000127536    -0.000209186
    -0.000715818    -0.000680409
     -0.00142917     -0.00159865
     0.000475926    -0.000156314
      0.00183044      0.00190592
    -0.000700723    -0.000944393
    -0.000437664    -0.000141834
      0.00107123     0.000939057
     -0.00128004     -0.00155437
      0.00547987      0.00476284
     -0.00061748    -0.000775631
    -0.000238949    -0.000496293
     0.000267157    -3.71941e-06
      0.00374363      0.00324603
    -0.000564767    -0.000754961
    -0.000648489    -0.000657372
      0.00560135      0.00567239
    -0.000474827    -0.000520734
     0.000594609     3.58211e-05
    -0.000359971    -0.000472171
      0.00965381      0.00817707
      -0.0006395    -0.000660538
    -0.000605676    -0.000700564
    -0.000532137    -0.000581867
      0.00984099       0.0102412
      0.00045745      8.4329e-05
    -0.000376146    -0.000315754
    -0.000583626    -0.000781331
    -0.000342311    -0.000550917
      0.00404709      0.00306303
    -0.000839903    -0.000891173
     0.000132912    -6.46813e-05
    -0.000698711     -0.00115975
    -0.000206392    -0.000364842
    -0.000524759    -0.000562348
     0.000996898      0.00133237
    -0.000476139    -0.000446355
