QM Energy	FF Energy
     -0.00019875    -0.000205735
     -0.00078264    -0.000699265
     -9.8561e-05     -0.00010723
    -0.000229823    -0.000239963
     -0.00030586    -0.000291077
     -8.9257e-05    -7.69588e-05
      -6.093e-06     -6.9239e-06
    -0.000348208    -0.000325125
    -0.000271617    -0.000309054
      -9.655e-06    -1.13528e-05
     -2.0979e-05     -2.3456e-05
     -1.7153e-05    -1.80298e-05
    -0.000146357    -0.000166986
     -9.1349e-05    -0.000107147
    -0.000932587    -0.000898047
     -1.6656e-05    -2.04073e-05
    -0.000882818     -0.00073843
    -0.000135044    -0.000149705
      -3.934e-05    -3.97872e-05
     -3.7707e-05    -5.11549e-05
     -0.00090843    -0.000841538
     -1.7484e-05     -2.1398e-05
     -9.4693e-05    -0.000109154
    -0.000192098    -0.000152863
      -6.181e-06    -6.75619e-06
     -1.5795e-05      -1.687e-05
     -2.8891e-05    -3.04413e-05
     -0.00137044     -0.00114737
     -0.00022435     -0.00025452
      -2.147e-05    -2.12821e-05
     -2.2246e-05    -2.43799e-05
     -2.7909e-05    -3.42297e-05
     -0.00109752     -0.00108396
      -3.469e-06    -3.67699e-06
      -2.447e-06    -4.43763e-06
     -7.4303e-05    -8.12282e-05
    -0.000179869    -0.000202701
     -8.5507e-05    -8.99884e-05
     -4.8263e-05    -5.54923e-05
    -0.000337265    -0.000322537
     -2.4443e-05    -2.32275e-05
     -5.3496e-05    -5.51721e-05
     -0.00164382      -0.0014995
     -3.0216e-05    -2.87588e-05
     -0.00081424    -0.000599044
     -0.00204438     -0.00184447
     -2.8176e-05    -2.74986e-05
     -1.2876e-05    -1.59335e-05
     -0.00120794     -0.00146013
     -1.5764e-05    -1.66458e-05
    -0.000709934    -0.000681776
    -0.000136248    -0.000128276
    -0.000254378    -0.000240563
    -0.000199912    -0.000204773
     -6.5278e-05    -7.12904e-05
    -0.000158201    -0.000184783
     -4.5225e-05    -5.60224e-05
    -0.000128635    -0.000123002
    -0.000458362    -0.000445807
     -0.00146668     -0.00125621
     -0.00083776    -0.000764326
    -0.000356194    -0.000325558
    -0.000124469    -0.000130416
     -9.3233e-05     -0.00010996
     -3.4186e-05     -3.6598e-05
     -2.4581e-05    -2.69956e-05
     -0.00128531     -0.00113794
      -2.169e-05    -2.49741e-05
    -0.000203524    -0.000221633
    -0.000185253    -0.000151446
      -8.034e-05    -7.77776e-05
     -8.4299e-05    -0.000102894
    -0.000415796    -0.000394939
     -1.9079e-05    -2.36724e-05
      -7.707e-06    -9.32655e-06
     -2.4385e-05    -2.78543e-05
     -2.9181e-05    -3.03558e-05
     -0.00167811     -0.00170647
    -0.000748702    -0.000476803
     -8.5647e-05    -8.92348e-05
    -0.000957072    -0.000852755
     -0.00103234     -0.00097388
      -5.095e-05    -6.95284e-05
     -0.00245196     -0.00237163
      -7.851e-06    -1.08806e-05
     -4.3722e-05      -4.173e-05
    -0.000156643    -0.000161364
    -0.000499804    -0.000479303
    -0.000699283    -0.000670623
      -4.412e-05    -3.98267e-05
     -0.00119754     -0.00116203
     -3.7568e-05    -4.88683e-05
    -0.000352692    -0.000347801
      -6.229e-06    -8.50065e-06
     -3.9178e-05    -4.84368e-05
     -0.00146324     -0.00152816
     -1.5626e-05    -1.78227e-05
     -8.8332e-05    -0.000108992
    -0.000708902    -0.000664163
     -1.0787e-05    -1.75029e-05
     -0.00104094     -0.00105147
    -0.000930358    -0.000891894
      -4.772e-05     -4.5513e-05
    -0.000580424    -0.000523743
     -6.4598e-05    -8.28289e-05
    -0.000669986    -0.000623821
     -6.6251e-05    -7.85299e-05
    -0.000698978    -0.000733897
      -1.305e-05    -1.51599e-05
    -0.000149317    -0.000150595
     -5.5571e-05    -6.72866e-05
     -6.0752e-05    -7.25314e-05
     -1.4385e-05    -1.75108e-05
      -1.631e-05     -2.0228e-05
     -4.4672e-05     -4.4016e-05
    -0.000160039    -0.000160258
     -8.1045e-05    -9.72507e-05
      -5.358e-05     -5.8819e-05
    -0.000122672     -0.00012632
     -1.7755e-05    -2.37229e-05
     -2.7699e-05    -2.79882e-05
     -2.9448e-05     -2.9086e-05
     -5.6407e-05    -5.43229e-05
     -0.00122902     -0.00118817
     -1.2215e-05    -1.43655e-05
     -2.1018e-05    -2.43783e-05
      -1.513e-05    -1.98662e-05
     -2.4413e-05    -3.24337e-05
     -1.8526e-05     -2.3187e-05
    -0.000710452    -0.000624389
    -0.000565792    -0.000505565
     -2.4946e-05    -3.22193e-05
     -1.5223e-05     -1.8989e-05
     -3.5793e-05     -3.6512e-05
    -0.000936471    -0.000864283
     -1.4321e-05    -1.78676e-05
     -5.3838e-05    -5.64504e-05
     -1.2136e-05    -1.22866e-05
    -0.000438307    -0.000362867
     -0.00107338     -0.00108573
     -1.9145e-05    -2.62022e-05
     -0.00203915     -0.00210809
     -2.3685e-05    -3.62185e-05
    -0.000726333     -0.00065814
     -0.00194938     -0.00194265
     -0.00023134    -0.000252962
     -0.00105793    -0.000885857
     -0.00130498     -0.00126594
    -0.000616405    -0.000594842
     -2.1361e-05    -3.09456e-05
     -9.7756e-05    -9.95417e-05
    -0.000792031    -0.000762915
     -6.9196e-05    -8.35391e-05
    -0.000179148    -0.000171757
     -0.00116532     -0.00108445
    -0.000691966    -0.000698271
     -2.9562e-05    -3.15734e-05
     -3.4503e-05    -3.42345e-05
     -2.3176e-05    -2.49658e-05
     -0.00147223     -0.00131549
    -0.000453735    -0.000423123
    -0.000713171    -0.000669298
     -1.5197e-05    -1.71891e-05
    -0.000181623    -0.000203463
     -0.00138224     -0.00153956
     -0.00153932     -0.00139169
    -0.000139747     -0.00012413
     -0.00125974     -0.00122808
     -2.1418e-05    -2.69347e-05
     -9.0314e-05    -8.98533e-05
     -1.3004e-05    -1.54119e-05
     -0.00191338     -0.00202202
    -0.000317156    -0.000310793
    -0.000391988    -0.000345262
     -0.00048219    -0.000419356
    -0.000540926    -0.000518782
    -0.000402896    -0.000436202
     -1.5149e-05    -1.70551e-05
    -0.000467769    -0.000479259
    -0.000285713    -0.000302768
    -0.000213002    -0.000229382
     -4.9887e-05    -6.06676e-05
    -0.000424031    -0.000472553
     -3.3942e-05    -4.31674e-05
     -0.00135422     -0.00109651
     -4.7534e-05    -5.76265e-05
     -0.00066268    -0.000616987
     -2.1034e-05    -2.70373e-05
     -0.00131327     -0.00118439
     -0.00013719    -0.000155799
    -0.000839917    -0.000542268
     -4.6627e-05    -4.86416e-05
    -0.000107233    -0.000108845
     -0.00021776    -0.000228083
      -1.068e-05    -1.22635e-05
    -0.000160809    -0.000157509
     -4.8765e-05    -5.05538e-05
    -0.000721115     -0.00056247
    -0.000224165    -0.000252024
    -0.000257224    -0.000268742
    -0.000414103    -0.000442991
     -1.6662e-05    -1.86097e-05
    -0.000737616    -0.000733103
    -0.000210167    -0.000216642
     -4.6143e-05    -4.74926e-05
      -9.972e-06    -1.62979e-05
     -4.9822e-05     -5.8498e-05
     -2.7741e-05    -3.40925e-05
     -7.4465e-05    -7.07843e-05
      -2.847e-05    -3.43893e-05
     -2.9053e-05    -3.50483e-05
    -0.000694289    -0.000677932
      -7.792e-06    -8.45093e-06
     -1.4684e-05    -1.76111e-05
     -3.1323e-05     -3.1408e-05
    -0.000433214     -0.00043777
     -5.4042e-05    -5.56663e-05
      -4.885e-06    -5.75323e-06
    -0.000201601    -0.000186783
    -0.000755458    -0.000764392
    -0.000186001    -0.000187263
    -0.000847731    -0.000698329
      -0.0017181     -0.00199629
     -5.2966e-05    -5.18642e-05
     -0.00108477     -0.00106368
     -9.1772e-05    -9.17733e-05
     -4.6015e-05    -5.12326e-05
    -0.000848622    -0.000794236
    -0.000166899     -0.00016389
     -3.6388e-05     -4.4553e-05
       -5.89e-05    -5.79914e-05
     -6.8296e-05    -7.59103e-05
      -9.126e-06    -1.20694e-05
      -9.507e-06    -1.11031e-05
    -0.000165368    -0.000171264
    -0.000113091    -0.000121574
    -0.000122399    -0.000117361
    -0.000401605    -0.000367608
     -0.00103481     -0.00099242
     -1.3532e-05    -1.57217e-05
    -0.000127921    -0.000145408
     -8.0566e-05    -9.03804e-05
     -4.0431e-05    -4.36616e-05
     -2.3663e-05    -2.52198e-05
     -0.00018989     -0.00021083
     -9.4003e-05    -8.62688e-05
       -0.001533     -0.00141066
      -9.823e-06    -1.02817e-05
     -5.2999e-05    -6.05002e-05
    -0.000302542    -0.000290099
    -0.000298434    -0.000309962
    -0.000559864    -0.000553656
    -0.000206962    -0.000195203
      -9.214e-06    -1.27311e-05
     -0.00120374     -0.00137452
     -4.6504e-05    -4.79517e-05
    -0.000311015    -0.000305665
     -1.1489e-05    -1.46117e-05
     -0.00104902      -0.0010037
    -0.000327429    -0.000305046
     -1.2958e-05    -1.41698e-05
     -1.7674e-05    -1.74695e-05
     -2.2192e-05    -2.28718e-05
    -0.000689968    -0.000619537
    -0.000777759    -0.000783439
      -4.907e-05    -5.86169e-05
    -0.000132036      -0.0001747
    -0.000305812    -0.000282678
     -3.3293e-05    -4.49326e-05
      -6.136e-06    -8.05899e-06
      -7.763e-06     -1.1937e-05
     -0.00110354    -0.000872217
    -0.000595818    -0.000585252
    -0.000728917      -0.0007172
     -0.00125242     -0.00116872
     -1.1116e-05    -1.39022e-05
    -0.000760037    -0.000690696
     -6.2215e-05    -6.25491e-05
    -0.000265797     -0.00025076
    -0.000270717    -0.000293231
    -0.000240696    -0.000264158
     -0.00156844     -0.00156583
     -0.00036959    -0.000362919
     -1.2158e-05    -1.47742e-05
    -0.000289359    -0.000267003
     -2.1047e-05    -2.67456e-05
     -9.6324e-05    -0.000102063
    -0.000270227    -0.000241426
     -2.4611e-05    -2.79824e-05
    -0.000171688    -0.000186508
    -0.000195487    -0.000197147
    -0.000339429    -0.000335208
    -0.000216983    -0.000175537
     -0.00120916     -0.00121638
    -0.000922991    -0.000905329
    -0.000257629    -0.000247173
     -7.7138e-05    -8.40646e-05
      -3.681e-06    -4.72354e-06
    -0.000162389    -0.000146185
     -1.1891e-05    -1.32947e-05
      -9.674e-06    -1.43028e-05
    -0.000226448    -0.000246622
    -0.000265968    -0.000255698
     -1.9399e-05    -2.39699e-05
    -0.000890031    -0.000875112
    -0.000358867    -0.000354074
     -1.2804e-05    -1.42906e-05
     -4.3799e-05    -6.02047e-05
     -0.00116795     -0.00111017
     -1.5577e-05    -1.93297e-05
     -0.00097156    -0.000908782
    -0.000443168    -0.000483161
    -0.000949393    -0.000838711
    -0.000126985     -0.00014305
     -0.00029894    -0.000259345
       -8.91e-06    -1.04336e-05
    -0.000719565    -0.000657214
     -5.5109e-05    -5.60885e-05
    -0.000364561    -0.000364688
    -0.000536151    -0.000551412
     -0.00165509     -0.00146756
     -6.0423e-05     -7.3551e-05
     -0.00124438     -0.00115849
    -0.000131877    -0.000127935
     -1.9228e-05    -2.25247e-05
     -9.0491e-05    -9.43859e-05
    -0.000294836    -0.000290173
      -5.369e-05    -6.91593e-05
        -8.9e-06    -1.12567e-05
    -0.000243458    -0.000236629
    -0.000734268    -0.000619859
     -0.00163408     -0.00152608
     -1.3479e-05    -1.45267e-05
    -0.000540917    -0.000524884
    -0.000258629    -0.000209207
     -2.4211e-05    -3.08704e-05
    -0.000589123    -0.000413974
    -0.000100622    -9.91348e-05
     -6.9097e-05    -7.28095e-05
    -0.000878632    -0.000689997
      -1.409e-05    -1.70357e-05
     -1.6837e-05    -2.31826e-05
    -0.000259746    -0.000218584
    -0.000206631    -0.000210111
    -0.000103702     -9.6095e-05
     -8.7155e-05    -7.99019e-05
    -0.000703598    -0.000707345
     -1.5543e-05    -1.87276e-05
     -0.00105326     -0.00100176
     -2.2786e-05    -2.92985e-05
    -0.000113006    -9.53383e-05
    -0.000437728    -0.000479483
      -0.0014378     -0.00127305
     -0.00060501    -0.000499962
     -1.2195e-05    -1.67258e-05
    -0.000528395     -0.00047743
     -5.7749e-05    -5.43723e-05
     -2.4209e-05    -3.07752e-05
    -0.000944197    -0.000869078
    -0.000344002    -0.000421474
     -2.1732e-05    -2.24625e-05
     -0.00125967     -0.00115903
     -2.9181e-05    -3.61066e-05
    -0.000545808     -0.00048025
     -0.00190915     -0.00176215
    -0.000184421     -0.00019298
       -8.35e-06    -1.00271e-05
     -6.9368e-05    -9.52039e-05
     -2.5479e-05     -3.3915e-05
     -0.00016322    -0.000151839
     -0.00121649     -0.00114107
     -2.4585e-05    -2.58387e-05
     -0.00147726     -0.00176231
    -0.000575336    -0.000568185
     -0.00140208     -0.00138681
    -0.000327722    -0.000288737
     -0.00111168    -0.000707162
    -0.000873567    -0.000556126
     -1.7288e-05    -2.03463e-05
    -0.000484005    -0.000470625
     -8.5115e-05    -0.000104849
     -9.6304e-05    -0.000110302
    -0.000219288     -0.00019919
     -0.00184566     -0.00205004
    -0.000103807    -0.000112974
     -9.1583e-05    -9.62347e-05
     -3.8141e-05     -4.8165e-05
     -2.2498e-05    -2.58358e-05
     -0.00195582     -0.00264911
    -0.000302378    -0.000281232
    -0.000342198    -0.000366116
    -0.000170164    -0.000170319
     -5.0386e-05    -6.32773e-05
    -0.000374928    -0.000395226
     -1.3336e-05    -1.64949e-05
      -9.249e-06    -1.21516e-05
     -2.9344e-05    -3.21618e-05
      -8.077e-05    -9.77812e-05
     -0.00123701     -0.00113009
      -8.604e-06    -1.12535e-05
    -0.000598958    -0.000534758
     -3.8906e-05    -4.84279e-05
      -8.067e-06    -8.81465e-06
    -0.000553953    -0.000554755
     -2.7741e-05    -2.77118e-05
     -7.5719e-05    -8.45624e-05
     -1.7359e-05    -1.87788e-05
    -0.000184284    -0.000174468
    -0.000151869    -0.000173661
     -4.1989e-05    -4.27726e-05
     -2.4985e-05    -3.05345e-05
    -0.000695955    -0.000698666
     -0.00214534     -0.00214158
     -1.5422e-05     -1.8946e-05
    -0.000139227    -0.000157232
     -2.7544e-05    -3.30075e-05
     -1.2845e-05    -1.82217e-05
     -0.00176257     -0.00169358
    -0.000178253    -0.000190026
    -0.000117865    -0.000116959
    -0.000205948    -0.000250784
     -5.4391e-05    -5.57282e-05
     -0.00018982    -0.000194967
     -1.0039e-05    -1.44524e-05
     -3.8063e-05     -4.5577e-05
     -2.2338e-05    -2.19583e-05
    -0.000227945    -0.000240063
     -1.9902e-05    -2.32899e-05
     -0.00042617    -0.000400725
    -0.000359455     -0.00031023
    -0.000137222    -0.000116733
    -0.000593181     -0.00054244
     -2.9617e-05    -3.73606e-05
     -1.8005e-05    -2.02173e-05
     -3.1703e-05    -3.45842e-05
    -0.000190692    -0.000193294
    -0.000133479    -0.000132233
    -0.000148917    -0.000134663
    -0.000339623     -0.00030198
    -0.000629573    -0.000575576
    -0.000248024    -0.000243239
    -0.000192685    -0.000192155
      -0.0017253     -0.00143847
    -0.000135898    -0.000133954
     -0.00143974     -0.00133446
      -9.426e-06    -1.41063e-05
     -3.3459e-05    -3.94136e-05
      -9.998e-06     -1.3612e-05
    -0.000217042    -0.000232616
     -0.00176984     -0.00163579
     -0.00171973     -0.00193068
      -2.357e-06     -2.8368e-06
      -8.431e-06     -1.0647e-05
        -9.1e-06    -1.27036e-05
    -0.000108806     -0.00011475
    -0.000160042    -0.000160159
    -0.000279061    -0.000300114
     -5.4039e-05    -5.87549e-05
       -3.95e-05    -4.89727e-05
     -6.3815e-05     -6.0956e-05
     -4.6305e-05    -4.52178e-05
    -0.000816167    -0.000776327
     -4.3762e-05    -4.26862e-05
     -3.6593e-05    -4.41606e-05
     -0.00155035     -0.00159961
    -0.000153496    -0.000177143
     -1.1801e-05    -1.70721e-05
    -0.000236104    -0.000260698
     -0.00127559     -0.00123167
     -9.2085e-05    -9.61136e-05
     -2.9849e-05    -3.16376e-05
     -3.6346e-05    -4.33017e-05
    -0.000182462    -0.000186451
    -0.000118131    -0.000122085
     -9.3231e-05    -0.000107314
     -2.1274e-05    -2.84948e-05
     -7.7033e-05    -9.92086e-05
    -0.000129353    -0.000133917
     -8.0506e-05    -8.75855e-05
    -0.000345585    -0.000359148
      -0.0011781      -0.0010337
     -0.00154675     -0.00142452
      -9.849e-06    -9.88987e-06
     -0.00218642     -0.00223832
      -6.117e-06    -7.59207e-06
     -0.00188437     -0.00209888
      -8.837e-06    -9.95161e-06
    -0.000301329    -0.000316783
     -0.00146675       -0.001356
    -0.000265755    -0.000245944
    -0.000184569    -0.000185975
     -8.1591e-05    -8.82058e-05
     -0.00159696     -0.00154663
     -2.0379e-05     -2.5294e-05
     -0.00138634     -0.00137924
    -0.000353803    -0.000353545
     -9.0847e-05    -7.76612e-05
    -0.000164075    -0.000180213
    -0.000255927    -0.000228163
     -3.3563e-05    -3.67155e-05
     -0.00111481     -0.00101367
    -0.000972494    -0.000822177
     -1.0014e-05    -1.03062e-05
     -2.4387e-05    -3.06392e-05
    -0.000660767    -0.000650671
     -0.00156586     -0.00155081
    -0.000757638    -0.000693678
     -0.00109677     -0.00117108
     -3.1617e-05    -3.27766e-05
     -0.00134615     -0.00119264
     -0.00155847     -0.00144137
     -3.9555e-05     -4.9797e-05
    -0.000667459    -0.000624563
     -1.3809e-05    -1.53411e-05
    -0.000177108    -0.000175429
    -0.000497434    -0.000473047
     -1.4653e-05    -1.93885e-05
    -0.000162583    -0.000154027
     -0.00022027    -0.000242338
     -0.00101428    -0.000930663
    -0.000132009    -0.000126617
     -2.4691e-05    -2.95142e-05
     -0.00048314    -0.000438738
     -5.2609e-05    -5.72098e-05
     -2.2463e-05    -2.33309e-05
    -0.000161532     -0.00013546
      -8.565e-06    -1.13866e-05
    -0.000464559    -0.000380523
    -0.000418151    -0.000413253
     -2.7983e-05    -3.44003e-05
    -0.000190375    -0.000152097
     -0.00134284     -0.00122143
    -0.000214139    -0.000217236
     -6.6612e-05    -7.86432e-05
     -4.6571e-05    -5.41834e-05
    -0.000191621    -0.000242266
    -0.000819922    -0.000765405
    -0.000253702    -0.000259638
     -1.8304e-05    -2.05342e-05
     -6.0264e-05    -6.30437e-05
     -1.5165e-05    -2.08073e-05
     -1.3178e-05    -1.53895e-05
     -0.00143178     -0.00132283
    -0.000401886    -0.000343032
     -0.00014509    -0.000151933
     -0.00029896    -0.000265564
     -2.7521e-05    -2.74933e-05
     -1.7519e-05    -2.09855e-05
    -0.000137086    -0.000113212
    -0.000190155    -0.000185832
    -0.000913911    -0.000822539
    -0.000156725    -0.000155967
    -0.000700951    -0.000602339
      -1.435e-05    -1.82181e-05
    -0.000320399    -0.000254001
    -0.000931732    -0.000755293
     -5.3554e-05    -6.89794e-05
     -0.00200826       -0.002254
    -0.000171561    -0.000162709
     -8.8653e-05    -8.22402e-05
     -3.1678e-05    -4.51006e-05
     -2.6786e-05    -3.02739e-05
    -0.000144824    -0.000184013
     -3.2646e-05    -3.18776e-05
     -8.1767e-05    -7.22816e-05
     -0.00055943    -0.000550204
    -0.000191725    -0.000203495
    -0.000417317     -0.00045387
     -0.00187908     -0.00217389
     -1.2338e-05     -1.5271e-05
    -0.000920081     -0.00092828
    -0.000149059    -0.000162803
     -2.7167e-05    -3.13288e-05
      -7.569e-06    -8.32453e-06
     -9.4208e-05    -8.67711e-05
     -8.1173e-05    -7.47955e-05
    -0.000837976    -0.000810446
    -0.000196302    -0.000189671
     -4.3806e-05    -5.74709e-05
     -3.0266e-05    -3.37678e-05
     -4.2706e-05     -4.8302e-05
     -4.7356e-05    -5.00411e-05
    -0.000219926    -0.000242542
     -2.2846e-05    -2.64972e-05
     -1.7724e-05    -2.27458e-05
     -6.5429e-05    -6.89148e-05
    -0.000675425    -0.000508433
     -4.6392e-05    -5.71876e-05
    -0.000796704    -0.000705024
     -3.0054e-05    -3.23702e-05
     -5.7908e-05    -6.20401e-05
     -7.7534e-05    -8.66085e-05
     -5.0309e-05    -5.19415e-05
     -0.00015904    -0.000150545
    -0.000337045    -0.000327007
      -9.816e-05    -9.50971e-05
      -9.662e-06     -1.1137e-05
    -0.000685208    -0.000758936
    -0.000108198    -0.000116319
     -0.00096081     -0.00068487
    -0.000101096     -0.00012208
     -0.00120589     -0.00127182
    -0.000269024    -0.000212891
     -1.4696e-05    -1.82214e-05
     -0.00152773     -0.00158131
     -2.7804e-05    -3.20243e-05
     -1.0216e-05    -1.26983e-05
    -0.000142984    -0.000140455
     -6.1293e-05    -7.92194e-05
    -0.000846027    -0.000789365
    -0.000433883    -0.000385175
      -2.896e-05    -2.82547e-05
     -7.4346e-05      -8.055e-05
     -4.8605e-05    -6.96482e-05
     -4.7586e-05    -5.30351e-05
    -0.000293961    -0.000305933
     -4.2007e-05    -4.23048e-05
    -0.000935393     -0.00081735
     -2.8092e-05    -3.24701e-05
       -6.43e-06    -7.27171e-06
      -0.0019908     -0.00197099
    -0.000580211    -0.000528865
     -1.1205e-05    -1.26105e-05
      -9.023e-06    -1.07593e-05
     -5.6898e-05    -6.84751e-05
    -0.000356806    -0.000364864
     -2.5189e-05    -3.15969e-05
      -4.031e-05    -5.25559e-05
    -0.000797988    -0.000614881
     -0.00099593     -0.00090031
      -3.663e-05    -4.08375e-05
    -0.000103416    -0.000133522
     -1.8639e-05    -1.98854e-05
     -8.5483e-05    -9.58026e-05
     -2.0343e-05    -2.48306e-05
     -5.5486e-05    -6.15093e-05
     -4.1813e-05    -4.82849e-05
     -5.5922e-05    -6.69796e-05
    -0.000848234    -0.000811516
     -0.00096983    -0.000817916
     -4.3766e-05    -4.93472e-05
      -1.863e-05    -2.18381e-05
     -5.0144e-05    -5.35918e-05
      -0.0015628      -0.0015857
    -0.000682808    -0.000624354
      -8.075e-06    -1.11976e-05
      -7.944e-06    -9.20864e-06
     -2.6439e-05    -2.57124e-05
     -0.00138005     -0.00131472
      -7.881e-06    -1.10656e-05
    -0.000355717    -0.000330277
    -0.000373786    -0.000321019
     -0.00107402     -0.00100043
    -0.000596731    -0.000602811
      -7.047e-05    -6.65511e-05
     -0.00010259    -0.000105594
    -0.000236694    -0.000248466
    -0.000593465    -0.000560344
     -4.3602e-05    -4.53083e-05
    -0.000121588    -0.000124273
     -4.6644e-05     -5.0469e-05
     -1.5399e-05    -1.65762e-05
    -0.000461326    -0.000455085
     -4.1049e-05    -4.48363e-05
     -7.1329e-05    -7.08631e-05
     -4.3791e-05    -6.74487e-05
     -1.6158e-05    -1.86971e-05
     -1.3911e-05    -1.75203e-05
    -0.000275186    -0.000285696
     -7.7324e-05    -7.85072e-05
     -1.6709e-05    -1.99557e-05
     -3.2497e-05    -3.83393e-05
    -0.000507634    -0.000486401
     -3.3334e-05    -3.35758e-05
    -0.000419818    -0.000436751
    -0.000339478    -0.000313961
     -1.3083e-05    -1.78608e-05
      -9.721e-06    -1.31422e-05
     -1.3266e-05    -1.59638e-05
    -0.000111726    -0.000119905
      -0.0014724     -0.00130599
     -0.00129465      -0.0012374
     -0.00143613     -0.00128725
     -7.5731e-05    -8.24166e-05
     -1.5064e-05    -1.73176e-05
    -0.000244213    -0.000218874
     -1.1488e-05    -1.30915e-05
    -0.000279128    -0.000272597
    -0.000194341    -0.000199598
    -0.000717595    -0.000638445
    -0.000113834    -0.000123125
    -0.000118961    -0.000141681
     -0.00127032     -0.00130358
     -1.0294e-05    -1.21056e-05
    -0.000427884    -0.000384132
     -2.7241e-05     -3.2212e-05
     -9.4677e-05    -9.16973e-05
      -9.349e-06    -1.11259e-05
    -0.000246646    -0.000214334
     -9.1457e-05     -0.00011084
    -0.000614045    -0.000542701
    -0.000272816    -0.000299311
     -9.8803e-05    -9.96046e-05
     -0.00011526    -0.000128102
      -0.0011229     -0.00104617
     -0.00035128    -0.000398262
    -0.000415361    -0.000437003
     -3.2029e-05    -3.25526e-05
     -0.00036235    -0.000382129
    -0.000220588    -0.000232724
     -1.2574e-05    -1.40122e-05
    -0.000232426    -0.000243097
     -4.2035e-05    -6.18524e-05
     -2.3637e-05    -2.31402e-05
    -0.000210415    -0.000227697
    -0.000324986    -0.000333345
     -3.7836e-05    -3.79298e-05
    -0.000763598    -0.000747776
     -4.4214e-05    -4.82782e-05
    -0.000235393    -0.000232189
     -3.5471e-05    -3.93722e-05
    -0.000715236    -0.000814566
     -2.5104e-05    -2.86678e-05
     -1.7714e-05    -2.02718e-05
    -0.000337628    -0.000269881
     -4.7811e-05    -5.97167e-05
      -0.0016925     -0.00170214
    -0.000526034    -0.000498544
     -0.00165834     -0.00195548
    -0.000840614    -0.000797348
    -0.000334833    -0.000290457
     -2.9616e-05     -3.0949e-05
     -1.4323e-05    -1.42303e-05
    -0.000165457    -0.000158087
     -0.00166109     -0.00167854
     -9.5179e-05    -9.09525e-05
     -2.7235e-05     -3.1457e-05
     -5.7507e-05    -6.57164e-05
     -3.3862e-05    -4.18608e-05
     -4.3773e-05     -5.0982e-05
    -0.000458444    -0.000412309
     -1.2032e-05    -1.30578e-05
    -0.000247191    -0.000236373
    -0.000930881    -0.000954382
     -0.00107914    -0.000983404
    -0.000148162    -0.000132299
     -3.1368e-05    -3.98346e-05
     -1.8444e-05    -2.28157e-05
    -0.000679518    -0.000622517
    -0.000218387    -0.000218691
     -0.00048875    -0.000510743
     -1.9538e-05    -2.33656e-05
     -7.5993e-05    -7.64877e-05
     -2.3288e-05    -3.27925e-05
     -2.4372e-05    -2.66233e-05
     -0.00011081     -0.00011049
    -0.000125993     -0.00013854
     -6.2493e-05    -6.88658e-05
    -0.000247314    -0.000275765
     -0.00150817     -0.00146412
     -2.8434e-05    -2.95082e-05
     -1.9794e-05    -2.54616e-05
    -0.000143806     -0.00014029
     -4.2941e-05    -4.52783e-05
     -5.6806e-05    -5.76357e-05
     -8.7965e-05    -9.30194e-05
     -7.1215e-05    -7.91268e-05
    -0.000370266    -0.000306389
    -0.000246637    -0.000254735
      -6.259e-06     -7.8117e-06
     -1.1341e-05     -1.2602e-05
    -0.000777423    -0.000707218
    -0.000878997    -0.000775011
     -1.6147e-05    -2.10376e-05
    -0.000188686     -0.00021298
    -0.000406683    -0.000388759
     -0.00150544     -0.00143204
     -2.6658e-05    -2.94761e-05
    -0.000746708    -0.000678416
     -8.0701e-05    -9.29856e-05
     -0.00123552     -0.00110667
     -1.3266e-05    -1.73595e-05
    -0.000111018    -0.000116344
     -8.3914e-05    -9.97758e-05
    -0.000337044    -0.000354304
     -0.00123648     -0.00103907
     -1.8564e-05    -2.07239e-05
     -0.00049272    -0.000494683
     -2.2443e-05    -3.18298e-05
    -0.000189859    -0.000208657
     -0.00120649     -0.00137118
    -0.000790918    -0.000769901
    -0.000159349    -0.000161883
    -0.000157433    -0.000152967
     -2.8702e-05    -3.32922e-05
     -0.00157577     -0.00153076
     -2.2509e-05    -2.21204e-05
     -9.1721e-05    -0.000112119
     -1.9122e-05    -2.00969e-05
    -0.000182209    -0.000190106
     -0.00017596    -0.000162482
     -4.9727e-05    -5.58688e-05
    -0.000983516    -0.000920581
    -0.000163496    -0.000169004
     -2.1409e-05    -2.61328e-05
    -0.000125677    -0.000149313
     -3.4193e-05    -3.82334e-05
     -2.4147e-05    -2.76149e-05
    -0.000142991    -0.000135221
    -0.000173302    -0.000185717
    -0.000222132    -0.000256553
     -0.00144612     -0.00146147
     -2.1771e-05    -3.47884e-05
     -2.0028e-05    -2.55691e-05
    -0.000793603    -0.000639076
     -4.5561e-05    -4.40143e-05
     -1.5526e-05    -1.77606e-05
     -6.9468e-05    -7.79527e-05
     -0.00027613    -0.000316456
     -3.2761e-05    -3.34548e-05
      -2.263e-05    -3.36544e-05
     -0.00105244    -0.000932324
     -2.0689e-05    -2.58877e-05
     -6.1415e-05    -6.73738e-05
    -0.000488933    -0.000505837
    -0.000228463    -0.000251622
     -2.5242e-05     -2.8984e-05
    -0.000512451    -0.000449773
     -0.00173977     -0.00163496
    -0.000323444    -0.000309112
    -0.000550211    -0.000515182
     -0.00163628     -0.00162659
    -0.000239808    -0.000249356
    -0.000335319    -0.000351261
     -2.7677e-05    -3.08342e-05
     -0.00177718     -0.00164731
    -0.000131532    -0.000134352
    -0.000786712    -0.000700136
     -0.00108265     -0.00101071
     -1.7444e-05    -2.02625e-05
     -2.8641e-05    -3.31039e-05
    -0.000213143    -0.000208464
    -0.000185064    -0.000195276
     -1.8052e-05    -1.92012e-05
     -5.9275e-05    -6.36137e-05
     -3.1059e-05    -3.78163e-05
     -1.5034e-05    -1.57588e-05
      -6.406e-05    -6.38522e-05
      -3.218e-05    -3.94215e-05
     -0.00106948     -0.00115894
     -4.5533e-05    -4.95474e-05
    -0.000158164    -0.000201093
     -0.00115841     -0.00107973
     -3.8162e-05    -4.58593e-05
     -1.9323e-05     -2.8023e-05
     -0.00181852     -0.00187986
     -0.00111397    -0.000984112
     -4.5863e-05    -5.04908e-05
    -0.000122254    -0.000119262
     -1.6762e-05    -2.19842e-05
    -0.000752093      -0.0007304
     -0.00168344     -0.00196666
     -7.2436e-05     -9.8064e-05
     -1.5559e-05    -2.01778e-05
      -2.166e-05    -2.48651e-05
     -4.7255e-05    -4.89258e-05
      -0.0013368     -0.00125626
     -4.2373e-05    -4.33168e-05
     -0.00045784    -0.000437092
    -0.000120083    -0.000125428
     -0.00012792    -0.000108663
     -3.7606e-05    -4.68393e-05
     -1.2378e-05    -1.35752e-05
     -8.5457e-05    -0.000103276
     -3.6092e-05    -4.60929e-05
    -0.000193596    -0.000206368
      -7.802e-06    -8.94492e-06
     -0.00109379     -0.00103022
     -2.0187e-05    -2.05917e-05
     -1.6629e-05    -1.99077e-05
      -8.601e-06    -1.04065e-05
     -1.8247e-05    -2.22328e-05
    -0.000274532    -0.000327998
    -0.000160015    -0.000153891
    -0.000361957    -0.000340209
     -0.00050263    -0.000552637
    -0.000540995    -0.000493268
    -0.000921825    -0.000845402
     -1.9285e-05     -2.2018e-05
      -3.234e-05    -3.55273e-05
    -0.000274888    -0.000257989
    -0.000340912    -0.000299108
     -2.1136e-05     -2.2594e-05
      -8.701e-06    -1.39169e-05
    -0.000868787    -0.000732741
    -0.000578414    -0.000557636
    -0.000650147    -0.000589102
    -0.000722796    -0.000778688
    -0.000700203    -0.000617478
     -0.00082064    -0.000842847
     -2.0876e-05      -2.798e-05
     -0.00011769    -0.000125051
    -0.000134853    -0.000124871
    -0.000129694    -0.000149421
     -0.00088228    -0.000793854
     -1.7872e-05    -2.20188e-05
    -0.000400256     -0.00040665
     -0.00110047     -0.00103217
     -6.4079e-05    -6.45969e-05
     -2.3055e-05    -2.62565e-05
    -0.000161751    -0.000150462
    -0.000201216    -0.000251074
    -0.000358729    -0.000378295
    -0.000120629    -0.000127843
    -0.000236295    -0.000293011
     -0.00114471     -0.00108925
    -0.000796217    -0.000723179
      -3.647e-06    -5.04914e-06
    -0.000482845    -0.000431143
     -7.6785e-05    -8.58725e-05
     -3.8282e-05    -5.29256e-05
     -1.5714e-05    -1.54167e-05
     -0.00024386    -0.000271374
    -0.000367125    -0.000322123
    -0.000583778    -0.000683877
     -5.0179e-05    -6.44584e-05
     -2.4881e-05    -2.90547e-05
    -0.000631044    -0.000590751
      -0.0010609    -0.000971892
     -9.8373e-05    -9.07999e-05
    -0.000882564    -0.000798377
     -9.9149e-05    -0.000103466
    -0.000775827    -0.000756369
    -0.000114041    -0.000109889
     -1.0563e-05    -1.18321e-05
     -4.2634e-05    -4.83926e-05
     -0.00111829     -0.00104931
    -0.000848234    -0.000762058
    -0.000938437    -0.000828528
    -0.000172283    -0.000185691
     -6.7004e-05    -7.29503e-05
    -0.000389833    -0.000345663
    -0.000148315    -0.000166079
     -1.3014e-05     -1.6779e-05
    -0.000281881    -0.000302232
     -6.4876e-05    -6.64591e-05
     -0.00116925      -0.0011382
     -1.2468e-05    -1.55562e-05
     -1.9212e-05    -2.30385e-05
     -7.4825e-05    -7.72887e-05
     -3.1907e-05    -3.34766e-05
     -0.00201802     -0.00193575
     -0.00139571     -0.00130762
     -8.4202e-05    -9.64992e-05
     -6.1604e-05    -6.57829e-05
    -0.000831874    -0.000899472
     -2.0735e-05    -2.18115e-05
     -1.1912e-05     -1.2458e-05
     -0.00146846     -0.00137894
     -0.00144697     -0.00144272
    -0.000281247    -0.000286577
     -2.6857e-05    -2.95592e-05
     -0.00018485    -0.000197555
    -0.000360484    -0.000327361
    -0.000584979    -0.000586516
    -0.000108421    -0.000102504
    -0.000630578    -0.000559617
    -0.000366959    -0.000427442
    -0.000564932    -0.000370641
    -0.000922018     -0.00086319
    -0.000179809    -0.000183506
    -0.000218004     -0.00020862
    -0.000356756    -0.000419596
    -0.000982802     -0.00103909
    -0.000186829    -0.000183411
      -7.071e-06     -9.2688e-06
     -0.00170167      -0.0015445
      -9.451e-06    -1.14312e-05
     -0.00072788    -0.000521473
     -9.4261e-05    -0.000100149
     -0.00144829     -0.00136599
     -2.1722e-05    -2.32763e-05
     -6.3503e-05    -6.89773e-05
     -1.9752e-05    -2.27234e-05
     -0.00195295     -0.00194916
    -0.000397859    -0.000362552
    -0.000483761    -0.000533303
    -0.000146095    -0.000136381
     -8.6216e-05     -9.0408e-05
     -0.00103661     -0.00094766
     -6.7819e-05    -7.37102e-05
    -0.000191674      -0.0002065
    -0.000154433    -0.000161636
     -3.0594e-05    -3.97088e-05
     -2.0247e-05    -2.40327e-05
    -0.000587872    -0.000580744
     -1.4839e-05    -2.07309e-05
