QM Energy	FF Energy
    -0.000667084    -0.000731644
      0.00178442      0.00164476
    -0.000690421     -0.00068769
    -0.000247514    -0.000388452
    -0.000838673     -0.00112175
     -0.00127552      -0.0012794
     -0.00054789    -0.000555339
     0.000223421     -5.3952e-05
    -0.000965356     -0.00093017
    -0.000629748    -0.000652625
    -0.000643249    -0.000651337
     -0.00094838    -0.000972014
    -0.000773177    -0.000806416
    -0.000345217    -0.000353063
      0.00432685      0.00313573
    -0.000921833    -0.000929869
      0.00395943       0.0035401
    -0.000169456     -0.00050492
    -0.000700472    -0.000752231
    -0.000757256    -0.000753363
      0.00416504      0.00377067
    -0.000571335    -0.000571843
    -0.000896392     -0.00101358
      8.7945e-05     0.000261663
    -0.000589354    -0.000579394
     -0.00069624     -0.00074254
     -0.00121212     -0.00123221
      0.00668572      0.00728419
    -0.000724886    -0.000894715
     -0.00108588     -0.00115624
    -0.000745751    -0.000791951
     -0.00073127    -0.000773351
      0.00298488       0.0035798
    -0.000343938    -0.000282453
    -0.000425965     -0.00038297
     -0.00141422     -0.00145046
    -0.000666049     -0.00104935
     -0.00142791     -0.00147684
    -0.000705965    -0.000801003
     -0.00136316     -0.00122485
    -0.000590375    -0.000499666
    -0.000685948    -0.000709467
      0.00714236      0.00725671
    -0.000900044    -0.000922385
     0.000574141     0.000827846
       0.0149577       0.0142634
    -0.000616006    -0.000536174
    -0.000508902    -0.000508801
      0.00723491       0.0063201
    -0.000592628    -0.000600749
       0.0022726      0.00226505
    -0.000775136    -0.000805058
     -0.00126483     -0.00140144
     -0.00106453     -0.00118826
     -0.00071655    -0.000760922
    -0.000952233    -0.000983407
     -0.00117199     -0.00120729
    -0.000211835    -0.000232415
     0.000406056     0.000360935
      0.00552685      0.00517927
      0.00368079      0.00367887
      -0.0013215     -0.00135626
    -0.000616646    -0.000732584
    -0.000985663     -0.00118136
    -0.000477996    -0.000495068
    -0.000636116    -0.000706297
       0.0058959      0.00581129
    -0.000741633    -0.000790951
     -0.00125827     -0.00133054
     -0.00158948     -0.00157007
     -0.00131275     -0.00133636
    -0.000574052    -0.000656254
     0.000624557     0.000309547
    -0.000663161    -0.000647252
    -0.000499158    -0.000440972
    -0.000754413    -0.000766168
    -0.000692228    -0.000733826
      0.00957358      0.00899017
     -0.00097819    -0.000947805
    -0.000629666    -0.000694432
      0.00504301      0.00460419
      0.00189002      0.00211086
    -0.000834398    -0.000841296
       0.0084903        0.010925
     -0.00057344    -0.000525333
     -0.00100464     -0.00103922
    -0.000274377     -0.00034327
      0.00103651     0.000632239
     0.000948996     0.000982644
    -0.000721668    -0.000821969
      0.00496447      0.00531183
    -0.000944748    -0.000943765
     -9.6692e-05    -0.000111015
    -0.000671565    -0.000697444
    -0.000767073    -0.000768932
      0.00477463      0.00478231
    -0.000758882    -0.000786461
    -0.000751166    -0.000794469
      0.00184374      0.00164917
    -0.000459492    -0.000404515
      0.00281287      0.00345316
     0.000651974     0.000593634
     -0.00117769     -0.00121806
      0.00125947       0.0011231
    -0.000996103     -0.00105078
       0.0012977      0.00124081
    -0.000486795    -0.000475118
      0.00401992      0.00367344
    -0.000662318    -0.000676255
    -0.000916438     -0.00113705
    -0.000410995    -0.000427173
     -0.00116308     -0.00119889
    -0.000568014    -0.000575207
    -0.000947519    -0.000974778
     -0.00106037    -0.000979066
      -0.0010589     -0.00114082
    -0.000394681    -0.000370897
    -0.000803178    -0.000708024
    -0.000363045    -0.000471384
    -0.000609215     -0.00060529
    -0.000846895     -0.00087136
     -0.00065765    -0.000625555
     -0.00082177    -0.000918532
      0.00644206      0.00535126
     -0.00065465    -0.000652464
    -0.000878004    -0.000933307
    -0.000689468    -0.000660421
    -0.000938549    -0.000916154
    -0.000715149    -0.000687451
      0.00303239      0.00262954
     0.000362919     0.000170694
    -0.000609268     -0.00058999
    -0.000655177    -0.000658773
    -0.000773144    -0.000785472
     0.000780245     0.000701141
    -0.000528529    -0.000527072
    -0.000666187    -0.000682068
    -0.000712259     -0.00071127
      0.00055169     0.000412662
      0.00526241      0.00385495
    -0.000542068    -0.000476901
      0.00813502      0.00900409
    -0.000995369     -0.00100913
      0.00221189      0.00176264
        0.014627       0.0140229
     -0.00140097      -0.0014983
      0.00273829      0.00328302
      0.00169963      0.00250405
     0.000382437      0.00033911
    -0.000433245     -0.00040475
    -0.000562874     -0.00065143
      0.00164211      0.00157272
     -0.00119096     -0.00124699
    -0.000521852     -0.00065629
      0.00521804       0.0046422
       0.0039272      0.00320385
    -0.000658446    -0.000678079
    -0.000907857    -0.000961542
    -0.000575702    -0.000599107
      0.00770478      0.00688936
      0.00110309     0.000718127
      0.00155447      0.00151148
    -0.000514025    -0.000534595
    -0.000128889     -0.00017485
      0.00624726      0.00524045
      0.00779845      0.00779393
     -6.7593e-05     6.68304e-05
      0.00472696      0.00418226
    -0.000351059    -0.000339663
    -0.000876559    -0.000977392
    -0.000673851    -0.000597239
       0.0179829       0.0161737
     0.000222851    -0.000226382
     0.000601854     0.000165889
    -0.000336891    -0.000301304
     0.000847952     0.000660887
    -0.000393136    -0.000378554
    -0.000409477    -0.000397879
     0.000173263     0.000388362
     -0.00092564     -0.00105877
    -0.000740764    -0.000817711
    -0.000317342    -0.000302485
     -6.7559e-05      0.00021446
     -0.00108801     -0.00106178
      0.00552611       0.0047659
    -0.000944524    -0.000817635
     0.000567197      0.00046453
    -0.000722342    -0.000673906
      0.00406611      0.00468153
     -0.00126958       -0.001347
    -0.000795268    -0.000654299
    -0.000646195    -0.000723527
     -0.00124327     -0.00130092
    -0.000435766    -0.000865736
    -0.000590528    -0.000557851
     -1.8505e-05    -0.000213178
    -0.000642034    -0.000689306
     -5.6736e-05    -0.000498483
     -0.00142454     -0.00152227
    -0.000434592    -0.000283495
    -0.000293572    -0.000375343
    -0.000273924    -0.000203326
      0.00189487      0.00172472
    -0.000192172    -0.000247742
    -0.000943756     -0.00102587
    -0.000689588    -0.000625215
    -0.000983646      -0.0010493
    -0.000427239    -0.000437229
      -0.0011784      -0.0013127
    -0.000738845    -0.000756219
    -0.000519902    -0.000537612
      0.00211824      0.00169501
     -0.00059512    -0.000592462
    -0.000630238    -0.000689548
    -0.000641799    -0.000671738
     0.000400459     0.000641661
    -0.000569025    -0.000613362
    -0.000390715    -0.000353623
     -0.00085269     -0.00103386
      0.00259446      0.00240995
    -0.000367329    -0.000674363
     0.000262562    -2.77705e-07
       0.0105801       0.0101887
    -0.000632866     -0.00080649
      0.00542462      0.00424345
    -0.000556537    -0.000678437
    -0.000573478    -0.000560245
      0.00252944      0.00283227
     -0.00100436     -0.00118285
    -0.000481078    -0.000347295
     -0.00101437     -0.00114134
     -0.00101382      -0.0010544
    -0.000710644    -0.000746287
    -0.000506433    -0.000504531
    -0.000612862    -0.000883394
    -0.000713689    -0.000717699
    -0.000834608    -0.000979578
      0.00129644     0.000702133
      0.00300245      0.00300998
    -0.000673103    -0.000706368
    -0.000981254     -0.00106965
     -0.00103504     -0.00110924
     -0.00042967    -0.000338052
    -0.000629086    -0.000663733
    -0.000121718    -0.000148982
    -0.000827335    -0.000953377
      0.00671204      0.00673712
    -0.000553058    -0.000605843
    -0.000913445    -0.000974173
      5.5722e-05    -0.000148062
     -0.00124817     -0.00143529
     0.000727104     0.000524731
    -0.000369826    -0.000599616
     -0.00043574    -0.000388774
      0.00488599      0.00556191
    -0.000790666    -0.000894909
     0.000111145      6.2184e-06
    -0.000687552    -0.000709707
      0.00363044      0.00372141
     -1.4643e-05     -0.00010952
     -0.00052295    -0.000540016
    -0.000655005    -0.000712737
    -0.000756276    -0.000624992
       3.672e-05    -0.000184015
     0.000402815     0.000611722
      -0.0013273     -0.00137442
     -2.7283e-05    -1.95872e-05
    -0.000113909     1.09482e-05
     -0.00118911     -0.00119402
    -0.000555058    -0.000540982
    -0.000283032    -0.000228746
      0.00209435      0.00188377
      0.00171707      0.00121075
     0.000533873     0.000582351
      0.00279272      0.00263699
    -0.000461695    -0.000456697
      0.00190593      0.00193358
    -0.000675692    -0.000627669
    -0.000242769    -0.000479875
     -0.00130607     -0.00132388
      8.7296e-05     7.61266e-06
       0.0117592      0.00958242
    -0.000505263    -0.000476694
    -0.000654969    -0.000643696
    -0.000142718    -0.000294558
    -0.000573694    -0.000506043
    -0.000813996    -0.000655292
     0.000188465    -0.000153828
    -0.000641502    -0.000648631
    -0.000942025    -0.000849102
    -0.000593629    -0.000602198
    -0.000464245    -0.000613168
     0.000279946     0.000451472
      0.00703597      0.00620315
      0.00366647      0.00325382
     -0.00086174    -0.000890527
    -0.000595223     -0.00052676
     -0.00034625    -0.000326376
     -0.00109808     -0.00121164
    -0.000629935    -0.000622608
    -0.000847113    -0.000849968
    -0.000640352     -0.00102559
    -0.000720988    -0.000883754
     -0.00049969    -0.000494997
      0.00490858      0.00546058
     0.000359893     0.000191974
     -0.00087292    -0.000875663
    -0.000945086    -0.000906906
      0.00554287      0.00488054
    -0.000884337    -0.000899318
      0.00261955      0.00279222
     0.000758153     0.000778925
      0.00467186      0.00466228
    -0.000709171    -0.000818643
      0.00041089      0.00032967
    -0.000550859    -0.000570095
      0.00246614      0.00180066
    -0.000869871    -0.000945696
    -0.000820958    -0.000637879
     0.000128609    -0.000261075
      0.00351696      0.00454584
    -0.000777155    -0.000893984
      0.00479475      0.00426963
    -0.000597788    -0.000776267
    -0.000495017    -0.000484812
     -0.00113791     -0.00125096
     0.000107448    -0.000183164
    -0.000724404    -0.000800186
    -0.000692719    -0.000702346
    -0.000385905    -0.000492377
      0.00257151      0.00245523
      0.00522213      0.00593506
    -0.000435583    -0.000404308
     0.000538493    -2.45002e-05
     0.000607955     0.000682921
    -0.000682706    -0.000691787
     -5.0687e-05    -1.30494e-05
    -0.000961511     -0.00107645
    -0.000794683    -0.000862261
    -0.000179325    -0.000375511
    -0.000494093    -0.000500071
    -0.000857698    -0.000865437
    -0.000501328    -0.000542884
    -0.000146307    -0.000189449
    -0.000678217    -0.000763905
    -0.000959604     -0.00119652
      0.00188569      0.00197331
    -0.000549438    -0.000580674
       0.0034864      0.00338666
     -0.00109952     -0.00109413
      -0.0012025     -0.00114952
     0.000774762     0.000729839
      0.00602382      0.00585335
     -5.1398e-05     0.000184656
    -0.000528313    -0.000492633
      0.00170551      0.00201485
    -0.000485392    -0.000300736
    -0.000686684    -0.000647693
      0.00447055      0.00516981
     -0.00107877     -0.00109592
    -0.000741227    -0.000792347
      0.00273173      0.00358481
    -0.000671895    -0.000615012
      0.00153233     0.000940678
      0.00797649      0.00824672
    -0.000515506    -0.000536051
    -0.000530556    -0.000552499
    -0.000678971    -0.000677557
    -0.000363461     -0.00033801
     -0.00113222     -0.00105171
        0.008465      0.00950348
    -0.000612029    -0.000554224
      0.00845182      0.00823256
     0.000241371    -0.000227681
      0.00709483      0.00655263
     0.000109035    -0.000216007
     0.000820995     0.000621365
    -0.000335861     -5.7085e-05
    -0.000808201    -0.000728153
     0.000775194     0.000639564
    -0.000826141    -0.000850686
     -0.00137762     -0.00146238
    -0.000486709    -0.000524304
      0.00945109      0.00923291
    -0.000709112    -0.000815534
    -0.000556694    -0.000652465
     -0.00110403     -0.00111421
      -0.0012163     -0.00123419
        0.022009       0.0211335
    -0.000465439    -0.000543226
      0.00101874      0.00105294
    -0.000557173    -0.000857671
    -0.000625453    -0.000635058
      3.8228e-05     0.000110213
    -0.000467072     -0.00046937
    -0.000554912    -0.000545408
    -0.000921712    -0.000907375
     -0.00068191    -0.000695681
      0.00629476      0.00542957
    -0.000571665    -0.000540231
      0.00126371      0.00134511
    -0.000716419    -0.000706184
     -0.00059628    -0.000620401
     0.000999855      0.00116018
    -0.000586608    -0.000586491
    -0.000632667    -0.000674498
    -0.000490624    -0.000495989
    -0.000185583    -0.000685952
    -0.000645981    -0.000841122
    -0.000700066    -0.000706411
    -0.000806737    -0.000758841
      0.00192266      0.00196811
        0.010759       0.0107317
    -0.000660686     -0.00062667
    -0.000862948     -0.00116899
    -0.000615263    -0.000591443
    -0.000878013    -0.000881897
      0.00834038      0.00823608
    -0.000560952    -0.000798875
    -0.000713952    -0.000948619
    -0.000338745    -0.000231094
    -0.000897994    -0.000755898
    -0.000840386    -0.000917082
    -0.000487324     -0.00041166
    -0.000592445    -0.000634993
    -0.000843129    -0.000763394
    -0.000378004    -0.000370699
    -0.000500521    -0.000508097
     0.000590103     0.000205267
     -0.00138066     -0.00135278
     -0.00181914     -0.00198325
     0.000514342     0.000638502
    -0.000506955    -0.000494943
    -0.000978362     -0.00104123
    -0.000846071    -0.000849537
     -0.00021954    -0.000345814
    -0.000573335    -0.000669018
    -0.000706456    -0.000626837
     0.000185418     -0.00012579
      0.00359576      0.00359538
    -0.000460111     -0.00025644
     -0.00149499     -0.00152732
      0.00617752      0.00697608
    -0.000795187    -0.000818866
      0.00735119      0.00709423
    -0.000457872    -0.000463336
    -0.000628965    -0.000670121
    -0.000399385    -0.000339018
     -0.00012593    -0.000172435
       0.0111104      0.00967078
        0.010361       0.0096042
     -0.00027889    -0.000200461
    -0.000658582    -0.000640298
    -0.000699179    -0.000710321
    -0.000311943    -0.000358017
    -0.000493404    -0.000667669
    -0.000409597    -0.000432893
    -0.000673178    -0.000809715
     -0.00086288    -0.000889826
    -0.000611796    -0.000581726
    -0.000919615    -0.000969392
       0.0043767      0.00532592
    -0.000579003    -0.000555888
    -0.000840019    -0.000785467
      0.00765043       0.0088694
     -0.00115042     -0.00123068
    -0.000410724    -0.000360232
    -0.000509144    -0.000772178
      0.00563958      0.00587915
    -0.000566011    -0.000641916
    -0.000608877    -0.000623645
    -0.000703052    -0.000722981
    -0.000346433    -0.000560979
     -0.00157753     -0.00158645
    -0.000722916    -0.000600535
    -0.000603274     -0.00058732
    -0.000890221    -0.000874419
     -0.00103869    -0.000961863
     -0.00109884     -0.00115141
     -0.00114784     -0.00150027
     0.000945295      0.00172517
      0.00540264      0.00524699
    -0.000686046    -0.000693568
      0.00673733       0.0086327
    -0.000448217    -0.000415711
       0.0164212       0.0159643
    -0.000599806    -0.000606791
     -4.4017e-05     9.14331e-05
       0.0110014       0.0112232
     -5.4434e-05    -0.000450473
     -0.00115305     -0.00127739
    -0.000792906    -0.000984649
      0.00475417      0.00537635
    -0.000692375    -0.000719387
       0.0111619       0.0106154
       2.416e-05    -4.93359e-05
    -0.000353302    -0.000146218
    -0.000574086     -0.00063854
    -0.000551606      -0.0009579
    -0.000730334    -0.000849868
      0.00320262      0.00313196
      0.00457676      0.00381372
    -0.000687616    -0.000721816
    -0.000608807    -0.000574487
      0.00214751      0.00118641
      0.00647949      0.00573166
      0.00210748      0.00174195
      0.00400199      0.00376422
    -0.000825265    -0.000892823
      0.00391125      0.00443026
      0.00295055      0.00385194
     -0.00106444     -0.00111852
    -0.000546516    -0.000502147
    -0.000716461    -0.000706134
    -0.000423508    -0.000581914
     0.000586914     0.000359846
    -0.000180892    -0.000120518
     -0.00100923      -0.0010502
      -1.608e-05    -2.91028e-05
      0.00201038      0.00240522
    -0.000601587    -0.000433902
    -0.000561349    -0.000596274
      9.7608e-05       1.163e-05
    -0.000683244     -0.00072973
    -0.000627326    -0.000631834
     -0.00145549     -0.00146881
    -0.000666109    -0.000700482
     -0.00103974     -0.00113301
     0.000409202     1.59959e-05
    -0.000673538    -0.000693751
     0.000162631     0.000393085
      0.00974053       0.0102427
     -0.00011461    -0.000190311
    -0.000726382    -0.000743983
     -0.00150786     -0.00146981
    -0.000838239    -0.000815794
      0.00276667      0.00218079
    -0.000133778    -0.000175552
    -0.000687594     -0.00066927
     -0.00083613    -0.000907777
    -0.000743332    -0.000756063
    -0.000713135      -0.0007515
      0.00384161      0.00414421
     0.000862418      0.00143672
    -0.000487634    -0.000718001
    -0.000439259     -0.00083792
    -0.000620402    -0.000552704
    -0.000826538    -0.000857075
     -0.00169519      -0.0017337
     -0.00038059    -0.000423875
      0.00244554      0.00244914
     -0.00073129    -0.000878021
       0.0021582      0.00150838
    -0.000687702    -0.000688065
     -0.00157596     -0.00159603
      0.00576224      0.00626637
     -0.00114763     -0.00109113
       0.0150771       0.0131887
    -0.000375246    -0.000702094
    -0.000263656    -0.000160478
     -0.00100044    -0.000949883
    -0.000210469    -0.000128445
    -0.000619359    -0.000434281
    -0.000820845    -0.000907632
     -0.00154561     -0.00166099
      0.00181871       0.0009511
     -0.00147731     -0.00140157
     0.000909181      0.00115139
       0.0127305       0.0113713
    -0.000559686    -0.000574453
      0.00177011      0.00152746
     -0.00055203    -0.000635808
    -0.000670041    -0.000715684
    -0.000527801      -0.0005207
     -0.00122629     -0.00122195
    -0.000526964    -0.000467293
       0.0014485      0.00189848
    -0.000684373    -0.000852899
    -0.000481202    -0.000553606
    -0.000384052    -0.000374759
    -0.000621057    -0.000654147
    -0.000740926    -0.000831726
      1.7753e-05      2.1213e-05
    -0.000830856    -0.000863572
    -0.000791096    -0.000802913
     -0.00114918     -0.00123435
     0.000434115     0.000305048
    -0.000846243    -0.000892394
      0.00179798      0.00179775
    -0.000713176    -0.000776971
     -0.00083722    -0.000896122
     -0.00109128     -0.00119169
    -0.000854236     -0.00097549
     -0.00167331     -0.00169091
     0.000354279     0.000674845
    -0.000541969     -0.00074535
    -0.000611659    -0.000589247
    -0.000134024    -0.000358422
    -0.000345439    -0.000368894
     0.000261342     0.000158733
     -0.00143356     -0.00150048
      0.00311873      0.00320217
     0.000410147     0.000661191
     -0.00016249    -9.70195e-05
       0.0105172      0.00855052
     -0.00111839      -0.0011932
    -0.000516849    -0.000526212
     -0.00106657     -0.00122489
    -0.000844161    -0.000828269
      0.00221243      0.00211397
     0.000500382     0.000298812
    -0.000828125    -0.000882764
    -0.000590862    -0.000661102
    -0.000573929    -0.000553879
    -0.000946038    -0.000928931
    -0.000384529    -0.000405012
     -0.00105357     -0.00109514
       0.0033203      0.00336148
    -0.000723274    -0.000762534
    -0.000566616    -0.000562477
       0.0110429       0.0111532
      0.00107724      0.00126273
    -0.000654717    -0.000667198
    -0.000670526    -0.000680711
    -0.000865249    -0.000738973
    -0.000850087      -0.0011484
    -0.000692375    -0.000694746
     -0.00114889      -0.0010992
     0.000803146       0.0010833
     0.000792456     0.000719419
     -0.00100004     -0.00101858
    -0.000807129    -0.000840738
    -0.000823992    -0.000864419
     -0.00049516    -0.000601119
    -0.000407823    -0.000313441
     -0.00125149      -0.0014004
    -0.000684499    -0.000727651
     -0.00119517     -0.00135241
      0.00120041      0.00129549
      0.00340218      0.00378316
    -0.000316131    -0.000225011
      -0.0005842    -0.000645136
    -0.000664139    -0.000541738
      0.00580348      0.00663157
     0.000583119     0.000197813
    -0.000394712    -0.000343415
     -0.00045843    -0.000407003
    -0.000656012     -0.00064897
      0.00291441      0.00295123
       -0.000465    -0.000460237
    -0.000530186    -0.000620637
     0.000326605     3.20112e-05
      0.00600356      0.00483891
     0.000477569     4.55457e-05
     -0.00113304     -0.00126881
     -0.00147698     -0.00156003
     -0.00131639     -0.00145708
      0.00237603      0.00233688
    -0.000822345    -0.000902103
      -0.0004962    -0.000582928
    -0.000551188    -0.000571515
    -0.000547359    -0.000570766
    -0.000779393    -0.000818186
    -0.000526676    -0.000577965
    -0.000786854    -0.000857262
    -0.000518978    -0.000495378
    -0.000671187    -0.000723197
    -0.000498988    -0.000532211
    -0.000460454    -0.000404776
     -0.00117187     -0.00121305
    -0.000345855    -0.000281862
    -0.000502303     -0.00043773
     0.000993262     0.000654402
    -0.000686345     -0.00072883
     0.000139789     0.000495956
     0.000480521      0.00015473
    -0.000904001    -0.000909486
    -0.000508778    -0.000527981
    -0.000531423    -0.000549995
    -0.000340424    -0.000342456
      0.00555307      0.00554026
      0.00447975      0.00468401
      0.00619748      0.00534672
    -0.000627101     -0.00072877
    -0.000466846    -0.000457732
      -2.606e-05    -9.75284e-05
    -0.000550306    -0.000564748
    -0.000692868     -0.00093421
    -0.000405126    -0.000708367
      0.00191281       0.0015309
    -0.000960044    -0.000991384
     -0.00162008     -0.00159389
      0.00887274      0.00740754
    -0.000704793    -0.000725208
      0.00118866     0.000630977
     -0.00115652     -0.00123641
    -0.000759706    -0.000968711
    -0.000674245    -0.000672566
     -0.00207914     -0.00225899
    -0.000636792    -0.000470321
       0.0029004       0.0031103
     -0.00101815     -0.00113636
    -0.000693459    -0.000663804
    -0.000758779    -0.000697742
      0.00423444      0.00467957
      1.5301e-05     0.000227908
      0.00192898      0.00125026
    -0.000981633      -0.0010244
    -0.000188225    -0.000176001
    -0.000707256    -0.000837166
    -0.000491771    -0.000550556
      -0.0013784     -0.00166585
    -0.000849894    -0.000812693
    -0.000725512    -0.000752371
     -0.00120525     -0.00118177
     0.000152259     0.000280545
    -0.000876112    -0.000867833
      0.00204089      0.00217072
    -0.000452389    -0.000469778
    -0.000164673    -0.000410315
    -0.000809694    -0.000816247
      0.00105013      0.00130088
    -0.000877434    -0.000925662
    -0.000719405    -0.000746807
    -0.000433491    -0.000228983
    -0.000812464    -0.000762808
      0.00918601      0.00846172
     0.000682572     0.000715273
      0.00994366      0.00931675
      0.00270125      0.00271816
    -0.000381536    -0.000587868
    -0.000478024    -0.000385847
    -0.000586007    -0.000602377
    -0.000564708    -0.000839218
       0.0140437       0.0140656
     -0.00123035     -0.00147832
    -0.000630581    -0.000671043
    -0.000781583    -0.000874474
    -0.000434238    -0.000428464
    -0.000869621    -0.000915331
      0.00084105     0.000266798
    -0.000468739    -0.000359897
    -0.000363564    -0.000430536
      0.00191612      0.00195924
      0.00622106      0.00604965
    -0.000652791    -0.000718822
    -0.000631286    -0.000617507
    -0.000649069    -0.000653867
     0.000694383     0.000793079
    -0.000460504    -0.000768296
     0.000836815      0.00045704
    -0.000774137    -0.000785774
    -0.000676634    -0.000880759
    -0.000579161    -0.000440306
    -0.000727568    -0.000769197
    -0.000699005    -0.000622962
    -0.000755939    -0.000816599
     -0.00108246     -0.00115336
    -0.000397929    -0.000406956
      0.00488808      0.00529386
    -0.000910825    -0.000936421
     -0.00091578    -0.000880543
    -0.000438103    -0.000645411
    -0.000556325    -0.000596706
    -0.000901435    -0.000889527
     -0.00114541     -0.00122723
    -0.000899278    -0.000880771
     0.000189085       0.0002712
     -0.00029304    -0.000508742
    -0.000530627    -0.000470844
    -0.000760879    -0.000756887
      0.00304272      0.00213029
      0.00471007      0.00434495
    -0.000709416    -0.000724514
      -0.0010517     -0.00113647
     0.000845079     0.000805623
      0.00547155       0.0057778
    -0.000473311    -0.000491671
       0.0017077      0.00150411
      -0.0012948     -0.00132747
      0.00470157      0.00433769
     -0.00050501    -0.000552248
    -0.000437468    -0.000520489
    -0.000782222    -0.000894358
    -0.000861263    -0.000701412
       0.0045233      0.00486116
    -0.000672531    -0.000654471
      0.00167347      0.00148451
    -0.000989767    -0.000939357
     -0.00132333     -0.00140414
      0.00253866      0.00315702
      0.00219531      0.00184607
     -0.00088146     -0.00104096
    -0.000911284     -0.00101762
    -0.000608414    -0.000610692
      0.00336773      0.00362591
    -0.000556019    -0.000476526
      -0.0011137     -0.00117957
    -0.000866913    -0.000893667
    -0.000314615    -0.000504509
    -0.000778569    -0.000882244
    -0.000728208    -0.000741283
      0.00275078       0.0020464
     -0.00126487     -0.00132055
    -0.000639156    -0.000666096
    -0.000253749    -0.000175736
    -0.000741715    -0.000793069
    -0.000649626    -0.000702952
    -0.000651791    -0.000802838
    -0.000634272    -0.000796287
    -0.000525776    -0.000476672
      0.00891809      0.00843586
    -0.000310694    -0.000282276
     -0.00100068     -0.00103247
      0.00447035        0.004983
      -0.0007747    -0.000802188
    -0.000773099    -0.000796578
    -0.000783237    -0.000919418
    -0.000642766    -0.000723107
    -0.000497236    -0.000384596
    -0.000841091    -0.000800102
      0.00403134      0.00391426
    -0.000827959    -0.000810192
    -0.000557299    -0.000672633
      0.00102522     0.000777459
    -0.000164918    -0.000101939
     -0.00071948    -0.000756801
       0.0011874     0.000724426
        0.013668       0.0150098
    -0.000303483    -0.000170225
     -9.5495e-05    -0.000198759
      0.00678888      0.00726896
     -0.00142457     -0.00146866
      0.00024707      0.00020577
    -0.000646066    -0.000754186
      0.00978336      0.00923627
    -0.000512637    -0.000774149
      0.00217573      0.00193854
      0.00300941      0.00321886
    -0.000717668    -0.000780429
    -0.000869456    -0.000851662
    -0.000273784    -0.000659072
    -0.000972172    -0.000906073
    -0.000504358    -0.000511338
    -0.000827675    -0.000866482
    -0.000573877      -0.0006085
    -0.000711687    -0.000789933
    -0.000862374    -0.000885189
    -0.000962261    -0.000996763
       0.0029846      0.00295531
    -0.000642712    -0.000722775
      5.2962e-05     0.000196164
      0.00398333      0.00440666
     -0.00113709     -0.00108245
    -0.000912122    -0.000880995
       0.0106799      0.00970891
      0.00689024      0.00664039
     -0.00128009     -0.00132278
    -0.000720943    -0.000929751
    -0.000659856    -0.000595658
      0.00139391      0.00158694
      0.00631699      0.00755877
    -0.000314066    -0.000331752
    -0.000680961    -0.000677504
    -0.000639757    -0.000706491
    -0.000778447    -0.000827408
      0.00473686      0.00398757
    -0.000541539    -0.000456708
     0.000437851     0.000512483
    -0.000334237    -0.000388192
     -0.00125427     -0.00110722
    -0.000364831    -0.000364548
    -0.000448676     -0.00037891
    -0.000940257     -0.00100051
    -0.000668941    -0.000680243
    -0.000167823     -0.00038499
    -0.000454178    -0.000425696
      0.00583378      0.00483617
    -0.000634786    -0.000658951
    -0.000608908    -0.000625499
    -0.000706437    -0.000647008
    -0.000545045    -0.000546158
    -0.000435702    -0.000352784
    -0.000854337     -0.00101603
     -0.00129509     -0.00130487
     -0.00013269    -0.000243934
      0.00226344      0.00195313
      0.00279809      0.00266792
    -0.000679511    -0.000761329
    -0.000559786    -0.000598001
    -0.000197332    -0.000501263
    -0.000251322    -0.000499333
    -0.000872482    -0.000890574
    -0.000234571    -0.000171156
      0.00306431      0.00270335
      0.00103944     0.000806119
      0.00114761      0.00157971
      0.00135878     0.000957121
     -5.8696e-05    -0.000429213
      0.00238148      0.00254952
    -0.000930944    -0.000943076
     -0.00122112     -0.00124927
      -0.0008685      -0.0010049
     -0.00086507    -0.000882811
      0.00244945      0.00226585
     -0.00115879     -0.00120628
     -4.8845e-05     -1.5309e-05
      0.00372017      0.00357175
     -0.00115269     -0.00122167
    -0.000499876    -0.000496173
    -0.000621586    -0.000601938
     0.000426235     0.000475164
      0.00116517      0.00136496
    -0.000887676     -0.00095682
    -0.000207234    -0.000419019
      0.00401227      0.00396652
      0.00207412       0.0018698
    -0.000356175    -0.000300295
    -0.000154434    -0.000411216
     -0.00091808     -0.00104601
    -0.000665763    -0.000610843
    -0.000471098    -0.000411584
    -0.000357016    -0.000255811
    -0.000567669    -0.000821499
      0.00115435      0.00117837
     -0.00108345     -0.00116712
    -0.000703878    -0.000764477
     0.000192494     1.73521e-06
      0.00301008      0.00283268
     -0.00115013     -0.00135358
      0.00234793      0.00241124
    -0.000450104     -0.00051889
      0.00419096      0.00337413
    -0.000778226    -0.000878667
    -0.000597522    -0.000607519
    -0.000677427    -0.000654811
      0.00517611      0.00433681
      0.00365745      0.00282641
      0.00371554      0.00321734
    -0.000360445    -0.000385223
     -0.00115136     -0.00115668
     0.000329558     0.000147333
      -0.0017055     -0.00185332
    -0.000654232    -0.000630704
    -0.000628408    -0.000792721
    -0.000675688     -0.00075565
      0.00224039      0.00172754
    -0.000743571    -0.000733147
    -0.000924982    -0.000961745
    -0.000725594    -0.000719481
    -0.000948952    -0.000948084
       0.0111925       0.0107077
      0.00561496      0.00599347
    -0.000521685    -0.000565189
    -0.000488127     -0.00054996
      0.00362632      0.00344562
    -0.000688194    -0.000701491
    -0.000497654    -0.000502945
      0.00507243      0.00442439
      0.00465184      0.00403479
    -0.000127536    -0.000118118
    -0.000715818    -0.000776877
     -0.00142917      -0.0014243
     0.000475926     0.000557104
      0.00183044      0.00184641
    -0.000700723    -0.000839996
    -0.000437664    -0.000245693
      0.00107123      0.00101162
     -0.00128004     -0.00129209
      0.00547987       0.0051746
     -0.00061748    -0.000710295
    -0.000238949    -0.000426954
     0.000267157      0.00012349
      0.00374363      0.00358158
    -0.000564767    -0.000738062
    -0.000648489    -0.000658715
      0.00560135      0.00620368
    -0.000474827    -0.000435823
     0.000594609     0.000565512
    -0.000359971    -0.000386999
      0.00965381      0.00892545
      -0.0006395    -0.000730157
    -0.000605676    -0.000616923
    -0.000532137    -0.000536615
      0.00984099      0.00958267
      0.00045745     9.35373e-05
    -0.000376146     -0.00018822
    -0.000583626    -0.000762563
    -0.000342311    -0.000546922
      0.00404709      0.00383475
    -0.000839903    -0.000979337
     0.000132912     0.000194219
    -0.000698711    -0.000884569
    -0.000206392    -0.000158283
    -0.000524759    -0.000515532
     0.000996898     0.000698885
    -0.000476139    -0.000493054
