QM Energy	FF Energy
      0.00159098      0.00155474
      0.00502172      0.00515835
     0.000579631     0.000574804
      0.00529246      0.00501859
       0.0178402       0.0176729
      0.00505448      0.00513827
      0.00106747      0.00102362
      4.0385e-05     3.73766e-05
     0.000184049     0.000185859
      0.00969617      0.00952692
      3.9245e-05     4.28823e-05
     0.000197347     0.000250959
      0.00348964      0.00345809
      3.4327e-05     3.29554e-05
      0.00370004      0.00353329
      0.00978369       0.0099937
       0.0195865       0.0201444
      0.00107307      0.00123638
     0.000252589     0.000243655
      0.00173893      0.00158249
     0.000144704     0.000155222
      0.00141971       0.0015786
      2.6727e-05     2.91974e-05
     0.000178573     0.000168733
      0.00275601      0.00293507
      0.00211226      0.00196984
     0.000143555     0.000114988
      0.00696678      0.00749828
       0.0142963       0.0139793
     0.000233747     0.000256252
      0.00907868      0.00873412
     0.000146516     0.000124298
      7.8171e-05     8.34605e-05
      2.0348e-05     2.73377e-05
     0.000702286     0.000650692
     0.000127194     0.000140067
      0.00079192     0.000730969
     0.000110576      0.00012034
     0.000386865     0.000354278
       0.0041843      0.00448288
     0.000140371     0.000112648
      0.00355148      0.00374867
     0.000199743     0.000215885
     0.000748564     0.000823796
      0.00844358      0.00886137
     0.000113805     0.000108661
     0.000145853     0.000114742
     0.000273594     0.000244482
       0.0294388       0.0291499
      0.00341979      0.00332919
        0.012921       0.0130902
      0.00221875      0.00232279
     0.000117461     0.000151537
      6.7141e-05     7.15021e-05
     0.000107637     8.92654e-05
      0.00991168       0.0100771
     0.000627715     0.000552521
      0.00124843      0.00128249
      9.9055e-05     0.000110513
     0.000174407     0.000227649
      0.00133582      0.00130212
     0.000183777     0.000169186
      0.00026871     0.000237649
      4.1227e-05      4.4418e-05
       0.0165476       0.0163004
       0.0187243       0.0187134
      0.00157322       0.0017817
       0.0189744       0.0192151
     0.000472774     0.000550696
      7.1291e-05     7.16213e-05
      0.00302498      0.00325726
     0.000132477     0.000132704
      1.7979e-05     2.60371e-05
      0.00943035      0.00983632
      0.00400649      0.00371978
      3.8774e-05     4.35805e-05
     0.000500607     0.000470394
      4.0465e-05     4.70166e-05
     0.000933658     0.000965819
      7.0175e-05     7.82998e-05
      8.3205e-05     9.06766e-05
       0.0142054       0.0141465
     0.000522097     0.000562664
      0.00076425     0.000763373
      0.00908648      0.00875088
      0.00160124      0.00178973
      6.9181e-05     8.64384e-05
     0.000315649     0.000302083
      5.4575e-05     6.15171e-05
      0.00165949      0.00181551
     0.000276787     0.000264128
       3.135e-05     3.40742e-05
      8.5177e-05      8.9597e-05
      0.00692205      0.00683809
     0.000689136      0.00059781
        0.016747       0.0170106
      0.00281209      0.00284446
       0.0131382       0.0128017
     0.000149618     0.000140896
      0.00075214     0.000725621
      0.00283935      0.00274303
      0.00117096       0.0010929
      0.00698374      0.00723012
     0.000494141     0.000525718
     0.000266504     0.000285432
      0.00290145      0.00285463
       6.985e-05     6.54826e-05
     0.000799131     0.000733831
       0.0225036        0.022495
      4.8003e-05     4.49392e-05
      8.0199e-05     0.000113076
      0.00576573      0.00544057
      9.8686e-05     0.000102639
     0.000236503     0.000250902
     0.000260867     0.000252632
        0.011271       0.0115742
     0.000231553     0.000255268
      0.00872777      0.00859825
       6.043e-05     6.50702e-05
      0.00813062      0.00837245
       0.0112072       0.0108114
     0.000451106     0.000401099
      0.00011547     0.000107968
       0.0158927       0.0162098
     0.000439893     0.000405891
      0.00439249       0.0044995
      0.00018672     0.000178071
     0.000136269     0.000109544
      0.00124944      0.00120799
     0.000417892     0.000468093
      3.5021e-05     3.21073e-05
     0.000154214     0.000158896
     0.000658421     0.000600062
      0.00298447      0.00314104
     0.000156814      0.00016276
     0.000640355     0.000781025
     0.000330869     0.000279049
     0.000662214      0.00062951
      0.00156188      0.00149517
      0.00250997      0.00238917
     0.000329955      0.00035681
      0.00472032      0.00494171
       7.404e-05     7.44643e-05
      0.00086941      0.00104752
       0.0106071       0.0104869
      0.00628832      0.00609335
      8.7509e-05     8.01026e-05
       0.0018933      0.00184343
     0.000378122     0.000471987
      6.9993e-05     5.32537e-05
      0.00544126      0.00545405
      0.00202995      0.00198202
     0.000475695      0.00049147
     0.000790564     0.000822771
      0.00254156      0.00267572
      0.00949445      0.00953199
       0.0201399       0.0200955
      0.00116979      0.00118535
      0.00011945     0.000130224
       0.0142476       0.0148239
      0.00415439      0.00410417
     0.000917776     0.000918607
     0.000281495     0.000306352
      0.00128452      0.00120484
     0.000163974     0.000176022
      0.00850208      0.00858955
      0.00172051      0.00175278
      0.00277731      0.00294235
       0.0149351        0.015007
      4.5382e-05     4.60108e-05
       0.0064671      0.00703489
       0.0155035       0.0151137
      0.00194531      0.00190948
      0.00315373       0.0035703
      0.00139104      0.00126361
      0.00604392      0.00628144
       0.0218194       0.0216095
       0.0010092     0.000969903
      0.00126449      0.00120214
      0.00418545      0.00413079
     0.000236303     0.000274693
      0.00184505      0.00167642
      0.00192229      0.00173767
      0.00100918      0.00101785
     0.000197463     0.000217243
      0.00015534     0.000174822
       0.0043909       0.0043982
     0.000133644     0.000143983
     0.000530752     0.000647419
      0.00748089      0.00758087
      0.00823799      0.00829782
      0.00107185      0.00100291
      0.00686363      0.00714507
      0.00159412      0.00143775
      4.6112e-05     4.17737e-05
      0.00109217      0.00115754
     0.000729691     0.000621801
      0.00010492     8.59593e-05
      7.6384e-05     8.17007e-05
      0.00468983      0.00441953
     0.000517079     0.000500412
        0.021902       0.0221531
       0.0123002       0.0120501
      0.00014107     0.000154736
      0.00514696       0.0051142
      0.00417477      0.00425254
      0.00792712      0.00838735
      0.00275817      0.00298367
     0.000733966     0.000792787
      3.4751e-05     4.34733e-05
      3.3631e-05     4.85954e-05
      0.00183143      0.00189673
      0.00126031      0.00118284
     0.000210676      0.00019928
      6.4995e-05     7.13265e-05
      0.00125895      0.00129435
      4.7021e-05     4.46497e-05
     0.000141894     0.000121222
      6.3106e-05     7.27428e-05
      0.00103601     0.000970142
     0.000155348     0.000170179
     0.000110971     0.000105842
      0.00136425      0.00135827
      0.00164789      0.00177901
     0.000502604     0.000475475
      0.00848248      0.00879719
       0.0014851      0.00133025
      7.7303e-05     6.46591e-05
       0.0052678      0.00497719
     0.000115339      0.00010481
     0.000123923      0.00015507
     0.000588531     0.000619681
       0.0197453       0.0193871
     0.000265792     0.000310786
     0.000676918      0.00069205
      2.8887e-05     3.82885e-05
      0.00806347      0.00820382
      8.7153e-05     9.03504e-05
      0.00663188      0.00663378
     0.000229307     0.000214906
     0.000927181      0.00102462
     0.000264012     0.000217641
     0.000216509     0.000217114
      0.00161038      0.00157791
     0.000307242     0.000266344
      0.00514672      0.00492447
     0.000882832     0.000867456
       0.0148199       0.0145596
     0.000552601     0.000601186
      0.00068546      0.00065944
     0.000552609     0.000515543
      0.00518407      0.00506682
      0.00816096      0.00810106
      0.00144404      0.00142727
      6.4371e-05     6.31276e-05
      0.00982507      0.00957965
      0.00505599      0.00504545
     0.000117312     0.000127109
      3.6016e-05     4.82825e-05
     0.000221102     0.000240886
      0.00110192      0.00103512
       0.0168652       0.0165637
      0.00089447      0.00105181
     0.000985728      0.00103592
      0.00779839      0.00756417
      7.2058e-05     8.11687e-05
      0.00118582      0.00108032
      0.00626879      0.00646459
     0.000692029     0.000789668
      0.00809906      0.00838969
      4.5067e-05     4.61543e-05
      0.00541815      0.00531255
     0.000143287     0.000140188
      0.00130494      0.00116253
     0.000194461     0.000246925
      0.00540147      0.00536057
      4.6153e-05     4.36039e-05
      7.5885e-05     6.91403e-05
       0.0129194       0.0131999
     0.000560747     0.000568376
      8.3023e-05     7.12997e-05
       0.0260881       0.0261459
      8.0382e-05     9.13386e-05
      0.00115386       0.0011849
      0.00545225      0.00513797
      5.0193e-05      3.7512e-05
      9.4438e-05     0.000108601
     0.000740818     0.000675553
     0.000359565      0.00035101
     0.000850454     0.000894514
      0.00881493      0.00911662
       0.0144457       0.0141203
     0.000258779     0.000244595
     0.000619838     0.000556844
     0.000865858     0.000825545
      0.00229846      0.00236653
       0.0144006       0.0145609
      5.6952e-05     4.84023e-05
      0.00221217      0.00226863
      0.00510995       0.0048073
      0.00154066      0.00163634
      3.4423e-05     3.44729e-05
      0.00352871      0.00374023
     0.000172168     0.000159545
      0.00658596      0.00647701
     0.000368957     0.000399733
       0.0111778       0.0110836
      0.00113604      0.00114954
      0.00137206      0.00133274
     0.000597525     0.000698433
      2.3711e-05     2.75629e-05
      0.00533672      0.00528005
      0.00758851      0.00767765
      0.00306917      0.00286552
     0.000102591     8.53341e-05
      0.00163189      0.00182241
      0.00787405      0.00781295
      0.00268032      0.00287796
      0.00040644     0.000335659
       0.0182414       0.0184574
      0.00399822      0.00390666
      0.00476787      0.00475467
      3.5913e-05     4.62705e-05
      4.6799e-05     4.36761e-05
     0.000506134     0.000529046
      0.00599911      0.00611198
      0.00141655      0.00154598
      0.00188941      0.00174238
     0.000367199     0.000351695
      9.6945e-05     8.01201e-05
      0.00194186      0.00182025
     0.000108448     0.000147976
      0.00015733     0.000127096
     0.000501662     0.000424439
      0.00257394      0.00252229
       0.0138713       0.0137811
      0.00173574      0.00180608
     0.000660807     0.000728958
      0.00531337      0.00525856
     0.000218993     0.000209881
     0.000958088      0.00101905
      0.00206692      0.00198347
     0.000321051     0.000290568
     0.000444185     0.000461641
       0.0157911       0.0153998
      0.00871778       0.0087129
      0.00377886      0.00352424
      0.00137598      0.00139106
      0.00307993      0.00300297
       0.0165482       0.0164473
     0.000183712     0.000208447
     0.000448928     0.000500454
      0.00235043      0.00219714
      0.00584455      0.00559576
     0.000266402      0.00023346
      6.1167e-05     8.69843e-05
      0.00323325      0.00364583
     0.000776242     0.000911027
      5.4452e-05     6.82724e-05
     0.000518368      0.00065557
       0.0112966       0.0115214
     0.000187985     0.000186875
      0.00075362     0.000672685
      0.00151915      0.00177857
      0.00216401      0.00226598
     0.000146568     0.000116709
      0.00427569      0.00450974
      3.8554e-05     3.64455e-05
       0.0234211       0.0232914
      0.00428946      0.00443979
     0.000837895      0.00103425
     0.000195102     0.000189144
      0.00448791      0.00439248
       0.0171845       0.0168712
      0.00359361      0.00342866
      4.6892e-05     6.35218e-05
      0.00973652      0.00971631
     0.000216562     0.000237145
     0.000427619     0.000369026
      0.00105282     0.000929955
       0.0325064       0.0323486
     0.000532332     0.000576904
     0.000150988     0.000142132
     0.000725836     0.000700093
      0.00017511     0.000145511
      9.6348e-05     0.000102752
     0.000727601      0.00080189
       0.0160076       0.0161181
      5.7878e-05     7.64571e-05
     0.000587504     0.000570499
      0.00197124      0.00185681
       0.0259308       0.0256867
       0.0058213      0.00615006
      3.1151e-05     3.26576e-05
      0.00023532     0.000191518
      0.00118185      0.00122168
      0.00282826      0.00278861
       0.0155312       0.0158972
       6.852e-05     6.86724e-05
      0.00442156      0.00422155
      4.1933e-05     5.30967e-05
      0.00034798     0.000355157
      9.9887e-05     8.95309e-05
     0.000407126     0.000469967
       7.476e-05     7.79881e-05
       0.0154003       0.0156714
      5.5618e-05     5.03165e-05
        0.005386      0.00540739
      9.2603e-05     9.09439e-05
       0.0034248      0.00336017
      0.00273695      0.00264074
     0.000334685     0.000364499
     0.000169848     0.000180916
      0.00277318      0.00284743
      0.00101487     0.000980778
     0.000341081     0.000376861
     0.000563871     0.000523556
     0.000754999     0.000703525
      0.00128899      0.00128792
      4.2409e-05     3.80384e-05
       0.0120449       0.0117473
      0.00249415      0.00240299
      0.00482385      0.00452125
      0.00149287      0.00180587
     0.000535045     0.000494344
       0.0111504       0.0113778
     0.000378119     0.000321084
     0.000111498     0.000142145
       0.0002433     0.000259054
     0.000416752     0.000515902
     0.000567029     0.000593571
       9.493e-05      0.00010576
      0.00832572      0.00833942
      2.5849e-05     2.92417e-05
      3.3468e-05     3.45112e-05
     0.000502891     0.000546655
     0.000105645     9.75348e-05
      0.00988204      0.00988485
      4.9424e-05     4.56138e-05
     0.000267288     0.000218438
     0.000167883     0.000172517
     0.000331035     0.000352793
      0.00731397      0.00742612
       0.0022845      0.00248005
      0.00087722     0.000892846
     0.000686703     0.000737598
      0.00254413      0.00261909
      0.00541929      0.00600906
     0.000139165     0.000127557
      0.00587007      0.00602423
      2.8247e-05     3.03036e-05
     0.000154132     0.000121526
       0.0280889       0.0278401
      0.00072151     0.000693057
      0.00261853      0.00266587
     0.000964085     0.000991353
      5.9281e-05      5.7471e-05
      0.00806634      0.00841595
     0.000769268     0.000708396
       0.0283726       0.0278329
      0.00151435      0.00143575
      0.00487163      0.00507444
      7.5806e-05     7.27599e-05
      0.00168282      0.00151146
     0.000450301     0.000420085
     0.000899996     0.000810972
     0.000417158     0.000481876
      0.00136995      0.00159254
      4.4909e-05     4.24947e-05
      0.00498671      0.00466723
      6.1724e-05     4.63226e-05
       0.0189391       0.0191113
      6.9155e-05     7.70897e-05
     0.000119933     0.000116012
      0.00135072      0.00125135
     0.000814791      0.00088179
     0.000984154     0.000912661
        5.15e-05      4.1931e-05
      9.1569e-05     9.60995e-05
     0.000508517     0.000553519
      0.00564527      0.00553603
      7.7501e-05     6.56404e-05
      0.00193746       0.0018352
       0.0160961       0.0157328
     0.000339674     0.000316006
      0.00318725      0.00313198
      3.6444e-05     4.18176e-05
      0.00248358      0.00290624
       0.0266628       0.0268591
      0.00271178      0.00260784
     0.000117069     0.000121886
        0.015206       0.0155254
      4.2455e-05     4.97503e-05
     0.000130319     0.000148041
      5.5292e-05     4.57188e-05
     0.000343147     0.000335709
       0.0247567       0.0244748
     0.000472193     0.000522959
     0.000143194      0.00013613
      0.00623268      0.00615039
       0.0028145      0.00261665
     0.000120617     0.000100878
       0.0310968       0.0308142
      0.00028084     0.000315951
     0.000107796     8.29929e-05
        0.019601        0.019267
      0.00016245     0.000142408
     0.000702961     0.000751193
      0.00279853      0.00283061
      0.00768694      0.00849683
     0.000455079     0.000431757
       2.588e-05     2.78048e-05
       0.0172114         0.01677
     0.000127967      0.00014745
      0.00161421      0.00172789
      0.00110377      0.00102967
      0.00101043     0.000959651
      0.00142685      0.00154658
       0.0012597      0.00136675
      4.1723e-05     4.23934e-05
     0.000526337     0.000509619
     0.000260078     0.000212842
      0.00510383      0.00512289
       0.0218739       0.0214313
      8.2418e-05     7.48559e-05
      0.00119967       0.0011702
      6.8432e-05      7.1789e-05
       0.0162403       0.0159667
      0.00172304      0.00168195
      0.00667405      0.00656857
       0.0149223        0.014645
      2.8406e-05     2.96246e-05
      0.00943551      0.00925638
      0.00082226     0.000994277
      0.00842393      0.00809222
     0.000110048     9.49319e-05
     0.000995565     0.000907085
      9.7805e-05     9.88755e-05
     0.000201938      0.00018052
      5.8863e-05     6.81763e-05
     0.000226104     0.000261138
      7.6391e-05     8.36837e-05
       0.0316674       0.0315865
      0.00382479      0.00369477
      5.2823e-05     4.55908e-05
       0.0148571       0.0148615
      0.00362201       0.0038155
      0.00386189      0.00435817
      0.00644706      0.00624102
     0.000120116     9.47577e-05
      0.00434203      0.00427446
       0.0162238       0.0159569
     0.000246825     0.000304228
      0.00029046     0.000362344
      0.00151544      0.00165953
      3.1842e-05     3.42742e-05
      0.00185169      0.00185627
      4.4076e-05      4.9679e-05
      0.00242032      0.00251021
      0.00975359       0.0101865
     0.000152896     0.000120624
       0.0140516       0.0140948
       0.0143712       0.0146993
      0.00130079      0.00135173
     0.000178153     0.000216825
      4.9213e-05     5.63469e-05
      0.00479821      0.00470508
      0.00252492      0.00272005
       0.0295995       0.0297378
      0.00490249      0.00497294
      0.00239691      0.00221066
      0.00138731      0.00152353
     0.000228521     0.000244746
     0.000120387     0.000148559
     0.000404223     0.000392113
      1.9675e-05     2.71232e-05
     0.000831369     0.000775909
      4.3971e-05     4.95132e-05
      0.00593501      0.00584038
      6.4091e-05     6.73968e-05
      0.00127554      0.00115517
      6.3293e-05     5.44836e-05
      0.00367563      0.00362963
     0.000794925     0.000698473
     0.000755983     0.000673932
     0.000294802     0.000369219
      0.00046111     0.000409769
      0.00150883      0.00159912
      0.00102852      0.00121564
     0.000126813     0.000129586
     0.000483618     0.000540065
     0.000762498     0.000744083
     0.000662964     0.000673571
     0.000186722     0.000151583
      8.5014e-05     7.03868e-05
      0.00747957      0.00712261
       0.0105381       0.0104919
      0.00452368      0.00423776
      0.00304054      0.00311216
       0.0110861       0.0110671
       0.0204783       0.0201131
      0.00176815      0.00181301
     0.000321727      0.00041972
      0.00260778      0.00270794
     0.000133514     0.000147142
      0.00589164        0.005946
     0.000250612     0.000257457
     0.000284861     0.000255771
       0.0212344       0.0214588
       0.0238952       0.0238344
       0.0117698       0.0117107
      0.00016481     0.000144295
       2.453e-05     3.06323e-05
        0.029652       0.0297719
      0.00105358      0.00109021
      0.00224505      0.00216743
     0.000613823      0.00066242
      0.00873311       0.0088545
      0.00561738      0.00593867
      0.00871204      0.00901579
       0.0238681       0.0240668
       6.342e-05     5.40725e-05
      6.6283e-05     6.09918e-05
      9.7537e-05     8.65792e-05
       0.0200024        0.020117
     0.000129614     0.000119929
      0.00350801      0.00335217
      0.00061979     0.000543967
     0.000734768     0.000707526
      0.00972425      0.00980895
     0.000139718     0.000109424
      4.0788e-05     4.44191e-05
      0.00155457       0.0015861
     0.000723154     0.000797317
     0.000655239     0.000587067
      6.1748e-05     7.30529e-05
      0.00144173      0.00154382
      3.4765e-05     3.51693e-05
       0.0114861       0.0114939
       0.0315571       0.0314948
      0.00159502      0.00183282
      0.00171629      0.00178851
      0.00914294      0.00948559
        3.53e-05     3.73701e-05
     0.000403653     0.000448548
       0.0106723        0.010425
       0.0115727       0.0116653
     0.000344862     0.000284863
      0.00705599      0.00694077
     0.000451166     0.000462342
      0.00354044      0.00380196
      0.00118439      0.00105907
     0.000761736     0.000740176
       8.563e-05     7.46261e-05
      0.00413806      0.00398909
      0.00102425     0.000919646
     0.000334907     0.000389103
       0.0027275      0.00268931
      0.00154122      0.00158844
      0.00518896      0.00489409
     0.000494241     0.000518144
     0.000289439     0.000289536
     0.000470588     0.000552648
     0.000793801     0.000778364
      0.00159202      0.00156472
      0.00194001      0.00206775
       0.0124741       0.0121234
      3.2796e-05     3.81949e-05
     0.000129948      0.00012627
       0.0185137       0.0186615
     0.000882412     0.000822234
     0.000582755     0.000590019
     0.000172192     0.000140971
     0.000189629     0.000170851
      0.00889109      0.00864824
      2.5551e-05     2.51779e-05
      0.00119612      0.00108409
      6.4122e-05     7.60203e-05
      0.00042925     0.000486672
       0.0104934       0.0107582
     0.000640707      0.00057833
       0.0188795       0.0190995
      0.00117685      0.00107174
      0.00041338     0.000341402
     0.000389939     0.000362963
       0.0027222      0.00267429
     0.000294009     0.000248029
     0.000789319     0.000814515
     0.000483524      0.00047958
       0.0184965       0.0186819
      0.00320151      0.00295385
       0.0075612      0.00730706
     0.000954038     0.000997369
     0.000146203     0.000138803
      0.00187166      0.00175969
      9.5145e-05     8.61505e-05
     0.000303564      0.00030517
      0.00874572      0.00867989
      0.00145369       0.0013748
      4.6093e-05     3.88329e-05
      0.00114052      0.00118324
      0.00204764      0.00242713
      0.00319104      0.00318749
      0.00637097      0.00627318
       0.0386473       0.0389376
      0.00107602      0.00122601
       0.0306299        0.030374
       0.0109319       0.0107821
       6.361e-05     4.73297e-05
      7.6507e-05     6.71033e-05
     0.000333478     0.000316075
      7.4813e-05     8.50481e-05
      0.00243864      0.00231917
      3.3313e-05     3.77505e-05
      3.3877e-05     3.31193e-05
      0.00678277      0.00642842
     0.000805016     0.000811653
      0.00261693      0.00239243
     0.000364025     0.000366208
       0.0142671       0.0142895
      7.2106e-05     5.81544e-05
      0.00494277      0.00517738
       3.286e-05     4.74111e-05
      0.00479778      0.00488167
     0.000159132      0.00013799
      6.9311e-05      7.9262e-05
      0.00792601      0.00785632
       0.0232795       0.0230722
      0.00025257     0.000202562
       0.0208457        0.020805
      0.00243775       0.0024132
     0.000214349     0.000263678
       3.005e-05     3.43939e-05
      0.00273535      0.00289021
     0.000348586     0.000365213
      0.00040269     0.000417544
     0.000140765     0.000132425
      0.00120854      0.00115019
       0.0032798      0.00373026
       0.0223301       0.0220934
      6.3337e-05     6.86765e-05
       0.0017944      0.00168749
     0.000201954     0.000198554
       0.0158988       0.0160942
      0.00117898      0.00106899
      0.00620167      0.00596697
      0.00175175      0.00171114
      0.00535137      0.00555285
      0.00260409       0.0023649
      2.2535e-05     3.07911e-05
     0.000136169     0.000182752
      0.00217373      0.00233283
     0.000691606     0.000671636
       0.0108781       0.0111239
      7.5876e-05     8.25589e-05
     0.000107767     0.000101705
      0.00115981        0.001086
      0.00455935      0.00434713
      0.00968216      0.00991052
     0.000802659      0.00087582
      9.8939e-05     9.60662e-05
     0.000103585     8.81752e-05
      0.00688122      0.00682174
     0.000893325      0.00100662
      5.1021e-05     5.51874e-05
      2.3757e-05     2.89928e-05
     0.000833479     0.000949866
      0.00348254      0.00359858
      0.00408378      0.00399953
      0.00274799       0.0026661
     0.000174946     0.000150648
      0.00140163       0.0015661
      0.00481112      0.00471384
      0.00141921       0.0014256
      0.00209717      0.00225302
     0.000689286     0.000650561
     0.000133738     0.000111543
     0.000971106     0.000893579
      3.2912e-05     3.95922e-05
       9.105e-05     9.69616e-05
       3.875e-05     3.91346e-05
      2.1666e-05     2.91343e-05
     0.000296588     0.000360148
     0.000700571     0.000604976
      0.00436699      0.00421908
      0.00122029      0.00127085
     0.000177245     0.000149263
     0.000111374     9.94591e-05
      0.00282417      0.00295044
      0.00742574      0.00767094
     0.000229807     0.000221282
      0.00744985      0.00741817
     0.000442527      0.00042702
      3.2515e-05     4.13016e-05
      0.00015833     0.000187394
     0.000661216     0.000706038
     0.000955779     0.000852429
      0.00308244      0.00290001
     0.000975238      0.00114255
      0.00177943      0.00174672
      5.4174e-05     5.41557e-05
      3.9194e-05     3.65589e-05
      0.00528273      0.00532018
     0.000917408      0.00110058
      5.8306e-05     5.86106e-05
      5.1301e-05     4.20824e-05
       0.0059919      0.00568008
     0.000819031     0.000836985
      0.00319695      0.00338524
      0.00122722      0.00131013
      0.00142058      0.00137826
       0.0001744      0.00015949
      0.00120244       0.0013175
      0.00995171      0.00985805
      0.00209111      0.00196897
      0.00581678      0.00589006
      4.5863e-05     5.60337e-05
      6.1483e-05     6.87446e-05
     0.000501101     0.000467685
     0.000315494     0.000301295
     0.000112796     8.63508e-05
       0.0121864       0.0124633
     0.000121082     0.000110882
      0.00419853      0.00430809
     0.000122213     0.000132563
     0.000444402     0.000425225
        0.010246       0.0100404
      0.00092015      0.00100383
      0.00650408      0.00668105
        0.003771      0.00369051
      0.00016137     0.000150715
      0.00684328      0.00670975
      0.00640212       0.0063402
     0.000207042     0.000245267
       0.0179117       0.0181197
     0.000158181     0.000200941
      0.00245015      0.00235255
     0.000145224      0.00011943
     0.000384322     0.000364691
      0.00121336       0.0013537
     0.000350696     0.000330068
       0.0318695       0.0317005
      0.00110756      0.00100127
       0.0100472       0.0101886
      0.00627152      0.00649158
      0.00115934      0.00111267
      5.2085e-05     3.94335e-05
      0.00032489     0.000381281
      0.00298387      0.00283988
      0.00615332      0.00651881
      0.00381346      0.00370708
     0.000523226     0.000653587
      0.00789462      0.00838621
      0.00266729      0.00305592
      0.00258176      0.00263142
      0.00395242      0.00374586
       0.0151628        0.015239
       0.0131345       0.0139383
     0.000100345     0.000121375
     0.000776331     0.000818672
       0.0028741      0.00330024
     0.000143964     0.000157983
      0.00221889      0.00236414
     0.000427767     0.000441761
      4.8585e-05     4.85252e-05
      0.00822313      0.00802665
      0.00567059      0.00610831
      0.00748231      0.00815473
      0.00582041      0.00551275
        0.024305       0.0241853
      3.3523e-05     3.31164e-05
       0.0019698      0.00208936
      2.9201e-05     3.82465e-05
     0.000174926     0.000178364
      0.00609631       0.0061632
     0.000475175     0.000419721
      0.00124303      0.00126955
     0.000480092     0.000423677
      0.00380328      0.00363022
       9.135e-05     8.09849e-05
      0.00464347      0.00472169
      0.00540221      0.00510011
      4.1305e-05     4.90647e-05
      7.5949e-05     6.92758e-05
     0.000272679     0.000306963
      5.9759e-05     5.33827e-05
     0.000196251     0.000196255
       0.0130368       0.0127441
     0.000245063     0.000245743
      3.3769e-05     3.61926e-05
     0.000319883     0.000267251
     0.000987201       0.0011641
      6.2521e-05     8.51814e-05
     0.000719954     0.000796683
     0.000203859     0.000199441
     0.000453807     0.000586025
       0.0114165       0.0116479
      0.00318349      0.00330675
      0.00084381     0.000959844
        0.017579       0.0177815
      3.2561e-05     4.77158e-05
      0.00201256      0.00183293
      0.00949344      0.00925692
     0.000222375     0.000202851
      3.7031e-05     3.42256e-05
      0.00229156      0.00233031
      0.00695232      0.00688788
       0.0074219      0.00740704
      0.00194823      0.00206988
     0.000119193     0.000110601
      7.6926e-05      6.5003e-05
      0.00749385      0.00732128
      2.9095e-05     2.94159e-05
      0.00015566     0.000140187
      0.00105741      0.00125276
       0.0232841       0.0228806
     0.000203217     0.000265505
      4.9666e-05     4.87264e-05
       0.0213301       0.0208953
      0.00684703      0.00661062
     0.000308007     0.000402396
       0.0154045       0.0150839
      0.00056841     0.000517401
     0.000529855     0.000503271
      7.9213e-05     7.99094e-05
         8.1e-05     8.57684e-05
      0.00932228      0.00909454
      0.00778433      0.00851963
       0.0189801       0.0190007
      4.8553e-05     5.38061e-05
       0.0036498      0.00353817
     0.000163894     0.000152244
     0.000164688     0.000143734
      0.00283593      0.00277391
         0.02757        0.027695
       0.0132346       0.0128754
        0.015547       0.0158125
     0.000239358     0.000215619
     0.000632922     0.000623551
     0.000184338     0.000191972
     0.000181762     0.000158291
      3.9583e-05     3.91012e-05
      0.00811951      0.00889379
        0.012161       0.0123415
      0.00428688      0.00462794
     0.000187753     0.000238813
     0.000107254     0.000125276
     0.000987558     0.000944649
     0.000123281     9.54695e-05
     0.000477478     0.000529097
     0.000826525      0.00081174
     0.000155192     0.000165196
      0.00956709      0.00926164
     0.000134827     0.000155497
      0.00517996      0.00533483
      0.00131667      0.00137125
      0.00527408      0.00516443
     0.000727572     0.000719643
      0.00114572      0.00105113
      2.6119e-05     2.89574e-05
      2.3457e-05     3.20085e-05
      0.00542152      0.00535688
     0.000541176     0.000549463
      3.0987e-05     4.36013e-05
     0.000211824      0.00019028
       0.0039233      0.00406348
     0.000386711     0.000414025
     0.000197396     0.000177906
      0.00234592       0.0022409
        0.003832      0.00365348
      0.00441984      0.00441038
     0.000567983     0.000544259
      0.00245637      0.00248047
     0.000283135     0.000259679
     0.000439551     0.000442252
     0.000493276     0.000544586
      0.00865589      0.00890564
     0.000246726     0.000264363
      6.9105e-05     9.59705e-05
      5.4103e-05     4.91802e-05
       0.0068586      0.00762888
     0.000257869     0.000303482
     0.000767664     0.000709765
      0.00150216      0.00157426
      3.8772e-05     3.97295e-05
     0.000530587     0.000603381
      9.6457e-05     8.30436e-05
      0.00621297      0.00592587
