QM Energy	FF Energy
     -0.00115107     -0.00116232
    -0.000125355    -0.000129326
     -1.0167e-05    -1.20106e-05
     -2.8598e-05    -3.38981e-05
      -3.606e-05    -4.00362e-05
       -5.85e-06    -7.61109e-06
     -1.5337e-05    -2.12119e-05
      -9.253e-06    -1.21787e-05
    -0.000700875    -0.000640016
      -5.752e-05    -6.20023e-05
     -6.9532e-05    -8.68481e-05
      -2.096e-06    -2.96119e-06
      -9.713e-06    -1.25117e-05
    -0.000569778    -0.000492004
     -1.3273e-05    -1.67036e-05
    -0.000165956    -0.000210632
      -2.788e-06    -3.62886e-06
     -1.3674e-05    -1.75041e-05
     -0.00107751     -0.00105113
    -0.000257797    -0.000235474
     -3.5975e-05    -4.31159e-05
    -0.000729916    -0.000723477
     -6.1075e-05    -5.71599e-05
      -3.492e-06    -4.89191e-06
    -0.000206976    -0.000240693
      -4.214e-06    -5.82399e-06
     -0.00061145    -0.000489954
     -2.8601e-05     -4.0709e-05
      -3.076e-06    -4.38978e-06
    -0.000184838    -0.000181717
      -1.349e-06    -1.85597e-06
     -1.4332e-05    -1.77444e-05
      -3.746e-06    -5.80286e-06
      -6.674e-06    -9.22726e-06
     -0.00086358    -0.000816756
     -8.2672e-05    -7.32261e-05
      -6.019e-06    -7.46629e-06
    -0.000791228    -0.000774261
     -5.0635e-05    -5.28855e-05
     -1.9424e-05     -2.5873e-05
     -1.9317e-05    -2.28345e-05
      -9.968e-06    -1.31222e-05
     -8.0446e-05    -9.46915e-05
     -1.0163e-05    -1.34531e-05
      -2.236e-06    -3.69259e-06
      -0.0010043    -0.000976178
    -0.000382109    -0.000383004
    -0.000110964    -0.000125809
       -9.96e-06    -1.30174e-05
    -0.000593499    -0.000525782
      -8.827e-06    -1.28944e-05
     -0.00118872     -0.00122209
     -0.00102647     -0.00108919
    -0.000432079    -0.000393933
     -1.2777e-05    -1.57053e-05
      -1.179e-06    -1.73985e-06
      -4.762e-06     -6.1591e-06
      -4.513e-06    -5.62626e-06
       -1.39e-06    -2.67422e-06
      -3.409e-06    -3.93574e-06
    -0.000367266    -0.000362752
    -0.000673735    -0.000678031
     -1.9738e-05    -2.37814e-05
    -0.000190322    -0.000198014
     -6.6399e-05    -7.83242e-05
      -1.872e-06    -2.74729e-06
     -2.3812e-05    -3.10269e-05
     -3.8697e-05    -5.07236e-05
      -3.765e-05    -5.18073e-05
    -0.000183634    -0.000174633
    -0.000138314    -0.000148695
     -1.1714e-05    -1.47955e-05
      -9.903e-06    -1.02607e-05
      -2.465e-06    -2.89253e-06
     -2.1922e-05    -2.60111e-05
     -1.8006e-05     -2.4223e-05
     -6.1399e-05    -7.85737e-05
     -1.4047e-05    -1.79989e-05
      -6.287e-06    -9.18537e-06
      -2.905e-06    -4.06224e-06
    -0.000589654    -0.000514183
      -5.186e-06    -5.66136e-06
     -7.8169e-05      -9.116e-05
      -5.847e-06    -8.35602e-06
      -7.157e-06    -9.60516e-06
      -7.817e-06    -1.10724e-05
    -0.000209835    -0.000217848
     -0.00108242     -0.00109239
    -0.000116259    -0.000132028
     -1.8625e-05    -1.96007e-05
      -3.613e-06    -5.26951e-06
    -0.000710999    -0.000637474
    -0.000224497    -0.000248302
      -3.864e-06    -5.66798e-06
      -4.107e-06    -6.19957e-06
    -0.000498999    -0.000431706
    -0.000893105    -0.000845617
     -7.9201e-05    -8.88651e-05
      -2.506e-06    -3.25693e-06
    -0.000517598    -0.000460392
      -7.242e-06    -1.05615e-05
    -0.000704286    -0.000685724
     -0.00048161    -0.000472045
     -3.9708e-05    -4.03095e-05
     -0.00109425    -0.000992069
     -5.9483e-05    -6.80558e-05
    -0.000112683    -0.000132091
    -0.000295278     -0.00030774
     -6.8119e-05    -8.91356e-05
     -1.6111e-05     -2.1169e-05
    -0.000400339    -0.000362943
      -3.583e-06    -5.69608e-06
    -0.000140604    -0.000137785
     -1.2833e-05    -1.82562e-05
     -0.00054681    -0.000522042
    -0.000997302    -0.000992826
     -2.5398e-05     -3.1718e-05
     -1.8285e-05     -2.2157e-05
     -1.4509e-05     -1.7239e-05
    -0.000141456    -0.000128467
     -0.00122494     -0.00119877
     -1.4545e-05     -2.0349e-05
      -1.696e-06    -2.32414e-06
     -2.0662e-05    -2.61761e-05
     -1.4671e-05    -1.83947e-05
     -6.1638e-05    -6.52016e-05
     -2.2778e-05    -2.26514e-05
    -0.000834595    -0.000779565
     -6.3093e-05    -8.02321e-05
    -0.000462891    -0.000423097
    -0.000106107    -0.000133737
      -2.837e-06    -3.98051e-06
    -0.000121787    -0.000128414
      -3.413e-05    -3.89621e-05
    -0.000109025    -0.000120308
     -9.7627e-05    -0.000102167
      -8.034e-06    -1.17454e-05
     -6.9995e-05    -7.89436e-05
    -0.000180679    -0.000189041
    -0.000548053    -0.000529061
    -0.000191648    -0.000191144
       -1.37e-06    -2.15903e-06
      -2.913e-06    -3.90871e-06
    -0.000698191    -0.000745541
     -0.00026263    -0.000268245
      -2.131e-06     -3.0151e-06
    -0.000448068    -0.000378355
       -4.53e-06    -6.84856e-06
      -4.989e-06    -5.83552e-06
      -7.973e-05    -8.15879e-05
     -8.1293e-05    -8.78659e-05
     -0.00118944     -0.00121916
      -2.305e-05    -2.56953e-05
    -0.000883286    -0.000813002
    -0.000733641    -0.000635892
     -0.00086023    -0.000857637
    -0.000817028    -0.000691637
    -0.000774566    -0.000798422
    -0.000946378    -0.000934003
    -0.000116111    -0.000113159
      -1.885e-06    -2.69905e-06
      -3.893e-06    -5.59144e-06
    -0.000684687    -0.000635528
       -9.45e-06    -1.22476e-05
     -4.3874e-05    -5.22094e-05
      -2.684e-05    -3.13297e-05
     -0.00093798    -0.000941927
     -1.1525e-05    -1.54125e-05
      -2.471e-06    -3.34324e-06
     -3.4077e-05    -3.73511e-05
      -7.254e-06    -1.10666e-05
      -2.309e-05    -2.91198e-05
    -0.000100122     -9.6252e-05
    -0.000380193    -0.000325422
     -6.8332e-05    -6.18849e-05
      -7.533e-06    -1.08728e-05
    -0.000282146    -0.000243644
      -0.0001363    -0.000132858
    -0.000451601    -0.000432657
     -1.1755e-05     -1.5806e-05
      -1.442e-06    -1.87823e-06
     -5.6456e-05    -6.03031e-05
     -2.8189e-05    -2.89392e-05
    -0.000245766    -0.000260645
      -9.822e-05    -8.80266e-05
    -0.000988272     -0.00102327
     -1.8017e-05    -2.27645e-05
     -2.3976e-05    -3.17279e-05
     -1.4556e-05    -1.64436e-05
      -2.387e-06    -3.10017e-06
     -3.2749e-05    -4.56409e-05
    -0.000313138    -0.000305872
     -4.7828e-05    -4.84528e-05
    -0.000284298    -0.000291651
    -0.000506324    -0.000464416
    -0.000261518    -0.000301053
     -5.5782e-05    -6.28973e-05
     -4.9888e-05    -6.08699e-05
     -4.9041e-05    -5.90169e-05
     -2.2373e-05    -2.52291e-05
    -0.000419907    -0.000384555
      -3.614e-06    -4.65931e-06
      -9.203e-06    -1.11974e-05
    -0.000727276    -0.000761306
      -1.254e-06      -1.841e-06
    -0.000546735    -0.000496172
      -3.148e-06    -4.22044e-06
    -0.000151502     -0.00013537
      -1.141e-06    -1.55382e-06
    -0.000229303    -0.000216818
     -0.00101133     -0.00101024
     -1.6386e-05    -2.09546e-05
    -0.000671852    -0.000607923
     -9.9567e-05    -0.000115681
    -0.000683942    -0.000639845
      -8.379e-06    -1.03639e-05
     -2.4759e-05    -3.05339e-05
     -1.3981e-05     -1.7808e-05
     -0.00052296     -0.00047913
    -0.000233073    -0.000251226
    -0.000308249    -0.000309837
     -6.8831e-05    -5.78732e-05
    -0.000944289    -0.000911193
    -0.000202223    -0.000199127
    -0.000284185    -0.000334976
    -0.000332364    -0.000274944
       -1.13e-06    -1.36831e-06
    -0.000380052    -0.000356247
      -6.499e-05      -7.794e-05
     -3.4579e-05    -4.13047e-05
     -7.0962e-05    -6.39504e-05
    -0.000395753    -0.000384611
      -2.889e-06    -4.27697e-06
     -4.3086e-05    -4.62885e-05
    -0.000972059    -0.000993745
    -0.000960359     -0.00086376
     -5.8086e-05    -5.53339e-05
    -0.000361167    -0.000328085
       -6.34e-07    -1.18049e-06
    -0.000737967    -0.000714493
       -4.25e-06    -5.93268e-06
    -0.000648376    -0.000598604
     -1.1702e-05    -1.60567e-05
     -1.1446e-05    -1.36237e-05
      -7.406e-06    -1.10435e-05
      -5.663e-06    -7.84269e-06
      -8.044e-06    -1.09498e-05
    -0.000873444    -0.000782031
      -2.774e-06    -3.44369e-06
      -1.742e-06    -2.48312e-06
       -1.73e-05    -1.99399e-05
      -2.299e-06     -3.5298e-06
    -0.000128878    -0.000153055
     -1.5921e-05    -2.00135e-05
     -2.3125e-05    -2.49306e-05
     -1.9542e-05     -2.3085e-05
      -1.485e-06    -1.91838e-06
     -6.0027e-05    -5.51225e-05
    -0.000164414    -0.000155389
    -0.000752616    -0.000671892
      -2.962e-06     -4.4713e-06
      -7.782e-05    -7.27253e-05
      -8.883e-06    -1.12777e-05
    -0.000335901    -0.000276383
      -1.539e-05    -1.96483e-05
    -0.000470607      -0.0004157
       -3.96e-06     -6.8997e-06
      -2.719e-06    -4.31618e-06
    -0.000264015    -0.000245182
    -0.000986836    -0.000998446
     -2.9543e-05    -3.63803e-05
    -0.000781452    -0.000813209
     -0.00105363     -0.00117845
      -3.766e-06    -5.23756e-06
     -0.00111729     -0.00110714
     -0.00040997    -0.000461075
      -1.549e-06    -2.35699e-06
      -3.081e-06    -4.38674e-06
      -4.315e-05    -3.87837e-05
    -0.000135511    -0.000119042
     -3.6959e-05    -4.13598e-05
     -2.3501e-05    -2.96813e-05
      -3.493e-06    -4.48564e-06
     -1.2326e-05    -1.60296e-05
    -0.000157279    -0.000153814
     -1.9058e-05    -2.52212e-05
     -2.1695e-05    -2.65454e-05
     -8.7029e-05    -8.06457e-05
     -1.8024e-05    -2.29291e-05
    -0.000239464    -0.000246623
    -0.000217221    -0.000230545
    -0.000108382    -0.000129367
     -2.4085e-05     -3.4834e-05
     -0.00105934     -0.00105446
     -5.8508e-05    -6.83977e-05
      -6.364e-06    -7.77124e-06
     -4.4308e-05    -5.14219e-05
      -8.695e-06    -1.21006e-05
     -0.00145808     -0.00158164
     -2.7462e-05    -3.32367e-05
    -0.000681214    -0.000621579
     -1.1781e-05    -1.29272e-05
      -4.752e-06    -8.54466e-06
     -1.5374e-05    -2.35448e-05
    -0.000154479    -0.000176863
      -3.915e-06    -6.68836e-06
      -2.573e-06    -3.91687e-06
      -3.095e-06    -4.10469e-06
    -0.000145079    -0.000145808
    -0.000132344    -0.000138536
     -1.7657e-05    -2.30869e-05
      -3.139e-06    -5.30726e-06
      -4.392e-06    -6.08558e-06
    -0.000913353    -0.000983714
      -6.308e-06     -9.4745e-06
     -3.2474e-05     -4.4065e-05
      -3.089e-06    -5.14711e-06
      -2.364e-06    -3.42185e-06
    -0.000200053    -0.000237015
    -0.000624166     -0.00056779
       -3.47e-06    -5.01456e-06
      -3.476e-06    -4.89687e-06
    -0.000837297     -0.00076778
     -0.00046952     -0.00042143
      -2.693e-05    -3.25257e-05
      -6.607e-06    -9.13262e-06
      -8.106e-06    -1.05263e-05
     -1.2052e-05    -1.56871e-05
    -0.000164905    -0.000161792
      -8.191e-06     -9.8558e-06
      -4.544e-06    -5.85236e-06
       -4.72e-06      -7.195e-06
    -0.000312467     -0.00027578
    -0.000180428    -0.000202108
      -1.996e-06    -3.00227e-06
      -2.448e-06    -3.53849e-06
     -1.3837e-05    -1.74618e-05
      -6.597e-06    -9.22207e-06
     -7.8301e-05     -7.7006e-05
      -2.727e-06    -3.76068e-06
    -0.000503363    -0.000455705
     -0.00029799     -0.00027126
    -0.000149102    -0.000175203
    -0.000109734    -0.000118605
    -0.000168025    -0.000155485
      -1.335e-06     -1.9851e-06
     -0.00105143     -0.00105075
    -0.000297098    -0.000334982
      -6.098e-06    -6.96501e-06
    -0.000138713    -0.000134954
     -3.5524e-05    -4.78923e-05
    -0.000271628    -0.000257438
      -8.905e-06    -1.21519e-05
     -1.8632e-05    -2.75465e-05
      -8.171e-06    -1.13651e-05
      -7.728e-06    -9.85627e-06
      -0.0004328    -0.000434297
     -1.5855e-05    -1.90202e-05
    -0.000500143     -0.00050136
    -0.000387895    -0.000349688
    -0.000114646    -0.000118537
     -0.00084893     -0.00081527
    -0.000419931    -0.000371543
     -1.0735e-05    -1.20422e-05
     -2.5033e-05    -2.48439e-05
     -2.0377e-05    -2.89216e-05
      -3.399e-06    -4.91018e-06
    -0.000139143    -0.000148108
    -0.000120492     -0.00011972
     -3.2775e-05    -4.05898e-05
    -0.000495416    -0.000433421
    -0.000433203    -0.000421738
      -0.0006942     -0.00069954
      -8.217e-06    -1.23359e-05
    -0.000278781    -0.000237352
    -0.000383123    -0.000380497
     -8.3967e-05    -7.97069e-05
     -4.4986e-05    -4.22442e-05
     -5.8113e-05    -6.45538e-05
    -0.000316632    -0.000293189
    -0.000408577    -0.000419277
     -6.8043e-05    -7.45595e-05
      -8.084e-05    -0.000100296
      -8.993e-06    -1.14185e-05
     -1.6068e-05    -2.61013e-05
      -2.357e-06    -2.63096e-06
      -4.761e-06    -6.22697e-06
    -0.000758784    -0.000690127
      -9.261e-06    -1.18038e-05
      -6.642e-06    -9.33315e-06
     -1.8637e-05    -2.13897e-05
     -0.00124016     -0.00120516
    -0.000148772    -0.000150312
      -1.812e-05    -2.29243e-05
    -0.000560013     -0.00053384
       -1.94e-06    -3.01884e-06
    -0.000153067    -0.000163718
    -0.000445975    -0.000401755
      -5.205e-06    -7.44199e-06
     -6.3321e-05    -7.72849e-05
     -2.0476e-05    -2.68385e-05
    -0.000111521    -0.000113968
     -8.4363e-05    -9.02476e-05
     -2.4668e-05    -2.90379e-05
     -2.1515e-05    -2.28168e-05
    -0.000150971    -0.000128293
     -1.1495e-05    -1.32812e-05
    -0.000544501    -0.000489405
     -2.1725e-05    -2.63699e-05
      -6.608e-06    -9.08001e-06
     -6.4489e-05    -6.76263e-05
     -5.0424e-05    -5.83367e-05
      -2.375e-06     -2.9178e-06
     -9.2649e-05    -9.62173e-05
    -0.000178956    -0.000188837
       -9.59e-07    -1.27775e-06
    -0.000130837    -0.000134028
       -8.78e-07    -1.31505e-06
     -5.4314e-05    -5.91407e-05
     -2.6618e-05    -3.31643e-05
     -2.6751e-05    -3.43771e-05
       -8.23e-05    -9.73175e-05
    -0.000522183    -0.000448269
    -0.000428295    -0.000420021
    -0.000901323    -0.000867623
     -2.5576e-05    -2.95258e-05
     -2.4576e-05    -3.18856e-05
    -0.000502755    -0.000446265
      -1.997e-06    -2.82272e-06
      -8.305e-06    -1.09258e-05
      -2.353e-06    -3.48203e-06
     -2.3555e-05    -2.83872e-05
      -2.907e-05      -2.911e-05
       -9.17e-06    -1.23435e-05
     -2.8394e-05    -3.49134e-05
     -1.9156e-05    -2.22119e-05
     -5.3293e-05     -6.1058e-05
     -1.0394e-05    -1.02222e-05
      -5.087e-06     -7.7823e-06
    -0.000452756    -0.000403915
      -1.995e-06    -3.19538e-06
      -9.757e-06    -1.32056e-05
      -2.474e-06     -3.5179e-06
     -3.6862e-05    -4.53016e-05
    -0.000913738    -0.000842017
    -0.000105521    -9.82499e-05
    -0.000268484    -0.000245783
     -9.9306e-05    -0.000106288
     -3.1027e-05    -3.70053e-05
     -4.6949e-05    -5.33626e-05
     -2.3996e-05    -2.48042e-05
    -0.000285299    -0.000264559
    -0.000134549    -0.000127098
       -2.03e-06     -2.6805e-06
     -7.1171e-05    -7.57966e-05
    -0.000104038    -0.000112533
     -2.5203e-05     -2.3298e-05
      -9.336e-06    -1.24606e-05
     -7.4743e-05    -8.81416e-05
     -8.4038e-05    -0.000111564
       -1.24e-06     -2.1801e-06
      -2.682e-06      -5.334e-06
     -1.3801e-05    -1.75584e-05
     -5.4857e-05    -6.34188e-05
      -5.356e-05    -6.46842e-05
    -0.000124876     -0.00013606
      -7.273e-06    -9.60433e-06
     -1.1747e-05    -1.51541e-05
      -4.568e-06    -6.38346e-06
     -2.5091e-05    -3.16491e-05
      -2.255e-06    -4.19722e-06
      -4.118e-06    -5.77253e-06
     -4.9183e-05    -5.99885e-05
      -1.548e-06    -2.49006e-06
    -0.000188676    -0.000175445
    -0.000154925    -0.000192574
    -0.000820277    -0.000739495
    -0.000174827    -0.000210226
      -4.366e-06    -6.23094e-06
    -0.000133725    -0.000112839
      -2.958e-06    -4.03119e-06
     -3.0341e-05    -3.44222e-05
    -0.000114429    -0.000113934
    -0.000288464    -0.000285782
     -3.3903e-05    -3.18389e-05
    -0.000190999    -0.000182802
    -0.000176809    -0.000176653
     -7.2212e-05    -8.82947e-05
     -2.7853e-05    -3.08058e-05
       -2.83e-06     -3.9692e-06
      -1.706e-06    -2.19222e-06
      -5.789e-06    -8.10537e-06
     -2.3972e-05    -3.10552e-05
    -0.000758643    -0.000712355
      -3.171e-06    -4.55778e-06
    -0.000188162    -0.000186585
     -1.2005e-05     -1.6842e-05
       -8.94e-07    -1.33425e-06
     -1.1081e-05    -1.35974e-05
    -0.000439661    -0.000407824
     -1.8929e-05    -2.39197e-05
    -0.000112201    -0.000101971
     -1.1204e-05    -1.44029e-05
      -4.128e-06    -6.53168e-06
      -4.989e-06    -7.11321e-06
       -7.98e-07    -1.37837e-06
    -0.000611099     -0.00060593
    -0.000236372    -0.000215861
     -9.2628e-05    -9.10134e-05
    -0.000306667    -0.000285209
    -0.000583859    -0.000552658
    -0.000373313    -0.000330657
     -0.00045383    -0.000415677
      -1.553e-05    -1.99535e-05
      -1.635e-06    -2.40097e-06
      -5.037e-06    -7.57726e-06
    -0.000162818    -0.000157911
     -2.5593e-05    -2.41157e-05
     -4.6059e-05    -5.13037e-05
      -3.289e-06     -4.3268e-06
     -6.1502e-05     -6.2523e-05
    -0.000162834     -0.00017754
    -0.000668746    -0.000580296
     -5.2275e-05     -6.1319e-05
     -8.8648e-05    -9.54734e-05
      -4.156e-06    -5.95082e-06
      -7.627e-06     -1.0622e-05
     -8.0677e-05     -7.6504e-05
    -0.000764373    -0.000711964
     -1.2372e-05    -1.31899e-05
      -7.299e-06    -9.06267e-06
     -2.6264e-05    -2.60935e-05
      -9.796e-06    -1.33041e-05
     -4.4541e-05    -5.73955e-05
    -0.000875352    -0.000801949
    -0.000863542    -0.000830652
    -0.000297915    -0.000277623
     -3.5499e-05    -4.10867e-05
      -4.204e-06    -5.39022e-06
       -8.68e-06      -1.042e-05
    -0.000104399    -9.74211e-05
      -7.901e-06    -9.84279e-06
     -3.0315e-05    -3.27845e-05
     -0.00121273     -0.00130606
    -0.000105047    -9.01941e-05
    -0.000339776    -0.000347451
     -3.8139e-05    -4.22355e-05
     -0.00010539    -0.000106182
    -0.000948768    -0.000903137
      -2.288e-06     -3.5068e-06
    -0.000102714    -0.000116227
      -3.184e-06    -5.34302e-06
    -0.000128515    -0.000147536
      -3.052e-06    -4.62076e-06
        -3.8e-06    -5.82827e-06
      -5.088e-06    -9.38419e-06
      -9.227e-06    -1.42207e-05
    -0.000837608    -0.000786159
    -0.000947664    -0.000930377
    -0.000281957    -0.000274925
     -1.6014e-05    -2.08027e-05
    -0.000290667    -0.000274703
     -0.00013252    -0.000140017
    -0.000884864    -0.000836231
    -0.000230257    -0.000220429
    -0.000531493    -0.000443657
      -6.265e-06    -9.64286e-06
    -0.000213715    -0.000214111
     -4.7905e-05    -4.95013e-05
     -1.2867e-05    -1.53655e-05
     -4.0515e-05    -4.57856e-05
     -2.6847e-05    -3.28032e-05
     -3.0173e-05    -3.33127e-05
     -2.9281e-05    -3.23141e-05
      -3.078e-06    -4.44899e-06
      -7.202e-05    -8.38404e-05
     -5.8596e-05    -5.60088e-05
    -0.000122075    -0.000127629
     -7.2613e-05    -6.43465e-05
    -0.000495165    -0.000404779
     -0.00023564    -0.000238307
     -1.5145e-05    -1.58469e-05
    -0.000178052    -0.000166327
       -1.76e-06     -2.6022e-06
    -0.000599414    -0.000612705
     -3.2319e-05    -3.55207e-05
    -0.000133459    -0.000115644
      -6.042e-06    -7.99303e-06
      -1.386e-06    -2.01629e-06
     -1.1644e-05    -1.74492e-05
     -1.3901e-05    -1.71265e-05
    -0.000133673     -0.00013272
      -6.661e-06    -8.07956e-06
    -0.000643964    -0.000589232
    -0.000444403    -0.000467204
      -9.471e-06    -1.21985e-05
    -0.000111734    -0.000107733
    -0.000801458    -0.000786907
      -2.229e-06    -3.67929e-06
      -5.182e-06    -6.37822e-06
    -0.000732936    -0.000653459
    -0.000307154    -0.000335835
    -0.000168217    -0.000148641
    -0.000553115    -0.000552639
    -0.000375396    -0.000373804
     -3.7006e-05    -4.20595e-05
    -0.000779871     -0.00080252
       -2.46e-06    -3.45948e-06
    -0.000867114    -0.000917263
      -4.094e-06    -5.62723e-06
     -3.8182e-05    -4.11513e-05
      -4.287e-06    -6.29581e-06
      -1.195e-06    -1.42399e-06
    -0.000816885    -0.000765848
      -4.489e-06    -5.94531e-06
     -1.9585e-05    -2.09291e-05
    -0.000104153    -0.000112991
     -1.6975e-05     -2.2451e-05
     -1.4566e-05    -1.87499e-05
    -0.000840299    -0.000777792
     -6.0068e-05    -6.59066e-05
       -4.72e-06    -5.27742e-06
     -6.0104e-05    -6.52637e-05
     -2.2163e-05    -2.48443e-05
      -5.415e-06    -7.77023e-06
     -0.00101659     -0.00102782
     -6.2229e-05    -7.04083e-05
      -2.447e-06    -3.54256e-06
     -3.9438e-05    -5.17666e-05
      -6.524e-06    -9.07913e-06
      -2.526e-06    -4.04118e-06
      -3.349e-06      -3.888e-06
     -1.0011e-05    -1.50329e-05
      -0.0013959     -0.00159907
     -2.8276e-05    -3.93279e-05
     -1.0159e-05    -1.19568e-05
      -2.623e-06    -4.42568e-06
     -0.00110315     -0.00119842
     -1.0033e-05    -1.28656e-05
     -6.4731e-05    -7.36355e-05
    -0.000283828    -0.000288264
      -8.713e-06    -1.18123e-05
     -8.8511e-05    -9.62805e-05
       -8.25e-06    -1.01659e-05
      -4.397e-06    -6.31594e-06
      -5.766e-06    -7.84439e-06
    -0.000110337    -0.000124476
    -0.000129352    -0.000119941
     -1.5492e-05    -2.19926e-05
     -9.8031e-05    -9.17787e-05
    -0.000575172    -0.000457843
     -0.00049978    -0.000462102
      -1.898e-05    -2.28442e-05
     -0.00155118     -0.00172359
      -1.137e-05    -1.39526e-05
    -0.000357565    -0.000355699
      -1.878e-06    -2.77435e-06
     -3.3373e-05    -4.71887e-05
      -9.327e-06    -1.23008e-05
    -0.000751372      -0.0007356
    -0.000138747    -0.000157414
    -0.000411033    -0.000381106
    -0.000468593    -0.000424745
     -0.00022234    -0.000224479
      -3.063e-06    -4.13106e-06
     -9.6585e-05    -0.000105422
    -0.000152782    -0.000141999
      -3.075e-06    -3.80871e-06
     -1.0309e-05    -1.39253e-05
     -6.7516e-05    -7.85808e-05
    -0.000263057    -0.000232391
       -2.43e-06    -2.95889e-06
      -5.427e-05    -5.63353e-05
     -1.0501e-05    -1.31617e-05
      -3.845e-06    -6.29899e-06
      -2.446e-06    -2.92078e-06
      -7.187e-06    -8.80207e-06
      -3.007e-06    -3.87066e-06
     -0.00037135    -0.000358726
     -1.5894e-05    -2.48529e-05
     -6.1213e-05    -6.90524e-05
     -9.2753e-05    -9.26402e-05
    -0.000609669    -0.000598307
    -0.000209841     -0.00022128
     -0.00066004    -0.000566044
     -0.00155727     -0.00182347
      -4.588e-05     -5.3155e-05
     -3.0924e-05    -3.40184e-05
      -7.919e-06    -1.33352e-05
      -2.853e-06    -4.03221e-06
       -4.15e-05    -4.82202e-05
    -0.000711835    -0.000681592
     -3.9419e-05    -4.36326e-05
     -9.3627e-05    -0.000100768
     -0.00083769    -0.000847328
       -1.42e-06     -2.3406e-06
      -4.195e-06    -5.22133e-06
      -5.973e-06    -7.27968e-06
      -4.418e-06    -6.74542e-06
     -3.8485e-05    -3.84866e-05
       -3.54e-06    -4.40837e-06
     -0.00109335     -0.00111237
      -7.877e-05    -8.57437e-05
    -0.000617642    -0.000566473
    -0.000127875    -0.000141576
      -7.323e-06    -1.05224e-05
      -3.513e-06    -5.12109e-06
     -1.0771e-05    -1.28566e-05
     -1.0232e-05    -1.36258e-05
     -1.3033e-05     -1.3102e-05
    -0.000480798    -0.000399294
     -1.0622e-05    -1.72019e-05
      -3.919e-06    -5.46253e-06
    -0.000519224    -0.000503465
     -1.1448e-05    -1.14002e-05
    -0.000122709    -0.000124062
     -5.5693e-05    -5.41766e-05
    -0.000246261    -0.000229907
     -1.5162e-05    -1.89225e-05
    -0.000577396    -0.000509346
     -0.00143493     -0.00151197
      -2.399e-06    -3.99114e-06
    -0.000110225    -0.000119565
      -8.559e-06    -1.21941e-05
      -3.786e-06    -6.03821e-06
    -0.000159461    -0.000175693
      -3.295e-06    -5.45636e-06
    -0.000386607     -0.00037045
     -1.3013e-05    -1.37867e-05
       -7.18e-06    -8.51215e-06
    -0.000882613    -0.000789567
     -3.1936e-05    -3.53338e-05
    -0.000423122    -0.000374797
     -1.8324e-05    -2.26952e-05
      -5.171e-06    -6.50657e-06
      -4.198e-06    -6.36578e-06
      -7.899e-06    -9.56004e-06
     -2.6194e-05    -2.98244e-05
     -2.0745e-05    -2.63832e-05
    -0.000173584    -0.000159178
    -0.000138566    -0.000153119
    -0.000160613    -0.000164341
    -0.000442343    -0.000476308
     -1.0512e-05    -1.44802e-05
    -0.000110458    -0.000101716
     -4.2032e-05    -4.98719e-05
      -3.598e-06    -5.27877e-06
    -0.000230646    -0.000257175
     -1.6939e-05    -2.08177e-05
     -0.00016879    -0.000165286
       -2.34e-06    -3.07608e-06
       -8.67e-07    -1.40804e-06
      -7.028e-06    -9.78836e-06
     -4.5729e-05    -4.52544e-05
      -9.969e-06    -1.23476e-05
     -5.6765e-05    -5.93771e-05
    -0.000226915    -0.000197932
     -7.3626e-05    -7.84868e-05
     -2.7165e-05    -3.28302e-05
    -0.000978111    -0.000968785
      -2.515e-06     -3.5622e-06
      -5.991e-06    -8.76067e-06
      -2.699e-06    -3.47241e-06
      -1.338e-06    -2.09714e-06
     -6.8873e-05    -7.40376e-05
    -0.000362585    -0.000351187
     -0.00133102     -0.00137849
     -0.00024306    -0.000252488
     -5.8526e-05    -6.54029e-05
    -0.000191347    -0.000200678
    -0.000404737     -0.00041409
     -2.2056e-05    -2.43945e-05
    -0.000398498    -0.000353196
    -0.000185714    -0.000219092
      -3.757e-06      -5.407e-06
      -1.023e-06    -1.40237e-06
        -5.8e-06    -7.74893e-06
     -8.3136e-05    -9.06146e-05
     -2.9224e-05    -3.76151e-05
      -3.422e-06    -4.40947e-06
    -0.000103297    -0.000104033
     -1.5247e-05    -1.85857e-05
    -0.000526385    -0.000471188
    -0.000163679    -0.000172467
      -5.499e-06    -5.66855e-06
    -0.000248514    -0.000215237
     -1.9065e-05    -2.26734e-05
       -7.33e-05     -7.6871e-05
     -9.5526e-05    -9.87744e-05
      -0.0013165     -0.00139307
     -3.1184e-05    -4.16932e-05
      -7.263e-06     -9.0603e-06
     -0.00016903    -0.000165153
     -3.4997e-05    -3.51502e-05
      -2.818e-06    -3.90569e-06
    -0.000676679      -0.0006501
      -9.618e-06    -1.01027e-05
     -0.00100127    -0.000941494
     -6.9538e-05    -7.13197e-05
    -0.000784992    -0.000765568
     -1.3906e-05    -1.94888e-05
    -0.000737572    -0.000678266
     -6.7194e-05    -6.53852e-05
    -0.000376853    -0.000355979
      -1.432e-06    -2.06266e-06
     -2.8689e-05    -3.15455e-05
      -6.962e-06    -9.27747e-06
    -0.000855539    -0.000834276
      -8.298e-06    -1.15243e-05
    -0.000840105    -0.000756411
      -2.921e-06    -3.69921e-06
    -0.000154546     -0.00019458
      -2.048e-06    -3.31985e-06
     -9.4636e-05    -9.82112e-05
      -5.594e-06    -7.55904e-06
     -4.7507e-05    -5.61929e-05
     -2.9652e-05    -3.63554e-05
     -5.5037e-05    -5.89747e-05
     -0.00103582     -0.00103381
     -3.9548e-05    -3.79031e-05
     -6.8778e-05    -7.34287e-05
    -0.000460738    -0.000351396
     -7.3434e-05    -7.48444e-05
    -0.000639743    -0.000655945
     -5.6339e-05     -6.3422e-05
     -2.7462e-05      -3.855e-05
    -0.000161078      -0.0001745
    -0.000217578    -0.000206706
    -0.000878788    -0.000938088
      -2.466e-06    -3.24728e-06
     -0.00022038    -0.000234969
     -2.4437e-05    -2.90431e-05
     -6.2902e-05    -6.60409e-05
     -4.4848e-05    -6.09961e-05
      -7.133e-06    -9.83875e-06
     -2.9066e-05    -2.94629e-05
      -2.925e-06    -3.88783e-06
     -0.00114392     -0.00118004
    -0.000369149    -0.000335065
      -5.967e-06    -9.47163e-06
    -0.000742676    -0.000741305
    -0.000301197    -0.000271658
     -0.00023744    -0.000251397
    -0.000125214     -0.00013037
     -2.8474e-05    -3.40555e-05
      -2.835e-06     -3.8102e-06
     -9.2283e-05    -9.36659e-05
    -0.000119763    -0.000109707
     -4.8058e-05    -4.69547e-05
     -7.2871e-05    -7.69627e-05
    -0.000946815    -0.000893807
    -0.000162398    -0.000154437
    -0.000251383    -0.000259672
    -0.000184523     -0.00019243
      -2.191e-05     -2.7552e-05
     -0.00011103    -0.000121458
     -0.00109418     -0.00150375
     -4.6774e-05    -4.48972e-05
      -7.152e-06    -1.06786e-05
     -1.6956e-05    -2.01382e-05
     -2.3661e-05    -3.21071e-05
    -0.000122698    -0.000124681
     -1.0395e-05    -1.39494e-05
    -0.000557029    -0.000605372
      -3.189e-05    -3.61539e-05
    -0.000280087    -0.000259308
      -1.068e-05    -1.44566e-05
    -0.000178873    -0.000186988
      -1.905e-06    -2.65693e-06
    -0.000393822    -0.000342348
     -6.9162e-05    -6.73758e-05
      -8.147e-06    -1.13102e-05
      -5.381e-06    -5.96801e-06
    -0.000980205    -0.000955468
      -6.287e-06    -7.41234e-06
     -4.0312e-05    -4.77348e-05
    -0.000215385    -0.000189095
      -2.893e-06     -3.9075e-06
      -7.702e-06      -1.065e-05
      -2.109e-06    -2.98218e-06
    -0.000155458    -0.000171967
     -6.9987e-05    -7.90736e-05
       -4.56e-06     -6.6257e-06
      -9.188e-06    -9.28315e-06
       -5.98e-06    -8.44424e-06
     -1.0357e-05    -1.45418e-05
    -0.000564549     -0.00058763
    -0.000288213     -0.00031497
    -0.000237365    -0.000224762
    -0.000692456    -0.000621577
     -1.2621e-05     -1.5287e-05
      -4.779e-06    -6.82302e-06
    -0.000191585    -0.000171363
      -2.147e-06    -3.13395e-06
     -0.00136723     -0.00155973
    -0.000573839    -0.000504192
     -4.7705e-05     -5.8566e-05
    -0.000115777    -0.000115639
    -0.000166159    -0.000167241
       -7.18e-07    -1.16712e-06
    -0.000190456    -0.000168346
     -2.4379e-05    -3.18209e-05
     -4.9728e-05    -5.51295e-05
     -1.4649e-05    -1.84048e-05
      -3.868e-06    -4.48034e-06
     -0.00044641    -0.000423887
      -5.194e-05    -5.97454e-05
     -4.9294e-05    -5.45002e-05
     -4.9472e-05    -5.61114e-05
      -9.233e-06    -1.26065e-05
     -2.7805e-05    -2.89445e-05
      -4.657e-06    -4.97787e-06
     -2.5959e-05    -2.97373e-05
    -0.000860852    -0.000787407
    -0.000154834     -0.00016011
      -5.548e-06    -7.33155e-06
    -0.000468442    -0.000427602
    -0.000282817    -0.000281242
     -3.5554e-05    -3.97789e-05
    -0.000624601    -0.000621261
      -8.135e-06    -1.14789e-05
     -2.0409e-05    -2.39611e-05
     -8.4559e-05    -8.24651e-05
     -7.1356e-05    -7.39588e-05
    -0.000424008    -0.000396493
    -0.000436565    -0.000406412
    -0.000127019    -0.000122867
    -0.000471923      -0.0004148
     -7.6169e-05    -9.23746e-05
    -0.000166928    -0.000148654
    -0.000113399      -0.0001126
      -8.525e-06    -1.06189e-05
     -1.0118e-05    -1.11766e-05
    -0.000526387    -0.000490129
    -0.000354352     -0.00037464
     -6.6008e-05    -5.70167e-05
      -3.348e-06    -5.01996e-06
    -0.000152222    -0.000155173
      -6.469e-06    -1.00826e-05
     -4.8158e-05    -5.72095e-05
    -0.000115357    -0.000123854
     -0.00030971    -0.000281851
    -0.000200535    -0.000178014
      -7.428e-06    -9.35063e-06
     -3.5128e-05    -4.13454e-05
    -0.000730013    -0.000756011
      -3.066e-06    -3.98902e-06
    -0.000380624    -0.000344669
    -0.000365618    -0.000355379
     -2.4478e-05    -3.08929e-05
       -4.28e-06    -6.66224e-06
    -0.000174423    -0.000192281
      -0.0001293    -0.000136283
      -9.399e-06    -1.26085e-05
     -1.0569e-05    -1.37097e-05
    -0.000600344    -0.000564403
    -0.000146414    -0.000141159
     -3.8692e-05     -4.3858e-05
     -2.6428e-05    -3.41817e-05
    -0.000446714    -0.000485409
     -1.1644e-05    -1.28202e-05
     -1.2498e-05    -1.60831e-05
     -5.0014e-05     -5.3756e-05
     -3.6728e-05    -5.12439e-05
      -3.325e-06    -4.92272e-06
    -0.000817855     -0.00081241
     -0.00023132    -0.000273442
     -7.4185e-05    -8.64124e-05
     -4.2102e-05    -5.58078e-05
     -0.00121508     -0.00128058
    -0.000262423    -0.000259023
     -2.8199e-05    -3.25867e-05
    -0.000548855    -0.000519203
    -0.000674945    -0.000643776
    -0.000137754    -0.000139839
      -4.845e-06    -7.45338e-06
    -0.000416939    -0.000402008
    -0.000273383    -0.000287724
     -4.9647e-05     -5.4145e-05
    -0.000140555    -0.000135378
     -5.7768e-05    -6.86309e-05
     -2.8435e-05    -3.55614e-05
    -0.000157149    -0.000163426
     -7.3834e-05    -7.98632e-05
     -7.5501e-05    -9.02348e-05
      -3.426e-06    -4.21089e-06
     -2.5656e-05    -2.36018e-05
     -4.4436e-05    -4.43855e-05
     -0.00052445    -0.000469657
     -1.2168e-05    -1.56876e-05
    -0.000550865    -0.000498548
     -0.00094387    -0.000930708
