QM Energy	FF Energy
      0.00533056      0.00666565
    -0.000349097    -0.000474718
    -0.000433391    -0.000457688
    -0.000733718    -0.000809375
    -0.000670892    -0.000694315
    -0.000459031    -0.000471515
    -0.000830281    -0.000825642
    -0.000565696    -0.000571615
      0.00390724      0.00344451
    -0.000547768    -0.000636138
     -0.00104539     -0.00112306
    -0.000344385    -0.000349377
    -0.000660977    -0.000721969
      0.00207727       0.0018092
    -0.000582656      -0.0006235
     -0.00052187    -0.000234227
    -0.000441611    -0.000354648
     -0.00054402    -0.000535274
      0.00679605      0.00714623
     -0.00059995    -0.000847383
    -0.000518813     -0.00050274
      0.00363371      0.00403373
    -0.000622651     -0.00066731
    -0.000524482    -0.000472569
    -0.000291426    -0.000231861
    -0.000477317    -0.000382682
      0.00023623    -0.000169721
    -0.000900129    -0.000945232
    -0.000422814    -0.000477603
    -0.000620287    -0.000576867
    -0.000334455    -0.000300781
    -0.000607134    -0.000666445
    -0.000459557    -0.000477179
    -0.000561374    -0.000629567
      0.00374689      0.00314682
    -0.000579675    -0.000623146
    -0.000656474    -0.000569758
      0.00164846      0.00133873
    -0.000594472    -0.000688671
    -0.000651481    -0.000620521
    -0.000568571    -0.000569244
    -0.000560903     -0.00055243
     -0.00107019     -0.00120848
    -0.000427173     -0.00041623
    -0.000373707    -0.000343382
      0.00604439      0.00692011
     0.000560877     0.000426889
     -0.00080488    -0.000981039
    -0.000660593    -0.000701224
       0.0022618      0.00299052
    -0.000698237    -0.000782166
      0.00724722        0.008573
      0.00550571      0.00509284
      0.00163685      0.00138908
    -0.000590633    -0.000663442
    -0.000323457    -0.000270314
    -0.000456602    -0.000495902
      -0.0003828    -0.000427251
    -0.000301118    -0.000290798
     -0.00046997     -0.00039295
     0.000786111     0.000757231
      0.00149858      0.00123323
    -0.000943986    -0.000884692
     -0.00015577     -6.6464e-05
    -0.000994102    -0.000952256
    -0.000326901    -0.000314333
     -0.00063226    -0.000641579
    -0.000714531    -0.000718254
    -0.000945371    -0.000990581
     -5.0532e-05     -0.00034854
    -0.000377663    -0.000297717
    -0.000587231    -0.000652329
     -0.00058075    -0.000571924
     -0.00047605    -0.000436539
     -0.00077845    -0.000828626
    -0.000889459    -0.000863772
     -0.00106181     -0.00114628
     -0.00049603     -0.00052396
    -0.000620965     -0.00063171
    -0.000440941    -0.000348512
      0.00238062      0.00280102
    -0.000587152    -0.000548986
     -0.00118402     -0.00108163
    -0.000507134    -0.000473666
    -0.000473203    -0.000500535
    -0.000581618    -0.000591375
    -0.000779113    -0.000655197
      0.00737117      0.00777074
    -0.000626271    -0.000326902
    -0.000813098    -0.000733056
    -0.000350329    -0.000336053
      0.00326802      0.00383519
    -0.000677754    -0.000521796
    -0.000394045    -0.000369411
    -0.000493424    -0.000497677
      0.00169215      0.00198907
      0.00273288      0.00328026
    -0.000688046    -0.000678613
     -0.00031114    -0.000335433
       0.0016747      0.00174081
    -0.000512838    -0.000542511
      0.00350727      0.00370938
     0.000832858      0.00116617
    -0.000703587    -0.000700428
      0.00615818      0.00612195
    -0.000543811    -0.000567265
    -0.000909656     -0.00106618
    -0.000494859    -0.000209654
    -0.000737687    -0.000676684
    -0.000602416    -0.000595201
    -0.000548676    -0.000844529
     -0.00056646    -0.000567869
    -0.000570197    -0.000664794
    -0.000662238    -0.000715614
     0.000981829     0.000641949
      0.00657797      0.00620557
    -0.000625775    -0.000666298
    -0.000714332    -0.000798464
    -0.000867079    -0.000789932
    -0.000611154    -0.000419067
      0.00758509      0.00816361
    -0.000598666    -0.000616295
    -0.000406169    -0.000327536
     -0.00073993    -0.000792938
    -0.000547963    -0.000583327
    -0.000914702     -0.00104514
    -0.000804438    -0.000721753
      0.00385962      0.00540727
    -0.000935883     -0.00103302
      0.00174278     0.000803887
     -0.00103763     -0.00107193
     -0.00034977    -0.000352922
    -0.000515399    -0.000397636
    -0.000554713    -0.000592905
    -0.000677144    -0.000605972
    -0.000698588    -0.000787186
    -0.000619982    -0.000684879
    -0.000966741     -0.00096955
    -0.000914365     -0.00080115
      0.00125197      0.00158945
     -0.00068245    -0.000690958
    -0.000353628    -0.000352243
    -0.000369412    -0.000406204
      0.00171676      0.00165992
     -8.5704e-05     7.11319e-05
    -0.000294359    -0.000320032
      0.00134544      0.00111528
    -0.000397512    -0.000409508
    -0.000516998    -0.000423513
    -0.000608983    -0.000775259
    -0.000651537    -0.000704114
      0.00816524      0.00885737
    -0.000684814    -0.000685923
      0.00479239      0.00567642
     0.000954367     0.000380286
      0.00673324      0.00555696
      0.00619331      0.00540078
      0.00226713      0.00240938
      0.00554227      0.00530225
    -0.000786927    -0.000894274
    -0.000347995    -0.000390655
    -0.000351352    -0.000347256
      0.00380795      0.00328794
    -0.000475244    -0.000495864
    -0.000712344     -0.00070036
    -0.000619394    -0.000681079
      0.00499617      0.00419693
    -0.000460053    -0.000436116
    -0.000347436    -0.000342178
     -0.00093111    -0.000887356
    -0.000525525    -0.000478552
    -0.000633864    -0.000616151
    -0.000685049    -0.000412289
    -0.000303117    -0.000579096
     -0.00076011    -0.000665891
    -0.000747874    -0.000732573
     0.000291064      0.00046419
    -0.000403355    -0.000654951
      0.00069591     0.000709837
     -0.00068382     -0.00066452
    -0.000326423    -0.000320073
    -0.000661016    -0.000777425
    -0.000693197    -0.000606738
    -0.000693356    -0.000448073
    -0.000794483    -0.000802216
      0.00643331       0.0061006
     -0.00047648    -0.000465879
    -0.000889131      -0.0008622
    -0.000660912    -0.000522483
    -0.000362365    -0.000358205
    -0.000930447    -0.000951019
     0.000633311     0.000596945
    -0.000744099    -0.000790043
    -0.000709521    -0.000367339
      0.00159078      0.00235577
      5.3227e-05     0.000418986
     -0.00049012    -0.000531054
    -0.000773801    -0.000863643
     -0.00070814     -0.00068772
    -0.000596514    -0.000642584
     0.000655748     0.000552083
    -0.000395594    -0.000426116
    -0.000463374     -0.00047842
      0.00238343      0.00255786
    -0.000391074     -0.00031622
      0.00279242      0.00237722
    -0.000325938    -0.000353337
    -0.000352485    -0.000312892
    -0.000374375    -0.000304692
    -0.000943747     -0.00115698
      0.00854886       0.0077217
    -0.000471785    -0.000463526
      0.00223944      0.00181963
     -0.00111463     -0.00126995
      0.00316408      0.00372023
    -0.000471373    -0.000514707
    -0.000514109     -0.00051287
    -0.000518796    -0.000551211
       0.0011664      0.00107417
    -0.000884255     -0.00109137
     0.000233386     0.000431172
    -0.000677397     -0.00068128
       0.0034899      0.00353667
    -0.000582545    -0.000722497
      9.5301e-05     0.000434915
      0.00045803     0.000183768
    -0.000337689      -0.0003014
       0.0004497     0.000403671
    -0.000772136    -0.000519954
    -0.000943332     -0.00101202
    -0.000923125    -0.000970252
     0.000545683     0.000478083
    -0.000341802    -0.000317831
    -0.000563175    -0.000598278
      0.00351729       0.0033626
      0.00318055      0.00367937
    -0.000806155    -0.000650551
     0.000617779     0.000386544
    -0.000282781    -0.000222895
      0.00230752      0.00264439
    -0.000628192    -0.000566453
      0.00313864      0.00290844
    -0.000649603    -0.000654056
    -0.000554783     -0.00059981
    -0.000615473    -0.000678647
    -0.000488091    -0.000544341
    -0.000402798    -0.000386867
      0.00324469      0.00326526
    -0.000507419    -0.000473275
    -0.000268965    -0.000291507
    -0.000638132    -0.000576895
    -0.000416266    -0.000423991
    -0.000968135    -0.000895722
    -0.000676881    -0.000708175
    -0.000669339    -0.000636363
    -0.000687571    -0.000764538
    -0.000389682    -0.000369322
    -0.000879093    -0.000868302
    -0.000439183    -6.98264e-05
      0.00248393      0.00251062
    -0.000397902    -0.000440478
    -0.000585423    -0.000620102
    -0.000510288    -0.000533811
      0.00055004     0.000268624
    -0.000761341    -0.000711532
      0.00135634      0.00198235
    -0.000455309    -0.000398691
    -0.000445782    -0.000503676
     0.000137673    -8.89382e-06
      0.00634524      0.00624545
    -0.000841998    -0.000932553
      0.00349268      0.00338821
      0.00995188      0.00884315
    -0.000348759    -0.000343431
       0.0046535      0.00594272
     0.000846397      0.00115022
    -0.000395144    -0.000393224
     -0.00038552    -0.000402718
    -0.000733084     -0.00069983
    -0.000635576    -0.000650707
    -0.000705885    -0.000839954
    -0.000653485    -0.000654455
    -0.000359657    -0.000377795
     -0.00046747    -0.000490333
    -0.000156761    -0.000400073
    -0.000767775    -0.000757832
    -0.000652256    -0.000676465
    -0.000814063    -0.000684062
    -0.000798529    -0.000859774
    -0.000329174    -0.000173208
    -0.000238997    -0.000520591
     -0.00110739     -0.00122177
    -0.000668716    -0.000641842
       0.0072373      0.00735306
     -0.00073078    -0.000695433
    -0.000410041    -0.000433645
    -0.000931877    -0.000956193
    -0.000504941    -0.000535794
       0.0140492       0.0144353
    -0.000835774    -0.000891731
      0.00353763      0.00323667
    -0.000679752    -0.000563856
    -0.000443547    -0.000421943
    -0.000649127     -0.00056511
    -0.000915825     -0.00108476
    -0.000419604     -0.00040574
     -0.00041123    -0.000377087
    -0.000454503    -0.000359222
     -0.00077161    -0.000952103
    -0.000315635    -0.000379272
     -0.00067821     -0.00053773
    -0.000435919    -0.000362458
    -0.000472917    -0.000538249
      0.00407077      0.00455699
    -0.000548854    -0.000582648
    -0.000938937    -0.000924457
    -0.000401993    -0.000383095
    -0.000521295    -0.000454752
    -0.000302331    -0.000171819
      0.00214377      0.00207265
    -0.000370147    -0.000353165
    -0.000358492    -0.000387313
      0.00416817      0.00320271
    -0.000376556    -0.000697382
    -0.000643669    -0.000680667
    -0.000394538    -0.000384472
    -0.000501271    -0.000492558
    -0.000804823    -0.000788251
    -0.000130157    -0.000247499
    -0.000506928    -0.000514483
    -0.000425836    -0.000417494
    -0.000473876    -0.000487421
    -0.000445884    -0.000685804
    -0.000276573    -0.000157167
    -0.000394586     -0.00045062
    -0.000348162    -0.000359976
    -0.000826854    -0.000810931
    -0.000515025    -0.000524319
    -0.000564921    -0.000612678
    -0.000392444    -0.000432483
       0.0017792      0.00101623
     0.000436098     0.000128814
    -0.000973988     -0.00105038
    -0.000738996    -0.000789832
    -0.000664967    -0.000532294
    -0.000404437    -0.000327924
      0.00682238      0.00709222
     0.000178786     0.000863155
    -0.000621288       -0.000575
     -0.00044159    -0.000540081
    -0.000885412    -0.000953924
    -0.000219985     -0.00028394
    -0.000676344    -0.000653748
    -0.000693534    -0.000563965
    -0.000604523    -0.000573283
    -0.000495734    -0.000551896
      0.00079316     0.000403973
    -0.000644084     -0.00053624
       0.0001438    -0.000125601
     0.000747855     0.000437582
     -0.00106797     -0.00104645
      0.00283145      0.00352459
      0.00137619      0.00120763
      -0.0006711    -0.000553974
    -0.000857689    -0.000829689
    -0.000796436    -0.000855612
    -0.000413062    -0.000448723
    -0.000794872    -0.000927412
    -0.000531703    -0.000819315
     -0.00082592    -0.000797393
      0.00157933      0.00199935
     0.000473016     0.000174126
      0.00339518       0.0032696
    -0.000638358    -0.000699718
     0.000193279     0.000166981
     0.000996925     0.000617098
    -0.000510256    -0.000589067
    -0.000693072    -0.000697811
    -0.000695438    -0.000733261
     0.000113747     0.000146302
     0.000823043     0.000486216
      -0.0006839    -0.000597276
    -0.000977386      -0.0010902
    -0.000462854    -0.000458832
    -0.000659666    -0.000577398
    -0.000448023    -0.000406735
    -0.000426095    -0.000472032
      0.00223522        0.002381
    -0.000533881    -0.000563447
    -0.000616869    -0.000576855
     -0.00059603    -0.000654454
      0.00704046      0.00761972
     -0.00052615    -0.000114124
    -0.000519084    -0.000548635
      0.00210383      0.00211515
     -0.00034122    -0.000376547
    -0.000590949    -0.000495783
     0.000853146      0.00072049
     -0.00045199    -0.000457162
     -0.00103614      -0.0011407
    -0.000870828     -0.00084869
    -0.000329376    -0.000471933
    -0.000554065    -0.000630518
    -0.000771581    -0.000798222
    -0.000637952    -0.000636952
    -0.000234041    -0.000335398
    -0.000562763    -0.000556946
      0.00214533      0.00192754
    -0.000515131      -0.0005282
    -0.000585716    -0.000540132
    -0.000583963    -0.000612125
    -0.000647066     -0.00066099
    -0.000385203    -0.000378439
     -0.00082292    -0.000928612
     -0.00064405    -0.000536136
    -0.000314716    -0.000259997
    -0.000461826    -0.000552501
    -0.000357023    -0.000289739
      -0.0010983     -0.00103968
    -0.000560616    -0.000541955
    -0.000905332     -0.00101574
     -0.00100258     -0.00101604
       0.0021157      0.00175559
      0.00106646      0.00115392
      0.00381549      0.00434947
    -0.000720585    -0.000754429
    -0.000782214    -0.000830226
      0.00180173      0.00211389
    -0.000391698    -0.000313627
    -0.000614226    -0.000653696
    -0.000516723    -0.000456573
    -0.000750767    -0.000780154
    -0.000822921    -0.000695863
    -0.000414727    -0.000400379
    -0.000594193    -0.000581479
    -0.000555936    -0.000573783
    -0.000787049    -0.000828356
    -0.000664036    -0.000628038
    -0.000574452    -0.000647666
     0.000915223     0.000566167
    -0.000297997    -0.000306515
    -0.000495165    -0.000527942
    -0.000417086    -0.000331605
    -0.000895252    -0.000987485
      0.00507303      0.00603635
    -0.000410309    -0.000526336
     0.000116162    -0.000228282
    -0.000748318    -0.000846361
    -0.000852841    -0.000910196
    -0.000715199    -0.000750119
    -0.000837503    -0.000725209
     0.000339486    -0.000177702
    -0.000958548    -0.000983646
    -0.000468902    -0.000449648
     -0.00069662    -0.000772952
    -0.000637216    -0.000644414
    -0.000779258     -0.00073477
    -0.000725099    -0.000671935
     -0.00122213     -0.00112396
    -0.000761737    -0.000505476
    -0.000259913      -0.0002647
    -0.000393825    -0.000360216
    -0.000683256    -0.000697168
    -0.000641046    -0.000640126
    -0.000789768    -0.000889562
    -0.000704852     -0.00062479
    -0.000424531    -0.000426235
    -0.000450594    -0.000443473
    -0.000421909    -0.000448802
    -0.000626616    -0.000599836
    -0.000389568    -0.000336308
    -0.000440045    -0.000458509
    -0.000867919    -0.000881733
    -0.000339089    -0.000303434
    -0.000572316    -0.000540637
    -0.000548104     -0.00038315
      0.00246058      0.00276822
     -0.00050404    -0.000389502
     -0.00046189    -0.000447682
     -0.00033545    -0.000418931
    -0.000412951    -0.000372652
    -0.000998879    -0.000932842
    -0.000325164    -0.000543194
    -0.000572775    -0.000359942
    -0.000711202    -0.000686991
    -0.000243625     -0.00032611
    -0.000638899    -0.000831485
    -0.000763387    -0.000746211
    -0.000897377    -0.000862302
    -0.000327687    -0.000326854
    -0.000264329    -0.000297869
    -0.000671517    -0.000654104
    -0.000682197    -0.000708403
      0.00353659      0.00364878
    -0.000318598    -0.000307619
    -0.000742413    -0.000681209
     -0.00061937    -0.000667276
    -0.000351528    -0.000283565
    -0.000491533    -0.000504351
     0.000419566      0.00064391
    -0.000480187    -0.000466497
    -0.000527204    -0.000486551
    -0.000570644    -0.000564974
    -0.000500771    -0.000553804
    -0.000401766    -0.000427659
    -0.000287366    -0.000240789
      0.00117097      0.00180989
    -0.000614509    -0.000816027
     -0.00094646    -0.000968366
     0.000134402      0.00015653
       0.0025253      0.00230679
     0.000945386      0.00108359
      0.00062879     0.000592161
    -0.000465954    -0.000452264
    -0.000393475     -0.00030986
    -0.000596118    -0.000603552
      -0.0001292    -0.000404606
    -0.000703587    -0.000639904
    -0.000804991     -0.00081952
    -0.000387355    -0.000386573
     -0.00102527    -0.000947135
     -0.00097584    -0.000828391
      0.00321226      0.00329089
    -0.000855272    -0.000813712
     -0.00107304     -0.00104804
    -0.000338664    -0.000323561
    -0.000695759    -0.000656155
    -0.000883846    -0.000746126
      0.00234841      0.00231865
    -0.000671469    -0.000659273
    -0.000474765    -0.000530593
    -0.000852521    -0.000809128
    -0.000463265    -0.000437561
     -0.00102509     -0.00111913
      0.00428229      0.00345526
       0.0042439      0.00424405
     0.000500173    -0.000167041
    -0.000632026     -0.00067834
    -0.000360308    -0.000373819
    -0.000433634    -0.000452821
    -0.000542051    -0.000573965
    -0.000502761    -0.000495185
    -0.000748676    -0.000565684
       0.0109205      0.00856286
    -0.000521139    -0.000551169
     0.000725294       0.0007708
    -0.000739048      -0.0008623
    -0.000737476    -0.000843885
      0.00554787      0.00634524
    -0.000469005    -0.000431951
     -0.00115607     -0.00129567
    -0.000476569    -0.000491551
    -0.000693364    -0.000689684
    -0.000482249    -0.000495575
    -0.000537064     -0.00053962
    -0.000475142    -0.000435134
    -0.000644566    -0.000690466
       0.0019205      0.00131841
       0.0050205      0.00536847
    -0.000170392    -0.000215032
       -0.000756    -0.000730034
     -8.6331e-05    -0.000299569
    -0.000332317    -0.000363673
      0.00458242      0.00463763
    -0.000204737    -0.000252007
      0.00199648      0.00164842
    -0.000582371    -0.000638269
    -0.000749992     -0.00063638
     -0.00102383    -0.000935175
    -0.000604837    -0.000654397
    -0.000723186    -0.000795772
    -0.000716312    -0.000739592
    -0.000767954    -0.000798398
    -0.000640241     -0.00069932
    -0.000319709    -0.000313399
    -0.000702913    -0.000797394
    -0.000734611    -0.000589333
    -0.000413378     -0.00054346
    -0.000683893    -0.000727773
     -9.1462e-05    -0.000428768
    -0.000523106    -0.000477861
    -0.000772859     -0.00072521
    -0.000635343    -0.000580403
    -0.000333175    -0.000346025
      0.00256018      0.00258449
    -0.000555839    -0.000593012
    -0.000528877    -0.000475066
    -0.000496208    -0.000560065
    -0.000399692    -0.000322161
    -0.000584046    -0.000551679
    -0.000579381    -0.000616134
    -0.000485033    -0.000837018
    -0.000387917     -0.00040862
      0.00285535      0.00263728
     0.000769832     0.000710659
    -0.000624803    -0.000662588
    -0.000634419    -0.000351861
      0.00336311      0.00351287
    -0.000381218    -0.000334658
    -0.000412267    -0.000458414
      0.00238467      0.00240184
     0.000326661     0.000834966
    -0.000402416    -0.000232179
      0.00133985      0.00163507
     0.000472163     0.000465065
    -0.000854163    -0.000953033
      0.00378306      0.00353738
    -0.000396723    -0.000437059
      0.00279431      0.00272402
    -0.000457277    -0.000506533
    -0.000614345    -0.000671305
    -0.000456234    -0.000446191
    -0.000359548    -0.000314615
      0.00362187      0.00387775
    -0.000458145    -0.000503362
    -0.000873899    -0.000861376
    -0.000819032    -0.000914116
     -0.00069176    -0.000679216
    -0.000816895    -0.000792253
      0.00458939      0.00341488
     -0.00074138    -0.000785508
    -0.000536228    -0.000454739
      -0.0010765      -0.0010613
    -0.000512051     -0.00054129
    -0.000474573    -0.000443684
      0.00467399      0.00578325
    -0.000736891    -0.000551411
    -0.000389065    -0.000433492
    -0.000934989       -0.000974
    -0.000579571    -0.000534021
    -0.000364407    -0.000380197
    -0.000428548    -0.000422588
    -0.000677366    -0.000683583
       0.0118459       0.0127394
    -0.000864883      -0.0009262
    -0.000616185    -0.000487592
     -0.00040801    -0.000346082
      0.00653185      0.00675757
    -0.000582605    -0.000656835
    -0.000646968    -0.000647853
    -0.000638078    -0.000380276
    -0.000413039    -0.000398754
     -0.00108933     -0.00122581
    -0.000499819     -0.00055821
    -0.000434592    -0.000417078
    -0.000504995    -0.000425995
     -0.00110617    -0.000999729
    -0.000774991    -0.000641077
    -0.000756489    -0.000754279
    -0.000575747    -0.000648317
      6.2315e-05    -0.000300629
      0.00134253      0.00138464
     -0.00057174    -0.000608623
       0.0107254       0.0128505
    -0.000601686    -0.000637446
     0.000437438     0.000677939
    -0.000313154    -0.000322163
     -0.00073574    -0.000646147
    -0.000437694    -0.000427035
      0.00256488      0.00286024
     -0.00113522     -0.00128404
     0.000572449     0.000514881
     0.000966897     0.000816841
    -0.000516215    -0.000506064
    -0.000540444    -0.000468503
    -0.000740662    -0.000831817
    -0.000728242    -0.000598765
    -0.000423653     -0.00037849
    -0.000572764    -0.000555323
    -0.000865365    -0.000857724
     0.000104156     0.000421082
    -0.000401607    -0.000350356
    -0.000772743    -0.000542248
    -0.000534687    -0.000562892
    -0.000499512    -0.000515285
    -0.000389825    -0.000384399
    -0.000439484    -0.000475286
    -0.000423136    -0.000394492
      0.00135759     0.000959744
    -0.000645726    -0.000580225
    -0.000593049    -0.000615434
    -0.000780447    -0.000859886
      0.00117335       0.0017303
    -0.000991107    -0.000730501
      0.00322895      0.00305588
       0.0126282       0.0152916
    -0.000917102    -0.000940836
    -0.000620091    -0.000671433
    -0.000511088    -0.000487699
    -0.000394502    -0.000411606
    -0.000748819    -0.000805803
      0.00228255      0.00275796
     -0.00070324    -0.000643189
     -0.00109532     -0.00123554
       0.0041203      0.00350021
    -0.000341305    -0.000285443
    -0.000570206    -0.000498097
    -0.000621498    -0.000578717
    -0.000575454    -0.000579679
    -0.000996367    -0.000996497
    -0.000536864    -0.000471638
      0.00678294      0.00744394
    -0.000656078    -0.000576324
      0.00290496        0.002797
    -0.000960393    -0.000856166
    -0.000644797    -0.000632524
    -0.000322667    -0.000336529
    -0.000474588    -0.000516862
     -0.00040906    -0.000421519
    -0.000650324     -0.00056263
      0.00160781      0.00125489
    -0.000574411    -0.000534052
    -0.000351235    -0.000348055
     0.000898119      0.00108095
    -0.000609896     -0.00056225
    -0.000842336    -0.000899485
    -0.000612827    -0.000658083
     0.000443579     3.35731e-05
    -0.000852407    -0.000827274
       0.0021788      0.00261806
      0.00917206       0.0103356
    -0.000412472    -0.000427914
    -0.000726948    -0.000869968
    -0.000642763     -0.00071463
    -0.000431891    -0.000406763
     -0.00114382      -0.0013098
    -0.000467449    -0.000501584
     0.000864224      0.00140111
    -0.000595962    -0.000597099
    -0.000499077    -0.000502931
      0.00328655      0.00331544
    -0.000730912    -0.000572972
     0.000619413     0.000575493
    -0.000489189    -0.000507881
    -0.000373614     -0.00039076
     -0.00060052    -0.000591293
    -0.000686606    -0.000616525
    -0.000682259    -0.000777414
    -0.000523466    -0.000505398
    -0.000754933    -0.000809272
     -0.00126356     -0.00108415
    -0.000871005    -0.000785508
     0.000688976     0.000794631
    -0.000665804    -0.000649963
       -0.000703    -0.000509301
     -0.00112683     -0.00108071
    -0.000363904    -0.000348133
    -0.000395301    -0.000337633
    -0.000504442    -0.000502819
    -0.000421334    -0.000518749
     -0.00029354    -0.000306556
    -0.000348305    -0.000274856
    -0.000415932    -0.000395449
    -0.000776404      -0.0006025
    -0.000480043    -0.000517909
    -0.000545526     -0.00058861
    -0.000111307     5.77086e-05
    -0.000672866    -0.000677751
    -0.000812213    -0.000926344
      0.00467853      0.00575508
     -0.00032361    -0.000353431
    -0.000499825    -0.000503057
    -0.000448774    -0.000361314
    -0.000444211    -0.000386614
    -0.000753991    -0.000809448
    -0.000519552     -0.00080923
      0.00709579      0.00887288
    -0.000696602    -0.000504837
    -0.000740055    -0.000783877
    -0.000418135    -0.000297495
     0.000633787     0.000160474
    -0.000906147    -0.000823991
     0.000910745      0.00143006
    -0.000852145    -0.000881945
    -0.000359146    -0.000379502
    -0.000340712    -0.000275831
    -0.000494834    -0.000522319
     -0.00111469     -0.00107469
    -0.000732251    -0.000793716
    -0.000393717    -0.000388523
    -0.000435117    -0.000635325
    -0.000553051      -0.0005954
      0.00151727      0.00120366
    -0.000637603    -0.000635594
     -0.00055911    -0.000512194
      6.2633e-05     0.000235673
    -0.000642694    -0.000696042
    -0.000696696    -0.000918939
      -0.0008127    -0.000845863
      0.00871689      0.00955404
    -0.000761481    -0.000576325
    -0.000459722    -0.000506898
    -0.000334312    -0.000544524
    -0.000766247    -0.000609292
    -0.000328448    -0.000358616
      0.00208727      0.00259719
    -0.000577231    -0.000567473
      0.00358076      0.00394441
    -0.000845068    -0.000914205
      0.00315219      0.00365957
    -0.000589289    -0.000608525
      0.00393811      0.00271295
    -0.000667702     -0.00062716
     -6.8037e-05     0.000162841
    -0.000423716    -0.000366087
    -0.000696142     -0.00060029
    -0.000601625    -0.000658322
      0.00505402      0.00486716
    -0.000616236    -0.000664667
       0.0047515      0.00505551
    -0.000332744    -0.000376021
    -0.000547205    -0.000154186
    -0.000360565    -0.000347733
    -0.000476775    -0.000606212
    -0.000495742    -0.000553545
    -0.000726195    -0.000706815
    -0.000594461    -0.000592502
    -0.000579773     -0.00068672
      0.00404753      0.00522868
    -0.000893351    -0.000866742
     -0.00085963    -0.000940707
      0.00201662       0.0018344
    -0.000515948     -0.00059916
       0.0013866       0.0017431
     -0.00101719     -0.00103883
    -0.000903626    -0.000958743
    -0.000483128    -3.92532e-05
     -2.1188e-05     -0.00051483
      0.00305779      0.00321975
    -0.000300303    -0.000317213
    -0.000416492    -0.000489855
    -0.000809787    -0.000859998
    -0.000791183    -0.000885474
    -0.000990472     -0.00101496
    -0.000519628    -0.000527525
    -0.000761122    -0.000613917
     -0.00047412    -0.000380583
      0.00795803      0.00856638
     0.000869596     0.000236152
    -0.000575498    -0.000621821
      0.00315541      0.00245286
     0.000504378     0.000208489
    -0.000966692    -0.000646066
    -0.000886206    -0.000870135
    -0.000688337    -0.000707992
    -0.000375133     -0.00043116
     -0.00053019    -0.000563776
    -0.000408191    -0.000486186
    -0.000926486    -0.000884526
    -0.000736409    -0.000960752
      0.00304683      0.00402005
     -0.00086887     -0.00104731
     0.000190277     6.43476e-05
    -0.000615016    -0.000866745
    -0.000824096    -0.000885856
    -0.000965186     -0.00117239
       0.0158722       0.0136488
    -0.000861272     -0.00074699
    -0.000488782    -0.000499996
    -0.000652303    -0.000687294
    -0.000649754    -0.000658082
    -0.000832272    -0.000893713
    -0.000502861    -0.000505867
       0.0019428      0.00271877
    -0.000620751    -0.000645106
       0.0008276     0.000342888
    -0.000572142    -0.000537046
    -0.000617959    -0.000588529
    -0.000461839    -0.000399232
    -0.000209669    -0.000414935
    -0.000957042    -0.000885659
    -0.000625177    -0.000674967
    -0.000586099    -0.000530344
      0.00619308      0.00579739
     -0.00053153    -0.000509821
    -0.000552244     -0.00054914
    -0.000200989     -2.5939e-05
    -0.000323974    -0.000354854
     -0.00062677    -0.000649011
    -0.000362717    -0.000401479
     -0.00113082     -0.00094805
    -0.000685815    -0.000712963
    -0.000536645    -0.000557881
    -0.000589325    -0.000521015
    -0.000629225     -0.00058502
    -0.000569291    -0.000539692
      0.00206339      0.00283523
     -7.4419e-05    -7.09298e-05
    -0.000122071    -0.000222503
      0.00265088      0.00216538
     -0.00050191    -0.000520246
    -0.000430926    -0.000460273
    -0.000342008    -9.33511e-05
    -0.000379529    -0.000422391
       0.0115425        0.012347
      0.00220321      0.00249711
     -0.00122292     -0.00115427
    -0.000990145     -0.00114049
    -0.000853417    -0.000845938
    -0.000345724    -0.000279471
    -0.000386359    -0.000279289
    -0.000814972    -0.000882641
    -0.000895313      -0.0010006
    -0.000623571    -0.000688263
    -0.000510989    -0.000431501
      0.00156529      0.00135502
    -0.000839855    -0.000942266
    -0.000566295    -0.000649088
    -0.000514928    -0.000540172
    -0.000588368    -0.000549914
    -0.000890516    -0.000827206
    -0.000531653    -0.000498555
     -0.00066403     -0.00072922
      0.00439157      0.00444426
    -0.000256053     -0.00037449
    -0.000469997    -0.000522786
      0.00083131     0.000830311
    -0.000341496    -0.000282785
     -0.00071297    -0.000834326
      0.00122121      0.00191643
    -0.000564855    -0.000574159
    -0.000737264     -0.00081554
    -0.000940389    -0.000953039
    -0.000645683    -0.000781883
     0.000199607     0.000464007
       0.0007552     0.000674003
    -0.000773796    -0.000873803
      0.00138599       0.0019431
     -0.00107802     -0.00102862
     -0.00037632    -0.000179168
    -0.000768968    -0.000852266
    -0.000560397    -0.000545796
     -0.00055309    -0.000554438
     0.000676938      0.00104005
     0.000373675     0.000167899
     -0.00072823    -0.000747333
     -0.00053139    -0.000488326
    -0.000863252    -0.000944073
    -0.000536183    -0.000439044
    -0.000753065    -0.000710136
    -0.000854895    -0.000820849
      0.00043186    -0.000115612
      9.9001e-05     -6.0958e-05
    -0.000476687    -0.000529295
    -0.000691791    -0.000716317
      0.00165351      0.00138456
    -0.000322229    -0.000336165
     0.000764008     0.000434537
    -0.000262047     6.97757e-05
    -0.000580885    -0.000549314
    -0.000571547    -0.000567753
     -0.00116162    -0.000927248
    -0.000294097    -0.000318153
     -0.00041685    -0.000402946
     -0.00079007    -0.000732683
      0.00274988      0.00247217
     -0.00035228    -0.000575428
    -0.000529843    -0.000564497
    -0.000709565    -0.000596427
     0.000870555     0.000971912
    -0.000609295    -0.000587849
    -0.000573546    -0.000595049
    -0.000738093    -0.000793597
    -0.000738201    -0.000658422
     -0.00036723    -0.000360495
      0.00672441      0.00537926
    -0.000138368     0.000238394
     -0.00111164     -0.00104395
    -0.000973052    -0.000957249
       0.0081539      0.00923122
    -0.000359524    -0.000302728
     -0.00096466    -0.000905056
      0.00097124     0.000377601
      0.00282852       0.0028826
     -0.00065576    -0.000611439
    -0.000606565    -0.000604163
       0.0010016     0.000697374
     -0.00057558    -0.000309311
    -0.000709451    -0.000805431
     -0.00060777    -0.000820097
     -0.00101005     -0.00111944
    -0.000693882    -0.000710698
    -0.000676236    -0.000734907
    -0.000963354    -0.000936799
     -0.00107909     -0.00100133
    -0.000544728    -0.000512321
    -0.000724665     -0.00067386
     -0.00093498    -0.000903795
      0.00168499      0.00248752
    -0.000461124    -0.000452109
     0.000922596      0.00114023
       0.0046583      0.00498193
