QM Energy	FF Energy
     -0.00809571     -0.00872949
    -0.000754532    -0.000786054
     -6.7671e-05    -8.08241e-05
    -0.000172294    -0.000224287
    -0.000207832    -0.000223632
     -5.3107e-05    -5.22763e-05
      -9.943e-05    -0.000127551
     -5.5657e-05    -7.07418e-05
     -0.00520856     -0.00505333
    -0.000404609    -0.000392788
    -0.000394457    -0.000504496
     -2.0706e-05     -2.0641e-05
     -7.6074e-05    -0.000113347
     -0.00503639     -0.00418434
     -7.8933e-05    -0.000116417
    -0.000923059     -0.00120213
     -3.9955e-05     1.24209e-05
    -0.000100304    -8.55212e-05
       -0.010651     -0.00927371
    -0.000921862    -0.000940335
    -0.000206773    -0.000212782
     -0.00554473      -0.0054221
    -0.000454692    -0.000460148
     -4.3622e-05     6.39828e-06
     -0.00118098     -0.00130527
     -4.8287e-05    -7.31127e-06
     -0.00184316     -0.00188297
    -0.000212458    -0.000237089
     -2.0924e-05    -5.77181e-05
    -0.000947081     -0.00103965
     -2.4329e-05     3.22473e-06
     -8.8857e-05    -0.000130067
     -2.4391e-05    -4.58536e-05
     -4.4135e-05    -8.98862e-05
     -0.00552975      -0.0054285
    -0.000608874    -0.000613378
     -7.2858e-05    -7.40782e-06
     -0.00401729     -0.00439344
     -0.00039548    -0.000381801
    -0.000177231    -0.000142435
    -0.000140871    -0.000134391
      -8.372e-05    -6.42672e-05
    -0.000476096    -0.000601884
     -6.5078e-05    -6.13034e-05
     -2.7832e-05    -1.10438e-05
     -0.00860248     -0.00856336
     -0.00314706     -0.00282064
    -0.000655449    -0.000621192
     -7.8348e-05    -9.96825e-05
      -0.0043418     -0.00443266
     -5.3967e-05    -0.000115785
      -0.0110794       -0.010809
     -0.00794513     -0.00726204
     -0.00273352     -0.00264119
     -8.8489e-05    -0.000126303
     -2.0237e-05     1.16343e-05
     -3.7527e-05    -5.74515e-05
     -1.2412e-05    -4.91869e-05
     -1.0694e-05    -1.21895e-05
     -5.1521e-05     7.27768e-06
      -0.0020309     -0.00206685
     -0.00383881      -0.0041645
    -0.000188324     -0.00012905
     -0.00093316     -0.00101359
    -0.000385273    -0.000474141
     -1.7083e-05     -2.0717e-06
     -9.6636e-05    -0.000133938
    -0.000202085    -0.000230177
    -0.000291088    -0.000306043
     -0.00132477     -0.00128312
    -0.000690248    -0.000749031
     -4.5066e-05    -8.87948e-05
      -8.651e-05    -8.64595e-05
     -4.0889e-05     5.59465e-06
    -0.000174511    -0.000198887
    -0.000124491    -0.000151161
     -0.00033756    -0.000435012
     -9.2033e-05    -0.000111959
     -4.2382e-05    -5.43279e-05
     -3.7391e-05     9.02608e-06
      -0.0045664     -0.00436766
     -7.3162e-05    -1.49149e-05
     -0.00052421    -0.000621369
     -4.7841e-05    -1.44851e-05
     -5.5174e-05     -6.7339e-05
     -5.2059e-05    -5.96255e-05
     -0.00134058     -0.00140702
       -0.010307     -0.00944861
     -0.00083318    -0.000923739
    -0.000196302    -0.000102869
     -2.4093e-05    -1.33808e-05
     -0.00557387     -0.00550672
     -0.00131524     -0.00151989
     -2.8382e-05    -8.11243e-06
     -2.8734e-05    -3.92654e-05
     -0.00387806     -0.00366498
     -0.00451836     -0.00478482
    -0.000432942    -0.000488371
     -1.9405e-05    -3.70279e-05
     -0.00422434     -0.00389619
     -5.1627e-05    -6.04947e-05
     -0.00550579     -0.00517096
     -0.00236685     -0.00254101
    -0.000397293    -0.000269031
     -0.00764773     -0.00793871
    -0.000310287    -0.000375693
    -0.000662435    -0.000671755
     -0.00201122     -0.00222344
    -0.000431799    -0.000473892
     -9.7326e-05    -0.000101404
     -0.00146369      -0.0015935
     -2.8223e-05    -2.85571e-05
    -0.000809037    -0.000792881
     -7.7925e-05    -0.000103845
     -0.00239029     -0.00244371
     -0.00900506     -0.00760564
    -0.000144171    -0.000195025
     -6.7197e-05    -0.000125705
    -0.000148181    -8.11387e-05
     -0.00111016     -0.00103221
     -0.00880405     -0.00928055
    -0.000104685    -0.000100934
     -2.9329e-05     2.37153e-05
    -0.000140379     -0.00018234
     -5.8039e-05    -8.86881e-05
     -0.00043158    -0.000506668
    -0.000236735     -0.00013163
      -0.0058231     -0.00647638
    -0.000446949    -0.000442358
     -0.00317098     -0.00292666
    -0.000652434    -0.000770561
     -2.4381e-05    -2.25074e-05
    -0.000970238    -0.000898728
    -0.000235414     -0.00023175
     -0.00057893    -0.000625573
    -0.000538774    -0.000592992
     -3.7956e-05    -8.84006e-05
    -0.000530543    -0.000502255
     -0.00104073      -0.0012683
     -0.00270082     -0.00295198
     -0.00140835     -0.00128024
     -2.0309e-05     -1.2264e-05
     -2.3717e-05    -4.63295e-05
     -0.00400988     -0.00434066
     -0.00131462     -0.00140783
      -6.443e-06    -3.12424e-05
     -0.00387128     -0.00319541
     -2.2146e-05     -3.9632e-05
     -6.4689e-05    -3.74586e-06
    -0.000495425    -0.000505273
    -0.000495205    -0.000533231
      -0.0121938      -0.0108329
    -0.000243033    -0.000158668
     -0.00702528     -0.00705029
     -0.00281956     -0.00281054
     -0.00699198     -0.00617396
     -0.00665442      -0.0060723
     -0.00439877     -0.00472693
     -0.00859275     -0.00730751
    -0.000389761    -0.000435391
     -1.5718e-05    -4.41689e-05
     -2.5809e-05    -2.20916e-05
     -0.00444518     -0.00415351
     -7.2271e-05    -8.07558e-05
    -0.000284106    -0.000267894
     -0.00020312    -0.000212306
     -0.00690742     -0.00600029
     -7.0376e-05    -6.09782e-05
      -2.195e-05    -1.59396e-05
    -0.000309002    -0.000215479
      -7.209e-05    -5.22133e-05
    -0.000155053    -0.000135648
    -0.000760287    -0.000741233
     -0.00121274     -0.00125233
    -0.000611655    -0.000462005
     -6.8207e-05     -6.4085e-05
      -0.0022157     -0.00200376
    -0.000846227     -0.00081562
     -0.00327416      -0.0030752
    -0.000101872    -6.73606e-05
     -1.4625e-05    -6.69347e-06
    -0.000423556    -0.000431131
      -0.0002779    -0.000186487
     -0.00148756      -0.0017184
    -0.000889783    -0.000670646
     -0.00699133     -0.00677633
    -0.000109594    -0.000109968
    -0.000164218    -0.000197681
    -0.000138706    -8.37634e-05
     -2.2565e-05     -1.7412e-05
    -0.000211295    -0.000273967
     -0.00170157     -0.00171525
    -0.000477027     -0.00033032
      -0.0016683       -0.002021
     -0.00358534     -0.00378415
     -0.00168323     -0.00195181
    -0.000325363    -0.000357324
    -0.000372391    -0.000323139
     -0.00041359    -0.000353702
    -0.000148561    -0.000154982
      -0.0021385      -0.0020982
     -2.8178e-05    -4.46445e-05
     -5.7645e-05    -6.83246e-05
      -0.0034942     -0.00410262
     -2.4171e-05     2.86257e-05
     -0.00376928     -0.00359499
      -8.719e-06    -3.69208e-05
     -0.00128556     -0.00104918
     -2.3374e-05     2.74926e-05
    -0.000827724    -0.000931195
     -0.00897818     -0.00838583
     -9.9109e-05    -0.000100837
     -0.00378604      -0.0035924
    -0.000585306    -0.000734803
     -0.00522521     -0.00510186
     -5.4237e-05    -8.33485e-05
    -0.000146993    -0.000153985
      -9.664e-05    -0.000114001
     -0.00325102     -0.00328959
     -0.00128929     -0.00152669
     -0.00146088     -0.00159648
    -0.000520649    -0.000542055
     -0.00529009     -0.00537241
    -0.000760676    -0.000811976
     -0.00164736     -0.00200437
     -0.00295001     -0.00231372
      -2.315e-05     1.01043e-05
        -0.00298     -0.00273668
    -0.000474591     -0.00053168
    -0.000238025     -0.00031717
    -0.000689711    -0.000491529
     -0.00231766     -0.00251242
      -2.109e-05    -2.03354e-06
    -0.000245534    -0.000257441
     -0.00564059     -0.00598161
     -0.00458696     -0.00457834
    -0.000494823    -0.000403929
     -0.00194205      -0.0017759
     -1.1953e-05     2.19028e-05
     -0.00494655     -0.00490997
     -5.3376e-05     3.50816e-06
     -0.00394684     -0.00377011
      -7.478e-05    -8.58999e-05
     -8.3146e-05    -9.83695e-05
     -4.1303e-05    -9.22281e-05
     -2.2034e-05    -6.21763e-05
     -5.0187e-05    -4.46155e-05
     -0.00444024     -0.00408944
     -4.2307e-05     1.34606e-06
      -4.145e-06    -2.80746e-05
     -0.00018022    -0.000115764
     -1.6517e-05    -1.96566e-05
    -0.000795288    -0.000932951
    -0.000115488    -0.000132069
    -0.000242397    -0.000154439
     -7.0405e-05    -0.000122871
     -2.6505e-05    -6.56313e-08
    -0.000574513    -0.000396208
      -0.0011938     -0.00122974
       -0.003755     -0.00350676
     -1.3245e-05    -4.35671e-05
    -0.000555683    -0.000562183
     -7.7697e-05    -7.93762e-05
     -0.00297733     -0.00232128
    -0.000132036    -7.92164e-05
     -0.00338985     -0.00349432
     -3.8481e-05    -2.49187e-05
     -1.3155e-05    -5.55939e-05
     -0.00139339     -0.00130664
     -0.00839022       -0.007472
    -0.000127108    -0.000187609
     -0.00484638     -0.00491662
     -0.00943988      -0.0086588
     -2.8181e-05    -2.36011e-05
     -0.00708751     -0.00782579
     -0.00238731      -0.0027668
     -2.2548e-05    -1.35237e-05
     -2.7569e-05    -3.35071e-05
     -0.00043534    -0.000273834
       -0.001187    -0.000938856
    -0.000266948    -0.000296308
    -0.000138914    -0.000155071
     -2.5385e-05    -3.55471e-05
     -7.8819e-05      -9.899e-05
     -0.00108666     -0.00104396
    -0.000120445    -0.000134218
    -0.000123704    -0.000162849
     -0.00073089    -0.000619575
    -0.000129201    -0.000179686
     -0.00122863     -0.00133526
     -0.00167228      -0.0014276
    -0.000576612    -0.000712576
    -0.000115347    -0.000156568
      -0.0103988     -0.00912065
    -0.000321504    -0.000351061
      -4.545e-05    -5.70493e-05
    -0.000300582    -0.000358194
     -4.8381e-05    -6.53958e-05
      -0.0139711      -0.0139252
    -0.000200092    -0.000237886
     -0.00431034     -0.00407265
    -0.000124927    -5.24565e-05
       -2.79e-05    -3.89057e-05
    -0.000122247    -0.000124949
    -0.000837228    -0.000895907
     -3.1427e-05    -3.16859e-05
     -2.4907e-05     9.56636e-06
     -4.0156e-05      9.6695e-06
    -0.000599243    -0.000609164
    -0.000717641    -0.000779506
    -0.000149895    -0.000133909
     -3.2835e-05    -1.02651e-05
     -1.4339e-05    -6.12885e-05
      -0.0049588     -0.00581853
     -3.8085e-05    -7.39855e-05
     -0.00022547    -0.000272799
     -3.2246e-05    -2.26264e-05
     -3.5932e-05     2.06556e-05
     -0.00118718     -0.00134315
     -0.00527643     -0.00466786
     -2.7342e-05    -9.84423e-06
     -1.3952e-05    -3.85525e-05
      -0.0053264     -0.00476954
     -0.00172985     -0.00188948
    -0.000108558    -0.000140918
      -4.146e-05    -3.73163e-05
     -6.6059e-05    -5.28524e-05
    -0.000121396    -0.000101906
     -0.00106961      -0.0010582
     -7.1815e-05    -7.22335e-05
     -3.8777e-05    -2.97539e-05
     -4.5623e-05    -4.24674e-05
     -0.00103159     -0.00106875
     -0.00129767     -0.00130986
     -1.1618e-05    -5.05071e-05
     -2.2018e-05    -2.69543e-05
    -0.000141072    -0.000115502
     -4.0883e-05    -6.07899e-05
    -0.000554845    -0.000555629
     -2.2727e-05    -4.65312e-05
     -0.00316208     -0.00287656
     -0.00258432      -0.0020364
    -0.000838458    -0.000997774
    -0.000419989     -0.00048534
     -0.00133965     -0.00126691
      -2.478e-05      2.9034e-05
     -0.00987835     -0.00897877
     -0.00188517     -0.00235123
     -8.0394e-05    -1.71209e-05
     -0.00077545    -0.000737318
    -0.000256462    -0.000264225
     -0.00212473     -0.00189485
     -7.5718e-05    -5.07585e-05
    -0.000144161    -0.000156444
     -6.9515e-05    -3.26884e-05
     -2.7352e-05    -6.75631e-05
     -0.00239227     -0.00225297
    -0.000153291    -0.000107139
     -0.00259341     -0.00293318
     -0.00215322     -0.00196781
    -0.000900124     -0.00083469
     -0.00421337     -0.00458931
     -0.00350977     -0.00291767
    -0.000113823    -4.46333e-05
    -0.000265644    -0.000152408
    -0.000128608     -0.00016121
     -2.0097e-05    -5.09809e-05
    -0.000788527    -0.000894223
    -0.000813806    -0.000818033
    -0.000206605    -0.000210207
      -0.0037475      -0.0036921
     -0.00252663     -0.00266306
     -0.00524652     -0.00485478
     -4.4928e-05    -9.62341e-05
     -0.00231572     -0.00197085
      -0.0029614     -0.00250372
    -0.000594776    -0.000594724
    -0.000341642    -0.000350276
    -0.000522265    -0.000404604
     -0.00155221     -0.00155528
     -0.00246229     -0.00230402
    -0.000575963    -0.000501993
    -0.000496471    -0.000525546
     -6.7426e-05    -6.16223e-05
    -0.000109917    -0.000133335
     -4.0839e-05     5.63759e-06
     -3.1924e-05    -6.34393e-05
     -0.00377765     -0.00375679
     -8.0136e-05    -8.26529e-05
     -6.2651e-05    -1.88661e-05
      -6.354e-05    -0.000105251
     -0.00822398     -0.00878062
     -0.00104951      -0.0011527
    -0.000107922    -0.000138748
     -0.00299043     -0.00297195
       -8.89e-06    -3.46102e-05
    -0.000813494    -0.000865294
     -0.00234383     -0.00218208
     -3.4828e-05    -3.43149e-05
    -0.000364528    -0.000472967
    -0.000130061    -0.000163601
     -0.00072241    -0.000719949
    -0.000594217    -0.000583543
     -0.00025365    -0.000185453
    -0.000168789    -0.000167474
     -0.00107244     -0.00106112
     -9.4211e-05    -8.80692e-05
     -0.00389577     -0.00397484
     -0.00014444    -0.000144569
     -6.2168e-05    -1.79166e-05
    -0.000349297    -0.000366127
    -0.000290847    -0.000319939
     -2.3276e-05     -1.6602e-05
    -0.000600793    -0.000623217
    -0.000990414     -0.00105513
     -1.9934e-05     1.79215e-05
    -0.000797012    -0.000831472
     -1.9721e-05     3.01418e-05
    -0.000466975    -0.000410404
    -0.000149686    -0.000157456
     -0.00017286    -0.000253554
    -0.000692256    -0.000662742
     -0.00456665     -0.00363872
     -0.00221607      -0.0022912
     -0.00443382     -0.00458549
    -0.000164184    -0.000179754
    -0.000143262      -0.0002031
     -0.00388779     -0.00364052
     -2.9886e-05     1.43592e-05
     -6.5596e-05    -8.44857e-05
     -3.4585e-05     1.95026e-05
    -0.000238695    -0.000176184
    -0.000272137    -0.000184712
     -5.6883e-05     -5.2662e-05
    -0.000181182    -0.000170469
     -0.00011396    -0.000126004
    -0.000296059    -0.000358689
    -0.000131979    -5.11965e-05
     -2.6676e-05    -7.97565e-05
      -0.0027245     -0.00264565
      -6.728e-06    -2.35976e-05
     -5.9218e-05    -8.94416e-05
     -3.3317e-05      1.0654e-05
    -0.000167761    -0.000227961
     -0.00725991     -0.00728133
    -0.000756892    -0.000734569
      -0.0016071     -0.00152007
    -0.000417274    -0.000442009
    -0.000225579    -0.000265956
    -0.000169658     -0.00021617
    -0.000231715    -0.000146822
     -0.00179568     -0.00169065
      -0.0011922     -0.00102759
     -3.2235e-05     -3.1385e-06
    -0.000397613    -0.000441949
    -0.000579457    -0.000645109
     -0.00027612    -0.000146724
     -9.2066e-05    -3.76365e-05
    -0.000452595    -0.000589255
    -0.000542928    -0.000687699
      -4.557e-06    -1.70766e-05
     -2.0225e-05    -1.96188e-05
     -8.5494e-05    -0.000104822
    -0.000342067    -0.000335335
    -0.000342469    -0.000318469
    -0.000679557    -0.000723842
     -5.3732e-05    -5.11899e-05
     -7.7835e-05    -7.40645e-05
     -3.2623e-05    -4.96802e-05
    -0.000146882    -0.000145865
     -2.3707e-05    -7.36077e-06
     -3.2821e-05    -3.67719e-05
    -0.000278561    -0.000352563
     -2.2666e-05    -1.30219e-06
     -0.00153923     -0.00138657
    -0.000851807     -0.00104302
     -0.00434147     -0.00444543
    -0.000886184      -0.0010766
     -4.0365e-05    -1.83272e-05
    -0.000954334    -0.000959335
     -4.2242e-05    -9.67396e-06
    -0.000276449    -0.000207792
    -0.000835489    -0.000798982
      -0.0022512     -0.00232099
    -0.000353463    -0.000216278
    -0.000992353    -0.000980088
    -0.000745017    -0.000743743
    -0.000302969    -0.000381993
    -0.000259465    -0.000172139
     -2.1848e-05    -1.91165e-05
      -2.562e-06    -3.32364e-05
     -5.8655e-05    -3.61247e-05
    -0.000205761    -0.000167324
     -0.00639188     -0.00594823
     -2.2245e-05    -1.51073e-05
      -0.0014871     -0.00147428
     -7.6425e-05    -9.31936e-05
     -1.9886e-05      2.9417e-05
     -6.5912e-05     -8.2577e-05
     -0.00209026     -0.00223442
    -0.000113168      -0.0001137
    -0.000980024    -0.000773272
     -9.3427e-05    -7.70519e-05
      -2.021e-05    -6.08988e-05
     -3.1596e-05    -5.32937e-05
     -1.4089e-05     1.23834e-05
     -0.00359077     -0.00429049
    -0.000806634    -0.000840414
    -0.000795184     -0.00063197
     -0.00149463     -0.00149442
     -0.00339088     -0.00324172
      -0.0029456      -0.0026514
     -0.00262671      -0.0026601
     -9.5173e-05    -9.30919e-05
     -2.6472e-05      2.3731e-05
     -3.4943e-05    -4.27614e-05
     -0.00115337     -0.00111894
    -0.000271338    -0.000153728
     -0.00026265    -0.000296808
     -3.0316e-05    -2.69958e-05
    -0.000535854    -0.000446006
    -0.000930279     -0.00115651
     -0.00561826     -0.00495568
    -0.000330767    -0.000319427
    -0.000717604    -0.000686645
     -2.6994e-05      -1.874e-05
     -7.6499e-05    -2.97098e-05
      -0.0006726    -0.000584581
     -0.00407837     -0.00408631
    -0.000148726    -8.04181e-05
     -2.3307e-05    -6.49578e-05
    -0.000274452    -0.000157329
     -6.2799e-05    -4.76465e-05
     -0.00024546    -0.000341729
     -0.00536394     -0.00475876
       -0.004881     -0.00475288
     -0.00202105      -0.0019195
    -0.000237116    -0.000248049
     -2.6963e-05    -4.06946e-05
     -5.7769e-05    -6.76121e-05
    -0.000941677    -0.000714157
     -6.5283e-05    -5.56075e-05
    -0.000253913    -0.000214137
      -0.0108006     -0.00929429
    -0.000764915    -0.000783914
     -0.00253228     -0.00240171
    -0.000274042    -0.000306028
    -0.000754182    -0.000811088
     -0.00765747     -0.00738573
     -2.7114e-05     1.42646e-05
    -0.000471234    -0.000598441
      -2.418e-05    -4.12019e-05
    -0.000548001    -0.000653463
     -2.1579e-05    -2.64535e-05
     -2.7854e-05    -3.14887e-05
     -3.5947e-05    -4.10804e-05
     -5.9777e-05    -9.03713e-05
     -0.00392767     -0.00391198
     -0.00846902     -0.00768358
     -0.00145535     -0.00154432
    -0.000119935    -9.90907e-05
     -0.00181465     -0.00186417
    -0.000770211    -0.000781665
     -0.00591553     -0.00602015
     -0.00116735     -0.00119284
     -0.00473215     -0.00378563
     -3.4172e-05    -8.04032e-05
     -0.00115176     -0.00134946
    -0.000425267    -0.000345005
     -9.3996e-05    -0.000111545
    -0.000236511     -0.00028392
    -0.000172287    -0.000196714
     -0.00031127    -0.000217722
     -0.00019351    -0.000198802
     -2.0671e-05    -1.58823e-05
    -0.000565081     -0.00047205
    -0.000507341     -0.00040732
    -0.000864644     -0.00084759
    -0.000706174    -0.000479434
     -0.00149884     -0.00154284
      -0.0019178     -0.00182474
    -0.000171185    -7.91552e-05
     -0.00144764     -0.00132025
     -1.5671e-05    -1.75233e-05
     -0.00435145     -0.00418895
    -0.000188781    -0.000204887
     -0.00114261    -0.000919677
     -2.0078e-05    -6.62477e-05
     -2.5389e-05     2.79695e-05
    -0.000100039    -8.78562e-05
    -0.000112563    -0.000115492
    -0.000915273    -0.000920516
     -4.5282e-05    -6.00284e-05
     -0.00458063     -0.00466491
     -0.00220855      -0.0024153
     -7.9713e-05    -9.46984e-05
    -0.000843729    -0.000830908
     -0.00469375     -0.00476298
     -2.8466e-05    -5.76534e-06
     -1.6007e-05    -5.28882e-05
     -0.00367197     -0.00340326
      -0.0020537     -0.00235171
      -0.0013358     -0.00120113
     -0.00430776     -0.00426554
     -0.00230182     -0.00234085
    -0.000139518     -0.00020315
     -0.00534053     -0.00509965
     -2.0688e-05    -4.41718e-05
     -0.00500448     -0.00535932
     -3.4605e-05    -6.32457e-05
    -0.000240156    -0.000239123
     -3.1433e-05    -1.90169e-05
     -2.5571e-05     1.53293e-05
     -0.00542156     -0.00580362
     -3.6302e-05    -6.10948e-05
    -0.000212139    -0.000143231
    -0.000583004    -0.000670799
    -0.000107124    -0.000110167
    -0.000125315    -9.68664e-05
     -0.00561663     -0.00497895
    -0.000215753     -0.00026442
     -6.6715e-05     4.56975e-07
    -0.000542078    -0.000486864
    -0.000137636    -0.000145097
     -4.3033e-05    -1.28962e-05
     -0.00775259     -0.00811373
    -0.000492103    -0.000483578
     -2.1308e-05    -4.94356e-05
    -0.000339073    -0.000322432
     -6.0368e-05    -1.68508e-05
     -1.9538e-05     -2.8776e-05
     -3.2089e-05    -2.80085e-05
     -7.0721e-05    -9.68707e-05
      -0.0131465      -0.0136529
    -0.000192914    -0.000217163
    -0.000101836    -4.74026e-05
     -2.9909e-05    -6.48998e-06
     -0.00940494     -0.00881063
     -7.8757e-05    -0.000114777
    -0.000358666    -0.000397965
      -0.0015957     -0.00195877
     -5.3607e-05    -4.94134e-05
    -0.000357732    -0.000456396
     -2.7222e-05    -6.99009e-05
     -3.7059e-05    -1.46834e-05
     -6.5059e-05    -2.76076e-05
     -0.00067838    -0.000791179
      -0.0010475    -0.000958583
    -0.000104257    -0.000136739
     -0.00090744    -0.000665742
     -0.00167733     -0.00173212
      -0.0040023        -0.00377
    -0.000144956    -0.000144406
       -0.013467      -0.0138525
     -8.2453e-05    -9.52903e-05
     -0.00168326     -0.00183821
     -1.6717e-05     -2.1637e-05
    -0.000240933    -0.000261453
     -6.3501e-05    -5.64501e-05
     -0.00445498     -0.00454973
    -0.000697619    -0.000858218
     -0.00273299     -0.00289001
     -0.00241054     -0.00231572
      -0.0015634     -0.00149407
     -4.5179e-05     1.49941e-05
    -0.000423384    -0.000446099
     -0.00122553      -0.0011495
     -4.6313e-05    -6.06832e-06
     -8.1274e-05    -5.51427e-05
    -0.000371814    -0.000454014
     -0.00197064     -0.00191024
     -3.9503e-05     2.54618e-06
     -0.00042495    -0.000404462
     -8.9367e-05    -8.96685e-05
     -2.7846e-05    -4.75273e-05
     -2.4021e-05      -1.926e-05
     -5.2951e-05    -7.04703e-05
     -4.4621e-05    -1.21184e-05
     -0.00259888     -0.00250708
    -0.000116835    -0.000127093
    -0.000394388    -0.000389763
    -0.000304821    -0.000355792
     -0.00328533     -0.00371522
     -0.00123365     -0.00152246
     -0.00575889     -0.00482419
      -0.0161926      -0.0163407
    -0.000306103    -0.000363618
    -0.000198835    -0.000201374
     -4.3343e-05    -6.14251e-05
     -2.4596e-05    -2.77556e-05
     -0.00038333     -0.00029179
     -0.00564792     -0.00559985
    -0.000364787     -0.00028263
    -0.000374093    -0.000474771
     -0.00646949     -0.00562888
     -2.1012e-05      8.0829e-06
     -5.8653e-05     5.43105e-06
     -7.2133e-05    -1.74885e-05
     -3.1339e-05    -3.68059e-05
    -0.000385923    -0.000281906
     -5.2289e-05      8.5441e-06
     -0.00962324     -0.00941107
    -0.000659087    -0.000579253
     -0.00511759     -0.00442512
    -0.000725897    -0.000857541
      -5.742e-05    -4.64141e-05
     -2.1545e-05    -3.87715e-05
     -7.1003e-05    -9.49323e-05
     -5.7369e-05    -8.36195e-05
    -0.000149213    -6.19109e-05
     -0.00427114     -0.00337005
     -7.8039e-05    -8.30175e-05
     -2.8979e-05    -2.54394e-05
     -0.00345974     -0.00341711
    -0.000140311    -5.91146e-05
    -0.000866261     -0.00097173
    -0.000407255    -0.000412514
     -0.00178306     -0.00168607
     -0.00013967    -0.000104001
     -0.00444575     -0.00437179
      -0.0122032       -0.011813
     -2.4948e-05    -2.90164e-05
    -0.000541223    -0.000529763
     -5.1923e-05    -0.000106042
     -4.1439e-05    -2.60852e-05
    -0.000774795     -0.00095099
     -2.0398e-05      -5.083e-05
     -0.00276776     -0.00288761
    -0.000110973    -0.000112728
     -6.4609e-05    -6.27374e-05
     -0.00450252     -0.00413128
     -0.00027495    -0.000232085
     -0.00363136     -0.00319388
    -0.000118821    -0.000135499
     -3.3032e-05    -4.99166e-05
     -4.1875e-05    -3.47005e-05
     -9.3276e-05    -2.33003e-05
    -0.000189591    -0.000217332
    -0.000118521    -0.000121951
     -0.00153435     -0.00130632
    -0.000986659     -0.00114852
     -0.00085204     -0.00100414
     -0.00208212     -0.00245949
     -7.6402e-05    -6.48687e-05
    -0.000876391     -0.00079974
    -0.000352254    -0.000358166
     -2.4669e-05    -1.17815e-05
    -0.000983016     -0.00120269
    -0.000115067    -0.000110962
    -0.000893614    -0.000919462
     -1.5977e-05    -2.84061e-05
     -1.8394e-05     3.13607e-05
      -4.416e-05    -3.34714e-05
     -0.00038769    -0.000318178
     -3.3928e-05    -6.84005e-05
     -0.00032309     -0.00032261
     -0.00178365     -0.00162981
    -0.000385441    -0.000429394
     -0.00018401    -0.000246807
     -0.00832249     -0.00844299
      -9.203e-06    -3.45901e-05
      -6.198e-05    -4.72113e-05
     -3.9841e-05     1.52137e-05
      -2.366e-05     2.76689e-05
    -0.000246713    -0.000294055
     -0.00151242     -0.00163128
     -0.00901165      -0.0102854
     -0.00139624     -0.00171094
    -0.000219633     -0.00026468
     -0.00097916     -0.00105348
     -0.00264587     -0.00235523
    -0.000215514    -0.000136295
     -0.00289143     -0.00292901
     -0.00108564     -0.00126085
     -1.4437e-05    -3.73492e-05
     -2.1739e-05     2.42034e-05
     -5.1183e-05    -5.81666e-05
    -0.000703723    -0.000677959
    -0.000208574    -0.000191729
     -3.0479e-05    -2.47173e-05
    -0.000757279    -0.000737919
     -5.7099e-05    -9.08917e-05
     -0.00285285      -0.0025796
     -0.00105144     -0.00104573
     -7.8861e-05    -1.41508e-05
     -0.00195382     -0.00177044
    -0.000156032    -0.000163069
    -0.000511192    -0.000538567
     -0.00055043    -0.000588586
      -0.0114264      -0.0111389
    -0.000234453    -0.000261752
     -5.4152e-05    -7.85635e-05
     -0.00148023     -0.00115818
    -0.000308378    -0.000234938
      -9.443e-06    -3.61985e-05
     -0.00314098     -0.00338558
     -8.4035e-05    -8.29015e-05
     -0.00520956     -0.00529345
    -0.000663707    -0.000510335
     -0.00647554     -0.00627006
     -9.6573e-05     -9.6386e-05
     -0.00506663     -0.00453056
    -0.000615528    -0.000464938
     -0.00189448     -0.00213436
     -2.5784e-05      2.4283e-05
    -0.000270926    -0.000201421
     -5.6053e-05    -9.10093e-05
     -0.00724095     -0.00632009
     -5.9372e-05      -9.478e-05
     -0.00709835      -0.0063986
      -6.562e-06    -4.24999e-05
    -0.000949512     -0.00123332
     -2.5537e-05    -1.44692e-05
    -0.000631389    -0.000624504
     -4.6349e-05    -7.81483e-05
     -0.00030143    -0.000285846
      -0.0001702    -0.000185106
    -0.000410441    -0.000396259
     -0.00639239     -0.00713936
    -0.000394662    -0.000252023
    -0.000454234    -0.000476644
     -0.00331509     -0.00326077
    -0.000428951    -0.000414125
     -0.00354949     -0.00391328
    -0.000386832     -0.00045806
     -0.00016313    -0.000229503
     -0.00110686     -0.00128237
     -0.00145232     -0.00140033
      -0.0052346      -0.0056222
     -1.6281e-05    -3.31771e-05
    -0.000965748     -0.00106445
    -0.000178117    -0.000202437
    -0.000232147    -0.000269965
    -0.000285508    -0.000360219
     -4.3728e-05    -6.26563e-05
    -0.000264581    -0.000188062
     -4.0974e-05     1.58403e-05
     -0.00992864     -0.00928891
     -0.00239219     -0.00225595
     -3.4513e-05    -7.52692e-05
     -0.00526871     -0.00459551
     -0.00260568     -0.00204986
     -0.00145399      -0.0018107
    -0.000929675    -0.000846747
    -0.000159634    -0.000202061
      -6.772e-06    -4.82421e-05
    -0.000490593    -0.000499235
    -0.000863459    -0.000867536
    -0.000453578    -0.000317517
    -0.000508463    -0.000546851
     -0.00533832     -0.00608242
    -0.000571626    -0.000620514
     -0.00192688     -0.00170837
    -0.000946641    -0.000896709
    -0.000152932    -0.000207624
    -0.000703651    -0.000831731
      -0.0141064      -0.0119492
    -0.000423305    -0.000315437
     -5.0995e-05    -5.55436e-05
    -0.000115214    -0.000127324
    -0.000125245    -0.000145627
     -0.00109357    -0.000932721
     -6.5296e-05    -6.82228e-05
     -0.00358669     -0.00418137
    -0.000178508    -0.000208816
     -0.00203649     -0.00186616
     -7.6131e-05     -4.9182e-05
     -0.00113152     -0.00111672
      -3.205e-05     2.18289e-05
     -0.00121805      -0.0013181
    -0.000606272    -0.000490219
     -5.9383e-05    -9.53053e-05
     -7.5523e-05    -8.73896e-06
     -0.00683537      -0.0065472
     -8.2621e-05    -3.67444e-05
    -0.000227351    -0.000243895
     -0.00168914     -0.00155521
      -8.425e-06    -3.69695e-05
     -5.7319e-05    -7.20584e-05
     -1.7903e-05    -4.19011e-05
    -0.000915527     -0.00117228
    -0.000465279    -0.000453495
     -3.4964e-05    -4.46616e-05
    -0.000115457    -3.74476e-05
     -6.0866e-05    -1.33579e-05
    -0.000102767    -7.50572e-05
     -0.00383861     -0.00427747
      -0.0013636     -0.00155287
     -0.00122836     -0.00122415
     -0.00390135     -0.00349355
     -7.4577e-05    -9.60391e-05
     -3.2721e-05    -5.30276e-05
     -0.00146046     -0.00140031
      -1.886e-05    -4.57554e-05
       -0.012845      -0.0133297
     -0.00454167     -0.00432438
    -0.000351258    -0.000407418
    -0.000415292    -0.000488678
     -0.00124455     -0.00114718
     -1.7215e-05     3.23493e-05
     -0.00153699     -0.00137506
    -0.000143562    -0.000209465
    -0.000190577    -0.000252051
     -6.0661e-05    -0.000100995
     -5.7044e-05     6.82141e-06
     -0.00250383      -0.0024744
    -0.000240766      -0.0002698
    -0.000342329    -0.000350098
    -0.000303387    -0.000307584
     -7.2254e-05    -3.86462e-05
    -0.000275392    -0.000171547
     -6.8026e-05    -1.59201e-05
     -9.7765e-05    -0.000136058
     -0.00798019     -0.00689293
     -0.00100812    -0.000998086
     -4.4416e-05    -7.35764e-05
     -0.00231436     -0.00229335
     -0.00189544     -0.00183809
    -0.000239856    -0.000277862
     -0.00371391     -0.00445726
      -5.059e-05    -7.48938e-05
    -0.000150552    -0.000187664
    -0.000741118    -0.000575087
    -0.000430955    -0.000453384
     -0.00207072     -0.00229241
     -0.00343562     -0.00309271
    -0.000416278    -0.000468757
      -0.0034493     -0.00350348
     -0.00057167    -0.000616882
     -0.00131327      -0.0011925
     -0.00037643    -0.000432415
    -0.000101618    -5.74098e-05
     -8.6559e-05    -8.86022e-05
     -0.00255159      -0.0028056
     -0.00277857     -0.00253698
    -0.000647497    -0.000427923
      -3.776e-05     7.57544e-06
    -0.000977639     -0.00117456
     -5.9228e-05     -4.1154e-05
    -0.000283888    -0.000281996
    -0.000773165    -0.000724556
     -0.00205709      -0.0020174
     -0.00132933     -0.00130489
     -5.5305e-05    -8.29466e-05
    -0.000269411    -0.000253436
     -0.00392639     -0.00417364
     -2.0149e-05        -3.4e-05
     -0.00211606     -0.00192804
      -0.0019186      -0.0022638
    -0.000141903    -0.000137621
     -4.2585e-05    -4.06085e-05
     -0.00109428     -0.00136795
    -0.000708484    -0.000733227
      -5.877e-05    -5.44607e-05
    -0.000107615    -4.98571e-05
      -0.0035875     -0.00339522
    -0.000880261    -0.000832478
    -0.000248179    -0.000265181
    -0.000224785    -0.000206564
     -0.00231054     -0.00263696
    -0.000139527    -7.29542e-05
     -7.2855e-05    -0.000104809
    -0.000310594    -0.000317926
    -0.000262842     -0.00028137
     -2.2658e-05    -1.44077e-05
     -0.00699481      -0.0061519
     -0.00145342     -0.00174446
    -0.000478023    -0.000539211
    -0.000279908    -0.000341678
      -0.0106081      -0.0111132
     -0.00204328     -0.00208103
    -0.000253637     -0.00018556
     -0.00275554     -0.00254354
     -0.00360402     -0.00356675
    -0.000691043    -0.000767735
     -3.7923e-05    -3.51458e-05
      -0.0034985      -0.0029528
     -0.00164183     -0.00189134
     -0.00029518    -0.000336407
    -0.000893179    -0.000918029
    -0.000261983    -0.000339721
    -0.000254215    -0.000199814
    -0.000580545     -0.00066811
    -0.000564169    -0.000480929
    -0.000498412    -0.000581938
     -4.9221e-05    -4.83564e-06
    -0.000277412    -0.000150971
    -0.000421008    -0.000289926
     -0.00370503     -0.00392046
     -8.0946e-05    -7.55215e-05
     -0.00270402     -0.00281877
      -0.0074202     -0.00720271
