QM Energy	FF Energy
      0.00151929      0.00155172
     -0.00401475     -0.00370412
     -0.00753583     -0.00549165
    -0.000565765    -0.000372439
     -0.00190101     -0.00250875
    -0.000181704    -0.000151593
    -0.000688946    -0.000634996
      0.00269267      0.00250413
     -0.00618207     -0.00645792
     -0.00159646     -0.00154152
     -0.00583354     -0.00590489
      0.00024461      0.00020181
      0.00204776      0.00221577
    -0.000663719    -0.000631355
    -0.000351184    -0.000339428
      8.2316e-05     0.000110848
     -1.1844e-05    -4.10901e-05
     0.000403248      0.00032458
     -0.00019647    -0.000175385
    -0.000931514    -0.000791864
     -8.1411e-05    -4.50598e-05
      0.00200757      0.00239894
      -0.0082824     -0.00771367
    -0.000170299    -9.91741e-05
     0.000314585     0.000311221
      -0.0133597      -0.0116082
     -0.00304048     -0.00377503
      -0.0108004     -0.00926731
      -0.0218058      -0.0230223
    -0.000476485     -0.00053686
    -0.000158487     -0.00014704
     -0.00036587    -0.000443506
      -0.0152612      -0.0177299
     0.000307459    -0.000148223
      0.00244093      0.00245995
    -0.000964201    -0.000863621
     -0.00199187     -0.00220178
     -0.00187764     -0.00201873
     0.000844673      0.00101038
    -0.000384404    -0.000328983
    -0.000741152     -0.00066229
      0.00284229      0.00275111
     -0.00543877     -0.00571609
    -0.000573844    -0.000586964
     -0.00140521     -0.00132176
     -0.00150694      -0.0015605
      -0.0043974     -0.00501725
    -0.000226923    -0.000225153
     -0.00226261      -0.0021554
    -0.000162359    -0.000154929
     0.000471248     0.000487479
     -0.00193313     -0.00173681
    -0.000962074     -0.00104085
    -0.000100683    -0.000164579
     -0.00133329     -0.00149044
    -0.000109062     -3.5902e-05
    -0.000123762    -0.000227845
     -0.00341373     -0.00314874
    -0.000317246    -0.000672921
    -0.000228453     -0.00019699
      -0.0224171      -0.0228423
     -0.00279618      -0.0028092
      -0.0015069     -0.00160668
     -0.00126698      -0.0012969
     -0.00215677     -0.00230851
    -0.000370892    -0.000349519
     -0.00239441     -0.00253157
      0.00212218      0.00199229
     -0.00162606     -0.00176596
    -0.000847398    -7.27513e-05
     -0.00176266     -0.00149103
      -0.0143915      -0.0140846
     -0.00625708     -0.00617435
    -0.000319886    -0.000418237
      -0.0013763     -0.00144202
     -0.00678664     -0.00661832
    -0.000143102    -0.000145347
     -0.00408556     -0.00388587
     -0.00619491     -0.00670081
     -0.00768157     -0.00784147
    -0.000970862     -0.00106877
     -0.00775563     -0.00825356
      -0.0010214     -0.00103659
      0.00205776      0.00230683
     -0.00393843     -0.00392134
     -0.00370575     -0.00299315
    -0.000851376    -0.000901337
     -0.00205062     -0.00199762
     -0.00528523     -0.00420944
     -6.1987e-05    -0.000126425
    -0.000157576    -0.000133535
       -0.002779     -0.00265838
      -0.0026748     -0.00382359
      -0.0011017    -0.000852786
    -0.000583816    -0.000594589
    -0.000413796    -0.000346329
     -0.00316378     -0.00298005
    -0.000565829    -0.000474993
    -0.000308996    -0.000310018
    -0.000751235    -0.000601792
      1.3338e-05    -0.000280844
    -0.000268497    -0.000314908
      0.00105452      0.00102223
    -0.000473864    -0.000468152
    -0.000216946    -0.000223289
     -0.00212066     -0.00199995
     -0.00125171      -0.0011839
      -0.0153487      -0.0147777
      -0.0170683      -0.0148335
     -0.00123181     -0.00128256
    -0.000389043    -0.000453382
      -0.0023122     -0.00219585
    -0.000756441    -0.000735103
     -0.00177561     -0.00175417
     -0.00167976     -0.00153969
     -0.00755609     -0.00785717
    -0.000831663    -0.000877717
     -0.00138956     -0.00121271
     0.000303247     0.000322029
    -0.000411216    -0.000422425
     -0.00251507     -0.00267629
      0.00132352      0.00159887
    -0.000717694    -0.000662258
     -0.00625333     -0.00647222
     -0.00968393      -0.0092288
    -0.000320041    -0.000208639
      0.00232488      0.00243443
     -0.00433541     -0.00474483
     -0.00531135     -0.00577749
      7.2086e-05     0.000172506
     -0.00359549     -0.00383437
     -0.00527204     -0.00493763
     -0.00694865     -0.00677128
    -0.000216381    -0.000148967
     -0.00150077     -0.00177548
     -0.00110128     -0.00113703
    -0.000267432     -0.00017915
     -0.00806768     -0.00753887
     -0.00255893     -0.00256804
    -0.000420128    -0.000489555
     -0.00285532     -0.00291193
    -0.000716224    -0.000736908
    -0.000428531    -0.000416307
    -0.000407253    -0.000308606
     -0.00166466     -0.00176164
     -0.00412163     -0.00374466
     0.000122909     9.36098e-05
      0.00287887      0.00285562
     -1.9751e-05     0.000101483
    -0.000277169    -0.000331123
     -0.00275082     -0.00285097
     -0.00303413      -0.0027083
      -0.0010523     -0.00110471
     -0.00379625     -0.00360015
     -0.00286058     -0.00267047
     0.000336152     0.000280956
     -0.00319117     -0.00335798
     -2.2284e-05     -1.8567e-05
    -0.000872182    -0.000834595
    -0.000497634       -0.000357
      -0.0018039     -0.00165744
     -0.00198795     -0.00204386
     -0.00130343     -0.00123416
       -0.002694     -0.00262363
     -0.00312978     -0.00321183
     -0.00699903     -0.00736955
    -0.000322645    -0.000363093
      -0.0141112       -0.012982
     -0.00165966     -0.00178015
     0.000471146     0.000405268
     -0.00202444      -0.0014638
    -0.000574238    -0.000423001
     -0.00475625     -0.00415824
    -0.000283356    -0.000251474
      -0.0012043     -0.00129025
    -0.000294718    -0.000296698
      -0.0090981     -0.00938442
     -0.00236133     -0.00214424
     -0.00203864     -0.00186848
     -1.8595e-05    -1.07537e-05
     -0.00028804    -0.000233841
      -0.0107057       -0.010649
     -0.00220451     -0.00213934
    -0.000695312    -0.000691562
     -0.00730428     -0.00644703
    -0.000424735    -0.000471763
      -0.0023592     -0.00239216
     -0.00456633     -0.00463253
     -0.00037898    -0.000350894
     -0.00105142     -0.00105569
      1.1936e-05      1.9507e-05
     -0.00405762     -0.00406577
     0.000387575     0.000409503
     -0.00257603     -0.00273106
    -0.000282836    -0.000376908
      -0.0170608       -0.015624
       -0.006916     -0.00685934
     -0.00479632     -0.00396582
     0.000261663     0.000290365
        -2.5e-08     -5.0202e-06
      -0.0199644      -0.0210075
     -0.00246444     -0.00227915
     -0.00132359     -0.00104514
     -0.00157493     -0.00185051
     -4.7424e-05    -4.96694e-05
     -0.00598313     -0.00593738
    -0.000569534    -0.000582555
    -0.000513217    -0.000529307
      -0.0024912      -0.0025705
    -0.000285851    -0.000238899
      7.2739e-05     0.000145629
      8.6522e-05    -7.11649e-05
     0.000207456     0.000181241
    -0.000378354    -0.000333157
     -0.00371731     -0.00367262
      5.0826e-05    -4.89108e-05
     -7.9156e-05     3.04825e-06
     -0.00030674    -0.000255609
     -0.00102213    -0.000917071
     -0.00680269     -0.00685742
      3.4881e-05     0.000118327
      5.8506e-05     1.79004e-05
     -0.00125028     -0.00114277
      -0.0022414     -0.00200553
     -7.8975e-05     -5.3344e-05
    -0.000543959    -0.000426199
    -0.000427838     -0.00028675
    -0.000910448    -0.000729385
     -0.00065124    -0.000651547
    -0.000185881    -0.000178928
     -0.00183854     -0.00181473
     -0.00133363     -0.00123317
     -0.00382332      -0.0035349
      0.00351558      0.00316348
     -0.00220276     -0.00193978
     -5.4305e-05    -5.98111e-05
      -0.0106695      -0.0095485
     -0.00200027       -0.001912
    -0.000400139    -0.000358771
      -0.0105847      -0.0110659
     -0.00564526     -0.00531841
     -0.00157339     -0.00144162
     -0.00040969    -0.000491025
     -0.00370748     -0.00378446
     -0.00142492     -0.00144482
     -0.00058969    -0.000442648
    -0.000512967      -0.0004348
     -0.00169904     -0.00173258
      9.4417e-05     0.000114864
     -0.00395669     -0.00405138
      0.00248901      0.00252128
     -0.00794527     -0.00857406
     -0.00131526     -0.00109454
     -0.00731197     -0.00793436
     -0.00116401     -0.00113204
      -0.0154592      -0.0181428
     -0.00052661     -0.00050508
    -0.000498971    -0.000422446
     -0.00687893     -0.00669364
     0.000331264     0.000333642
      -0.0012134     -0.00115094
    -0.000362289    -0.000333113
     -0.00234503     -0.00228875
      -0.0011509     -0.00133268
     -0.00577337     -0.00505568
     -0.00531776     -0.00524354
     -0.00293003     -0.00280026
     -1.8501e-05     6.46113e-05
     -0.00506001     -0.00487272
      0.00223645      0.00229686
     -6.2277e-05    -0.000121636
     -0.00306652     -0.00344718
     -0.00905148     -0.00847636
     0.000259517     0.000237148
     -0.00613614     -0.00562231
     -0.00221053     -0.00228281
     0.000443076     0.000578625
      -0.0091469     -0.00870074
     -0.00233247     -0.00256088
     -0.00473875     -0.00458873
     -0.00270833     -0.00267011
     -0.00789755     -0.00720707
     0.000118581     0.000107774
     -0.00464917     -0.00508329
     0.000708386     0.000742974
    -0.000307527    -0.000278582
    -0.000957836    -0.000951761
     -0.00496024     -0.00427404
      7.2726e-05     0.000108959
      -0.0030338     -0.00311645
     -0.00429058     -0.00400035
    -0.000604731     -0.00056134
     0.000281888     0.000328202
     -0.00389547     -0.00436492
    -0.000498759    -0.000447063
     -0.00373997     -0.00380746
    -0.000132452      -0.0001523
      9.7174e-05     0.000125549
     -6.3005e-05     -3.5108e-05
    -0.000359048    -0.000238244
    -0.000961437    -0.000758427
     -0.00147457      -0.0014718
      -0.0229789      -0.0217185
    -0.000197156    -0.000221364
     -0.00328853     -0.00378396
     0.000699739     0.000401044
     -0.00843594     -0.00865394
     -0.00156181     -0.00187242
    -0.000379053    -0.000343323
    -0.000736992    -0.000663611
    -0.000434823    -0.000401046
     -0.00321843     -0.00314165
     -0.00048569    -0.000369117
    -0.000579388    -0.000508745
     -0.00155354     -0.00153908
     -0.00205599      -0.0023732
     -0.00148987     -0.00148903
    -0.000132692    -0.000104464
     -0.00265251     -0.00225017
    -0.000825734    -0.000741787
     -0.00103446     -0.00123135
     -0.00217747     -0.00239913
    -0.000376902    -0.000314603
     -0.00897235     -0.00861891
     -0.00618236     -0.00666402
     -0.00117487     -0.00126905
     -0.00105597    -0.000976748
     0.000332609     0.000528469
     -0.00352457     -0.00366309
     -0.00325655     -0.00313666
    -0.000688517    -0.000574689
     -0.00109145     -0.00110616
     -0.00229234     -0.00280486
     -0.00222722     -0.00230115
      -0.0086017     -0.00771309
     -0.00258879     -0.00224715
     -0.00258167     -0.00286985
     0.000604977     0.000515573
      0.00028901     0.000285524
      -0.0030244     -0.00305121
    -0.000227662    -0.000291492
     -0.00415802     -0.00509064
    -0.000683158    -0.000661946
      -0.0016665     -0.00176986
     -4.5388e-05    -1.41821e-05
     -4.2494e-05     1.05854e-05
     -0.00278488     -0.00245909
    -0.000286699    -0.000294608
      0.00070293     0.000716736
     -0.00083027    -0.000828399
     -0.00476634     -0.00489146
      -0.0021109     -0.00235261
     -0.00189803     -0.00212417
     -0.00798881     -0.00825416
     -0.00794923     -0.00780671
     -0.00789628     -0.00753355
      -0.0204415      -0.0197265
     0.000117319     7.21969e-05
     -0.00921897      -0.0088268
    -0.000316803    -0.000324694
     -0.00460471     -0.00397356
      -2.456e-05    -8.33275e-05
     -0.00272023     -0.00242685
       -0.030662       -0.030744
     -0.00484506     -0.00517657
      -0.0010539     -0.00104407
      2.8161e-05     7.16307e-05
     -0.00583153     -0.00597614
     -0.00437313      -0.0042618
      3.0348e-05     1.60492e-05
     -0.00104011     -0.00116025
     -0.00225325     -0.00210978
     -4.2595e-05    -2.79875e-05
     -0.00261609     -0.00271913
       4.412e-06     1.26389e-05
    -0.000771415    -0.000724453
     0.000138974     0.000150934
      -0.0107627     -0.00995128
    -0.000814837    -0.000662043
      0.00108858      0.00103752
     -0.00259072     -0.00246329
     -7.8758e-05    -4.42329e-05
    -0.000112198    -0.000127465
     -2.3575e-05    -1.64843e-05
     -0.00096749    -0.000957107
      -0.0112667      -0.0113527
    -0.000123917    -0.000111295
    -0.000979252     -0.00105829
     -0.00202618     -0.00231046
     -0.00359958     -0.00432127
     -0.00913116     -0.00935407
     -0.00963833     -0.00935636
     0.000606072     0.000366937
     0.000253022     0.000191416
      4.4754e-05     0.000111188
     -0.00284758     -0.00249623
      -0.0008156    -0.000838737
    -0.000169407    -0.000204553
     -0.00157752     -0.00140894
    -0.000323608    -0.000337207
     -0.00378742     -0.00371886
    -0.000593436    -0.000721224
     -0.00443461     -0.00419264
      6.6994e-05     6.76991e-05
     -0.00372941     -0.00346538
     -0.00321349     -0.00321548
      -0.0169654      -0.0168343
     -0.00813989     -0.00914156
     0.000635368     0.000532647
     -0.00013257    -0.000136155
     -0.00447389     -0.00369794
    -0.000617687    -0.000627029
      0.00167387      0.00156413
     -0.00020921    -0.000143558
     -0.00477141     -0.00470384
    -0.000732841    -0.000633918
     -0.00224423      -0.0022039
     -0.00285786     -0.00276776
     -0.00443897     -0.00421923
     0.000209371     0.000108509
      -0.0132008      -0.0132865
    -0.000287719    -0.000212675
     -0.00791904     -0.00832153
     -0.00552767     -0.00524989
    -0.000915135    -0.000647114
     -0.00358935     -0.00393292
     -0.00385397     -0.00396653
     -0.00038847    -0.000422186
    -0.000295679    -0.000326443
     -0.00934804     -0.00964523
    -0.000489217    -0.000527994
     -0.00877072     -0.00849324
      -0.0032637     -0.00304757
    -0.000452045    -0.000621883
    -0.000762616    -0.000671484
     -0.00593849     -0.00535303
    -0.000172193    -6.87816e-05
     -0.00321515     -0.00345633
     -0.00579882     -0.00588228
     -0.00176716      -0.0016134
      -0.0150778      -0.0150362
     -0.00169706     -0.00172612
       0.0019004      0.00180644
      -0.0110114        -0.01095
     -0.00332123     -0.00306827
     -6.4543e-05    -5.39714e-05
     -0.00656903     -0.00610977
    -0.000552749    -0.000528126
     -0.00675236     -0.00701242
      -0.0013052     -0.00121427
     -0.00415101     -0.00418498
      0.00186735      0.00169694
    -0.000318744    -0.000389164
    -0.000152042    -0.000118494
    -0.000977603    -0.000827983
     -0.00179554     -0.00177118
     -0.00733014     -0.00645457
     0.000532105      0.00063947
      0.00169377      0.00175936
     -0.00963429     -0.00826774
    -0.000784015    -0.000268015
     -0.00117463     -0.00114127
     -0.00292702      -0.0031119
     -0.00103632     -0.00104275
     -0.00196444     -0.00175423
     -0.00123356     -0.00121838
    -0.000302352    -0.000347095
    -0.000841631    -0.000761993
      0.00372536       0.0037474
      -0.0157543      -0.0154982
     0.000360835     0.000392727
     0.000223621     0.000476421
      -0.0107197      -0.0100874
     -0.00227946     -0.00220952
     0.000614596     0.000672764
      0.00345206      0.00349641
     -0.00141276     -0.00129394
    -0.000640306    -0.000678403
      -0.0101035      -0.0111694
      0.00246178      0.00250651
    -0.000263004    -0.000269874
      8.2255e-05     8.86575e-05
    -0.000756024    -0.000734204
    -0.000602805    -0.000719662
     -0.00476315     -0.00457563
     0.000530235     0.000549584
    -0.000374125    -0.000567506
     -0.00783334     -0.00727927
     -0.00140381     -0.00154797
    -0.000340275    -0.000368972
     -0.00671242     -0.00689466
     -0.00625642     -0.00601578
     -0.00707723     -0.00728976
      0.00113014      0.00113817
      0.00226146      0.00217167
    -0.000342785    -0.000346019
     0.000533921     0.000486583
      0.00248278      0.00263705
      -0.0106335     -0.00957717
    -0.000248011    -0.000103336
    -0.000363276    -0.000345987
     -0.00105164     -0.00116132
    -0.000590616    -0.000570625
     -0.00305507     -0.00302903
     0.000216271     0.000222775
    -0.000160376    -0.000167532
    -0.000850983    -0.000895667
      0.00140316      0.00200079
     -0.00498101     -0.00537725
     -0.00225509     -0.00257634
     -0.00102722     -0.00104351
     -0.00188567     -0.00178852
    -0.000181139    -0.000159729
     -0.00315668     -0.00347589
     -0.00385453     -0.00428295
     -0.00453966     -0.00455616
     -0.00293294     -0.00322909
     -0.00432888     -0.00521034
      0.00166212      0.00192288
     -0.00241882     -0.00229588
     -0.00317564     -0.00370325
      0.00336255      0.00337988
     -0.00147092     -0.00152579
     -0.00170785     -0.00162167
      0.00227135      0.00239106
      0.00119192      0.00119358
     -0.00111999     -0.00115647
      0.00100872      0.00105118
     -0.00023329     -0.00020618
     0.000194628     0.000114166
     0.000240886      0.00016287
     -0.00183428      -0.0017321
     -0.00508659      -0.0045887
    -0.000461138    -0.000441267
     -0.00452336     -0.00446796
    -0.000513168     -0.00049522
      -0.0052874      -0.0049227
     -0.00112106      -0.0012983
    -0.000175659    -0.000151227
        0.000374     0.000369599
     -0.00059345     -0.00051748
       -0.015849      -0.0158322
    -0.000452837    -0.000456739
     -0.00170818     -0.00182644
     -0.00028748    -0.000309028
     -0.00706935     -0.00674203
     -0.00120714     -0.00108668
    -0.000789633    -0.000693066
     -0.00190982      -0.0020171
     -0.00061238        -0.00107
    -0.000611373    -0.000646326
      0.00110206      0.00106791
    -0.000142306     -0.00014428
    -0.000727818    -0.000612788
      -0.0105852      -0.0109476
     -0.00183412     -0.00171682
     0.000149751     0.000333042
    -0.000594982    -0.000542772
    -0.000967085    -0.000945127
     -0.00195887     -0.00207429
     -0.00151228     -0.00154337
     -0.00184715     -0.00134599
     -0.00415043     -0.00380379
    -0.000622143    -0.000542252
    -0.000277689    -0.000322856
      0.00252577       0.0024614
      -0.0002463    -0.000146695
    -0.000393148    -0.000393636
      -0.0045008     -0.00366157
     -0.00033283    -0.000402179
    -0.000516903    -0.000677937
     -0.00229648      -0.0023377
     -0.00850927     -0.00943902
      -0.0036603     -0.00334506
     0.000435674       0.0003914
     0.000551931     0.000521707
     -0.00282907     -0.00276292
     0.000299019     0.000217804
     -0.00328573      -0.0028941
     -0.00124836     -0.00142526
     -0.00477151     -0.00439254
       -0.013376      -0.0126454
     -0.00536737     -0.00558418
      0.00155875      0.00146537
     0.000237108      0.00022527
     -0.00192239     -0.00214057
      -0.0148326       -0.015187
     0.000817939     0.000870654
    -0.000408863    -0.000372378
      0.00184767      0.00235175
     -0.00205396     -0.00197294
     0.000299234     0.000303635
     -0.00148883     -0.00153295
    -0.000199821    -0.000252615
     -0.00198453     -0.00199249
      0.00323061      0.00325902
     -0.00158601     -0.00194768
     -0.00234577     -0.00235917
     0.000138949    -2.23204e-06
      -0.0015844     -0.00163081
     -0.00504883     -0.00449343
    -0.000809657    -0.000737674
     -3.9138e-05    -3.94672e-05
     -0.00379148      -0.0037723
      0.00142354      0.00143845
     -0.00739333     -0.00734964
     -0.00329913     -0.00372397
     -0.00664433     -0.00712644
     -0.00047813    -0.000429186
     0.000625989      0.00053221
      0.00282022      0.00270709
    -0.000303607    -0.000212733
    -0.000431591    -0.000472736
     -0.00115573    -0.000918222
      -0.0136211      -0.0113316
     -0.00194657     -0.00187492
     0.000195502     0.000112098
     -0.00215303     -0.00203559
     0.000467582     0.000414736
    -0.000193938    -0.000154421
      -0.0017745     -0.00158949
     -0.00050551    -0.000480049
      0.00298448      0.00314248
      -0.0011895     -0.00120683
     -0.00137044     -0.00131787
      -0.0018127     -0.00168399
     0.000295139     0.000264197
    -0.000226057    -0.000311678
      -0.0142926      -0.0140058
      0.00091994     0.000966211
     -0.00155748     -0.00137482
    -0.000668968    -0.000507507
     -0.00108662     -0.00129188
      -0.0122901      -0.0132268
     -0.00288343     -0.00304742
      -0.0051165       -0.004711
    -0.000105888    -1.68285e-06
      0.00213353      0.00208992
     -0.00724699     -0.00659514
    -0.000504114    -0.000425769
     -0.00999432      -0.0100011
      0.00141127      0.00146095
    -0.000199007    -0.000191034
    -0.000376556    -0.000380827
     -0.00143684     -0.00126274
    -0.000739919    -0.000786705
      -0.0200025      -0.0227073
     -0.00380401      -0.0037136
    -0.000173947    -0.000245795
     -0.00041117    -0.000406238
      -0.0126649      -0.0124198
    -0.000650277    -0.000694659
    -0.000173112    -0.000129185
     -0.00108267     -0.00098644
     0.000261638     0.000312381
     -0.00441325     -0.00368544
      -0.0033932     -0.00341549
     -0.00784084     -0.00814349
     -0.00802469     -0.00846452
     -0.00035916    -0.000339976
     -0.00286573     -0.00266767
     -0.00146777     -0.00163312
    -0.000439661    -0.000466259
     -0.00216543     -0.00236905
     -0.00122418       -0.001195
       0.0020228      0.00184393
     -0.00311726     -0.00276575
      -2.736e-05     3.28052e-05
    -0.000804634    -0.000836756
     -0.00412616     -0.00403397
     -0.00172624     -0.00163342
     -0.00469796     -0.00460864
      0.00105102      0.00108024
     -0.00533162     -0.00610501
     -0.00694576     -0.00741725
     -0.00012484    -0.000167745
     -0.00130775     -0.00127796
      -0.0029928     -0.00241273
      0.00010066     0.000116213
     -0.00959234      -0.0110813
     0.000222464     7.09042e-05
    -0.000105177    -8.71617e-05
    -0.000180842    -0.000212935
     -0.00363029     -0.00334876
      -0.0113339      -0.0120601
     0.000128254     0.000164458
     0.000204273     0.000271509
     -0.00032813    -0.000345381
     -0.00123402     -0.00118988
    -0.000741878    -0.000773442
     -0.00703629     -0.00706793
     0.000161989     0.000160934
     -0.00136055     -0.00141016
    -0.000356552    -0.000295753
     -0.00493475     -0.00553167
     -0.00191828      -0.0019105
     -0.00060345    -0.000596774
     0.000121829     0.000259262
     -0.00640334      -0.0064629
     0.000792774     0.000803893
      -0.0101892      -0.0105306
     -8.3372e-05    -0.000110739
     -0.00881635     -0.00803709
     -0.00248695     -0.00237191
     -0.00102206    -0.000852223
    -0.000275145    -0.000243271
      -0.0111161      -0.0121106
     -0.00273965      -0.0022509
     -0.00360708     -0.00369006
     -0.00112225     -0.00113028
     -0.00111049     -0.00101861
    -0.000727826    -0.000749482
      0.00375832      0.00372576
     -0.00538939     -0.00555672
     -0.00630227     -0.00563509
    -0.000117997      -0.0001176
     0.000345376     0.000297396
      -0.0034975     -0.00449448
     -0.00012366    -0.000161751
    -0.000452605    -0.000469127
      0.00261468      0.00254559
    -0.000458545    -0.000551401
     -0.00114486     -0.00118104
     -0.00091399    -0.000966268
      0.00260653      0.00255149
    -0.000246967    -0.000269865
     -0.00109854     -0.00111833
    -0.000323839    -0.000263533
    -0.000193693    -0.000279756
     -0.00451245     -0.00397139
    -0.000968946    -0.000938722
    -0.000302243    -0.000307957
     -9.9203e-05    -0.000101056
      -0.0249159      -0.0237452
     -0.00231354      -0.0020183
    -0.000458048    -0.000469763
     -0.00435657     -0.00413048
      0.00262829      0.00245791
     -0.00437428     -0.00404437
     -0.00041104    -0.000487721
     -0.00955042      -0.0103738
     -5.3428e-05    -0.000205546
    -0.000322905     -0.00029693
      0.00111927      0.00107051
    -0.000888554    -0.000739764
     0.000384009      0.00041309
     -0.00785581     -0.00907967
     -0.00164928     -0.00142099
     -0.00164407     -0.00108243
      -0.0245528      -0.0282207
    -0.000548059    -0.000555563
    -0.000268768    -0.000582855
     -0.00380242     -0.00321372
     -0.00052392      -0.0005586
    -0.000345854    -0.000272568
    -0.000636846    -0.000592833
     -0.00156899     -0.00167919
      4.8008e-05     6.60267e-05
     -0.00775692      -0.0067775
    -0.000833589    -0.000616642
       7.817e-06     2.29996e-05
     -0.00114646     -0.00117506
    -0.000897841    -0.000997784
     0.000569829     0.000645882
     -0.00498122     -0.00458617
     -0.00136805     -0.00142741
     -0.00357899     -0.00420958
      -0.0036231     -0.00438405
    -0.000869719    -0.000840552
     -0.00309987     -0.00309054
     -0.00114325     -0.00102331
     -0.00645556     -0.00681008
     -0.00596965     -0.00591795
     -0.00470843     -0.00376477
     -2.2591e-05      3.4063e-06
    -0.000805886    -0.000736985
     0.000729179     0.000924742
      -0.0107041      -0.0117115
       8.521e-06    -5.27908e-05
    -0.000453846    -0.000446533
    -0.000717687    -0.000618888
     -0.00492434     -0.00486618
      0.00117314     0.000785188
     -0.00020152    -0.000198899
     0.000428201     0.000727412
    -0.000135523    -7.69622e-05
     -0.00859456      -0.0092518
     -0.00037431     -0.00034451
      0.00050094     9.03298e-05
     -0.00177264     -0.00185176
      0.00211947      0.00211244
      -0.0197383      -0.0195202
     -0.00348198     -0.00317649
    -0.000607193     -0.00056167
     -0.00307627     -0.00330853
      0.00024708     0.000270125
    -0.000856378      -0.0008657
     -0.00469811     -0.00410095
     0.000286448     0.000424059
     -0.00668354     -0.00717913
     -0.00062374      -0.0007294
    -0.000264142    -0.000309577
    -0.000437755    -0.000391934
    -0.000244181    -0.000479809
      -0.0112152      -0.0120608
    -0.000287544    -0.000182529
      -0.0015488     -0.00157935
    -0.000757284    -0.000788404
    -0.000273174     -0.00028635
     -0.00507714     -0.00486831
    -0.000304615    -0.000250493
    -0.000583245     -0.00067294
    -0.000157878    -0.000135898
     0.000545947      0.00058609
     -0.00926569     -0.00911451
    -0.000863205    -0.000878833
    -0.000787747    -0.000866144
     -0.00227354     -0.00182858
    -0.000172935    -0.000130221
     -0.00156912     -0.00148148
      -0.0129681      -0.0130815
     -0.00303507     -0.00296472
      0.00026338     0.000289094
     -0.00072444    -0.000844828
     -0.00018993    -0.000226653
     -0.00596968     -0.00640612
     0.000471518     0.000464286
     -0.00120155     -0.00156976
    -0.000675672    -0.000599108
      -0.0138647       -0.014692
    -0.000594966     -0.00068923
     -0.00309243     -0.00280352
     -0.00696941       -0.007132
    -0.000988014    -0.000965143
    -0.000353539    -0.000290044
    -0.000450958    -0.000480075
    -0.000424156    -0.000420389
     -0.00293712     -0.00289321
     -0.00482541     -0.00452487
     -0.00031066    -0.000275635
     -0.00552625     -0.00477996
     -3.8036e-05     1.83935e-05
     -0.00137863     -0.00138817
      -0.0210855      -0.0204151
     -0.00465834     -0.00454854
     -0.00277124      -0.0026431
    -0.000155989      -0.0001638
     -0.00845131     -0.00870026
      -0.0113651      -0.0116044
      -0.0035034     -0.00319631
    -0.000233492    -0.000236132
     -0.00212713     -0.00219627
      0.00101098      0.00103504
     0.000232118     0.000219438
    -0.000332002    -0.000183253
     -0.00234331     -0.00222183
    -0.000235008    -0.000244174
    -0.000347404    -0.000119202
     -0.00536508     -0.00575293
      -0.0036237     -0.00372143
      -0.0103213       -0.010534
     0.000349051     0.000315736
     -0.00408596     -0.00415728
      7.9262e-05     1.57109e-05
     -0.00606354     -0.00600541
     -0.00765758     -0.00687783
     -0.00132947     -0.00155072
     0.000539657     0.000522969
     -0.00364176     -0.00346239
     -0.00329664     -0.00319002
    -0.000260267    -0.000371544
      -0.0109317      -0.0113904
     -0.00141801     -0.00156964
     -0.00328006     -0.00365321
     -0.00207264     -0.00191603
     -0.00474058     -0.00516514
     -0.00192713     -0.00203282
     -0.00385208     -0.00316234
     -0.00179908     -0.00170085
    -0.000145185    -0.000142807
    -0.000550723    -0.000584238
     -0.00573308      -0.0058228
    -0.000570813    -0.000550952
     -0.00398321     -0.00545003
      0.00303797      0.00298148
     -0.00447847     -0.00430871
     -0.00752492     -0.00806373
     -0.00219301     -0.00177136
    -0.000571005    -0.000379748
    -0.000935284    -0.000819157
     -9.3955e-05    -9.78512e-05
    -0.000182815    -0.000153673
     -0.00987731     -0.00960635
    -0.000366902      -0.0003304
     -0.00560534     -0.00494013
     -0.00283167     -0.00250928
    -0.000502546    -0.000447864
      5.4028e-05     0.000205286
      -0.0012049     -0.00124305
     -0.00136902     -0.00145006
      6.8111e-05     0.000140077
    -0.000262529    -0.000289415
    -0.000398838     -0.00047712
    -0.000851843    -0.000701714
     0.000230649     0.000242528
     -0.00125352     -0.00135407
     0.000545889     0.000498442
      -0.0089813     -0.00862272
     -0.00253671     -0.00240902
      0.00013383     0.000169834
     -0.00182124     -0.00216496
      -0.0240957      -0.0249705
     -0.00438781     -0.00453189
     -0.00460211     -0.00324382
      -0.0017685     -0.00179515
    -0.000972028    -0.000917687
     -0.00210469      -0.0023178
    -0.000513417    -0.000556045
     -0.00307789     -0.00289513
      -0.0017292     -0.00166763
     -0.00441908     -0.00405972
     -0.00175495     -0.00199552
     -0.00184071      -0.0017526
     -0.00108851     -0.00117215
    -0.000917415    -0.000841893
     -0.00118024    -0.000981232
     -0.00070527    -0.000230177
     -0.00945139     -0.00899225
     -0.00210391      -0.0020456
    -0.000201627    -0.000206688
    -0.000120991    -0.000194333
     0.000465412       0.0004099
     -0.00026676    -0.000357086
     -0.00206252     -0.00188852
    -0.000794733      -0.0007808
    -0.000577462    -0.000293532
     -9.6049e-05    -9.78483e-05
    -0.000614436    -0.000536027
    -0.000294322    -0.000231928
     -0.00294791      -0.0027189
     -0.00522336     -0.00522991
      8.9456e-05     9.84058e-05
    -0.000619399    -0.000501902
      -0.0010356    -0.000994422
     -0.00630771     -0.00600409
      0.00015852     0.000256879
    -0.000208021    -0.000149068
    -0.000924329     -0.00098421
    -0.000671015     -0.00054311
    -0.000914502    -0.000961049
    -0.000957663     -0.00105108
     0.000665946     0.000875775
     -4.3982e-05    -5.08581e-05
     -0.00127048     -0.00113801
     -0.00874876     -0.00855705
     -0.00937783     -0.00932508
      -0.0101418      -0.0090539
      0.00129104      0.00160212
     -0.00611239     -0.00575776
