QM Energy	FF Energy
      0.00540219      0.00485797
      0.00650816      0.00730271
     0.000703558      0.00175699
      0.00600768      0.00664814
     -0.00136006     -0.00239816
      0.00385733    -0.000825948
     -0.00177148     -0.00180959
     -0.00122378     2.27809e-05
      0.00216997      0.00261286
      0.00132835      0.00155878
     -0.00122316     -0.00120374
     0.000271377     -0.00114298
      0.00935072       0.0110103
    -0.000231486    -0.000282388
     -6.1045e-05    -0.000112053
     -0.00236175     -0.00247501
     -0.00147403    -0.000728788
      0.00182818      0.00321828
    -0.000448769     -0.00050926
      0.00157679      0.00192642
     0.000409033     0.000498401
      0.00159992      0.00234207
      0.00499561      0.00572492
     -0.00110846     -0.00133996
      0.00174394      0.00153624
       0.0202793       0.0166232
      0.00834833      0.00825366
      0.00144313    -0.000791225
      0.00264737      0.00267312
     -0.00128102     -0.00147777
    -0.000392152    -0.000515883
      -0.0016837     -0.00119614
    -0.000986288      5.0196e-05
    -0.000323663    -0.000381945
    -0.000853943    -0.000567654
       0.0112147       0.0105362
      0.00311611       0.0026112
     -0.00139815     -0.00145875
      0.00467381      0.00307243
      -0.0019363     -0.00119134
    -0.000150842    -3.01332e-05
    -0.000957147    -0.000779153
    -0.000528834     0.000367544
    -0.000729916    -0.000536863
     -0.00146776     -0.00160816
     -0.00162226     -0.00158089
     -0.00100882     -0.00117369
      0.00156279       0.0011766
      0.00659052      0.00408909
       0.0200294       0.0210869
     -0.00164387     -0.00250244
       0.0028557      0.00474319
     -0.00184886     -0.00148564
    -0.000203098     -0.00080594
      0.00675926      0.00627723
      0.00159973     0.000653021
    -0.000410019      0.00102187
     -0.00129949     -0.00176865
     -0.00176011     -0.00143808
     -0.00107184      0.00042942
      0.00144365     0.000470181
      0.00032252     -0.00209788
     -0.00126259     -0.00191569
       0.0031528      0.00352462
      0.00259084      0.00297407
    -0.000893226     -0.00171508
     -7.6411e-05    -0.000138689
      0.00111424     0.000937948
     -0.00160951     -0.00185468
     -0.00145174     -0.00111507
    -0.000240161    -1.07372e-05
      0.00203096     0.000955001
     -0.00122376     -0.00114561
    -0.000769754    -0.000365972
    -0.000781488     -0.00230563
     -0.00211714     -0.00242833
    -0.000648604    -0.000333981
    -0.000754694     -0.00188609
     -0.00141176      -0.0025633
    -0.000674139    -0.000300893
     -0.00257375     -0.00288288
    -0.000761479       0.0013264
     -0.00100265     -0.00186355
      0.00501481       0.0052332
     -0.00100371     0.000340939
     0.000463899      0.00205527
       0.0184794       0.0205931
     -0.00144036     -0.00213514
     -0.00132204     -0.00171443
     0.000205666     0.000932584
     -0.00104684    -0.000880535
       0.0018718     -0.00132077
    -0.000966655      -0.0011324
     -0.00236671     -0.00305507
      0.00012655     0.000215279
      0.00354972      0.00286505
     -0.00102049     -0.00158345
    -0.000294489      0.00305661
    -0.000258468    -7.60326e-06
     -0.00112983    -0.000732951
      0.00132566      0.00156187
     -0.00014016     7.94106e-05
      0.00254633      0.00131208
    -0.000872622     0.000984245
     -0.00114606    -0.000132269
     0.000438794     0.000481814
     -0.00118222    -0.000507699
     0.000146889     0.000559613
    -0.000723624     0.000226795
     0.000225984    -5.15388e-05
       0.0165115       0.0160935
       0.0093077      0.00837636
       0.0119289      0.00861285
     -0.00090697     0.000113042
      0.00753245      0.00652384
    -0.000494105    -0.000554487
     -0.00070398     -0.00125463
     -0.00126918     -0.00169672
    -0.000301033     0.000402419
    -0.000353624     0.000108802
     0.000971618      0.00427444
     -0.00102636    -0.000797135
      0.00395002      0.00624167
       0.0130864        0.014312
      2.7598e-05     0.000458419
     0.000582737     0.000812026
    -0.000997435      -0.0017256
      0.00368595      0.00370897
     -0.00224669     -0.00224422
      0.00132462      0.00326347
     -4.0286e-05     0.000666394
     0.000160799     0.000624938
     0.000300257     -0.00210681
    -0.000685777    -0.000635978
       0.0176071       0.0125115
     -0.00021341     0.000332535
    -0.000938475     0.000331259
       0.0271554       0.0182271
     0.000860709      0.00108285
     -0.00115792     -0.00145658
      0.00372486      0.00582225
      0.00216184      0.00243466
    -0.000923392      -0.0014277
      0.00339151      0.00146627
    -0.000791568     -0.00117082
    -0.000690984    -0.000989101
      9.8312e-05     0.000666464
     -0.00303375     -0.00386517
      -0.0016224     -0.00187006
     -0.00132005     -0.00124184
     -0.00114622      -0.0013407
     -0.00188874     -0.00150421
     0.000316257     0.000745078
    -0.000970049     -0.00152708
     -0.00236677       -0.003426
       0.0022404      0.00332732
     0.000855034     0.000410697
     -0.00121382      -0.0014694
    -0.000551815    -0.000549808
       0.0090151      0.00639721
     -0.00117887     -0.00142503
     0.000177161     9.98759e-05
       0.0053002      0.00346133
        0.020708       0.0225377
      8.1896e-05     0.000321433
      0.00107533     0.000183213
      0.00618542      0.00482932
     -0.00175861     -0.00256044
      0.00244504      0.00124367
     -0.00117959     -0.00143969
    -0.000996492     -0.00138049
      0.00763236      0.00860418
        0.007997      0.00849196
     -0.00187445    -0.000857195
     -0.00242117     -0.00289603
     -2.0391e-05     0.000556959
      0.00755895      0.00691648
    -0.000487234     -0.00021439
    -0.000209774     0.000370586
      -0.0010438    -0.000839675
      0.00763788      0.00812113
      0.00158444      0.00250156
    -0.000728632    -0.000346151
     0.000537931    -0.000173492
       0.0021214      0.00187917
     -0.00344117     -0.00408133
    -0.000360166     0.000249966
     0.000289302     0.000561798
     -5.3287e-05     0.000442707
    -0.000320492    -0.000721613
    -0.000171311     -0.00169792
     -0.00198391     -0.00112586
       0.0211098       0.0195131
      0.00483661      0.00428463
     0.000631809     0.000645601
    -0.000378555    -0.000424468
    -0.000162712     7.14144e-05
     -0.00135201     -0.00170207
      0.00496264      0.00329259
    -0.000136706     5.09991e-05
    -0.000904532     -0.00112928
      0.00676609      0.00251289
    -0.000636714    -0.000275482
     -0.00144893     -0.00245485
       0.0139222       0.0152292
     0.000820834     0.000705897
    -0.000814571    -0.000878443
     -0.00167119     -0.00162918
    -0.000742353    -0.000439626
    -0.000375265     0.000176431
     -0.00183788     -0.00176767
     -0.00161645     -0.00270378
       0.0138438       0.0145553
     -0.00124964     -0.00119512
      0.00938039      0.00467438
     -0.00264183     -0.00327494
     -0.00183789     -0.00207038
      -0.0014299     -0.00148111
      -0.0009736      0.00021033
      0.00953991      0.00439158
    -0.000860507     0.000258902
     -0.00140303     -0.00184943
      0.00989462      0.00551696
     -0.00210134     -0.00124677
     0.000243233    -0.000130541
     0.000506203      0.00178768
    -0.000396697    -0.000172869
      0.00170173      0.00204125
     0.000350097     0.000695652
       0.0101349       0.0093147
     -0.00150628     -0.00144064
    -0.000135129      0.00174491
     -0.00138947     -0.00129584
      0.00430888      0.00477333
    -0.000823203    -0.000367068
    -0.000616257    -0.000576756
      0.00519144      0.00533661
     0.000304154     0.000331724
      0.00053766    -0.000286612
    -0.000644759    -0.000807033
    -0.000553779     0.000961858
     -0.00129092     -0.00230582
     -4.4008e-05     0.000370488
    -0.000861551     -0.00080466
     -0.00161788      -0.0017268
     -0.00196758     -0.00219255
      0.00566484      0.00336283
     -0.00119286    -0.000792567
     0.000805474     0.000621032
    -0.000912996    -0.000546213
       0.0180684       0.0149406
    -0.000136534      0.00174116
     0.000268719      0.00109242
    -0.000846098    -0.000640812
     0.000281485     0.000160199
     -0.00105727     -0.00125786
      0.00172437      0.00262974
     -0.00297497     -0.00260072
      0.00049649     0.000295981
      0.00416621      0.00421899
        0.001849     -6.0496e-05
    -0.000930606     -0.00141292
       0.0275291        0.025682
     -0.00110044    -0.000796151
      -8.505e-05     0.000133984
    -0.000858011    -0.000546046
      0.00915455      0.00917177
    -0.000888075     -0.00107195
      0.00636949      0.00586656
     -0.00182151     -0.00105466
     -0.00189903     -0.00206457
      0.00309398      0.00314674
     -0.00193539     -0.00151188
    -0.000722782     -0.00124775
      0.00379922      0.00516399
    -0.000866518    -0.000672337
    -0.000950786     -0.00126751
     -0.00346847     -0.00325802
     0.000262251    -8.61048e-05
      0.00977938       0.0104308
    -0.000478607    -0.000111837
    -0.000992889     -0.00177477
      0.00132098    -0.000278149
      0.00259065      0.00343186
    -0.000894453     -0.00101418
    -0.000306801     0.000316738
    -0.000893908     -0.00065649
    -0.000901399    -0.000685899
       0.0177131       0.0173901
     -0.00234531     -0.00312426
    -0.000308369     -0.00024901
     -0.00309925      -0.0033289
     -0.00128897     -0.00209959
     0.000354637     0.000350825
    -0.000894938     -0.00101801
     -0.00192781     -0.00241835
      0.00595784      0.00479198
     -0.00105354     -0.00157187
    -0.000557129     -0.00183322
     -0.00339062     -0.00309331
       0.0011744      0.00284763
     -0.00319763     -0.00345907
     -0.00167672     -0.00172204
    -0.000971132     -0.00139453
    -0.000233206     -0.00115836
     0.000211862      0.00114518
      0.00139311      0.00264873
    -0.000900048     -0.00199167
    -0.000216976    -0.000140803
     0.000597793     0.000788199
    -0.000397241    -0.000414822
    -0.000333257    -0.000222304
      -0.0010231    -0.000604858
      0.00445808     0.000967648
      0.00841244      0.00763244
      0.00114728      0.00238705
       0.0114483       0.0078017
    -0.000890136     -0.00179972
     -0.00127636    -0.000715166
    -0.000411729     -6.5142e-06
      -0.0012388     -0.00175754
      0.00100082      0.00168008
       0.0116753       0.0164863
    -0.000796324      -0.0012031
      -0.0022316     -0.00297062
       0.0062322      0.00592696
     -0.00131331    -0.000658465
     -0.00172277     -0.00214191
     -0.00116085    -0.000868757
     -0.00186931     -0.00219395
      0.00292494      0.00268508
     -8.3903e-05    -0.000521024
    -0.000366584     0.000536705
    -0.000926425     -0.00112552
      0.00179559      0.00244941
      0.00283952      0.00259634
    -0.000665021      0.00142138
     -0.00200516     -0.00291833
     -0.00019516    -4.29495e-05
      0.00251846    -0.000703259
      0.00504165      0.00797238
     0.000274859      0.00109482
    -0.000481129    -0.000168523
      0.00220883      0.00292291
     -0.00109312     -0.00159721
     -0.00130207     -0.00172826
     -0.00319374     -0.00244897
     -0.00118589      -0.0010626
    -0.000172517     -0.00200741
     -0.00038878     0.000403028
      0.00333047      0.00285353
       0.0128239       0.0110694
     0.000854532    -0.000218159
     0.000420791     0.000712475
      -0.0013091     -0.00202985
     0.000587568     7.03663e-05
      0.00529229      0.00421856
      0.00523842      0.00601315
      -0.0010449     -0.00135699
     -0.00231943     -0.00234507
     -0.00142394     -0.00157924
     -0.00107924     -0.00108987
     -0.00266332     -0.00348218
      0.00165877      0.00118508
     -0.00119799    -0.000451326
    -0.000703351    -4.94283e-05
     0.000349628      0.00089284
     -0.00277668     -0.00288719
    -0.000299701      0.00104235
     0.000225741       0.0006368
      0.00538436      0.00739832
     -0.00117471     -0.00184711
     0.000879454      0.00109848
    -0.000925882     -0.00150301
    -0.000277418     0.000356751
    -0.000885942    -0.000230865
    -0.000201462    -1.68664e-05
      -0.0014332     -0.00190648
    -0.000191199     0.000347199
       0.0143962       0.0149217
    -0.000192266    -0.000307981
      -0.0011257     -0.00143253
     -0.00133733    -0.000911937
      0.00194286      0.00261717
      -0.0008397     -0.00119854
    -0.000609195    -0.000544423
      0.00193661      0.00510722
     -0.00127834    -0.000764525
      0.00167317     0.000164897
     0.000391371      0.00108583
     0.000570842      0.00167913
     -0.00209514     -0.00196859
     -0.00414524     -0.00378608
      0.00137246      0.00113166
    -0.000522766    -0.000655595
    -0.000481563     -0.00146342
       0.0188784       0.0166431
     -0.00069988     0.000164904
     -0.00125445     -0.00139629
     -0.00144778     -0.00136124
     0.000289012      0.00122097
      0.00220656       0.0015475
     -0.00101369    -0.000865783
    -0.000802932    -0.000714035
       0.0138732       0.0128298
      0.00287606      0.00211994
      0.00145483      0.00160982
     -0.00179664     -0.00179525
     0.000241904     0.000447851
    -0.000225463     -0.00015944
     -0.00115296     -0.00204008
     -0.00169887      -0.0024411
     -0.00126234     -0.00132396
     -0.00187324     -0.00226883
     -0.00210362     -0.00213353
     -0.00048677     -0.00236295
      0.00156654     0.000579225
     -0.00200205     -0.00173754
     -0.00146423      -0.0021285
      0.00352149      0.00389646
    -0.000166493     0.000469187
      0.00321073      0.00353219
       0.0216817       0.0175989
     -0.00251528     -0.00278446
    -0.000683498    -2.81053e-05
    -0.000912684    -0.000436688
       0.0101315       0.0089366
      0.00791397      0.00572596
     -5.3954e-05     0.000372531
     -0.00139408     -0.00121866
     -0.00189356      -0.0017701
     -0.00130115    -0.000695569
    -0.000220883     0.000193992
     0.000817527      0.00034127
      0.00106276      0.00109682
     0.000164555      0.00117309
      0.00646229      0.00798473
     -0.00046206    -0.000235299
     0.000141865    -0.000126437
      0.00081007     -0.00189438
     -0.00228964       -0.002341
      1.6283e-05    -4.69108e-05
    -0.000707059     -0.00016728
       0.0039048      0.00562541
     -0.00152434     -0.00199522
     -0.00050269    -0.000337088
    -0.000907873     -0.00232655
     -0.00108529      -0.0014254
    -0.000575122     0.000557176
    -0.000332614    -0.000679875
       0.0188571       0.0131416
    -0.000650614    -3.19692e-05
     -0.00257676     -0.00326274
      -0.0028181      -0.0026124
    -0.000991578     -0.00159848
      -0.0012767     -0.00129983
     -0.00125901    -0.000792341
    -0.000542194      4.7318e-05
     -0.00181859     -0.00110251
      0.00210374      0.00261322
     0.000380934     0.000208944
    -0.000157737    -2.66241e-05
     -0.00298878     -0.00289086
     0.000937572      0.00154415
     -0.00163304     -0.00148941
    -0.000455214     -0.00027908
    -0.000293495     7.66395e-05
    -0.000828353    -0.000869979
     0.000243562     0.000358059
     -0.00110223     -0.00184738
     -0.00073167    -0.000725445
     -0.00051384    -0.000573964
     -0.00163741     -0.00161197
        0.011504       0.0102112
     -0.00110592     -0.00169482
    -0.000863256     0.000186158
     0.000850081      0.00106758
       0.0052635      0.00221186
     0.000385779      0.00133445
      0.00314041      0.00299006
     -0.00135107     -0.00109947
     -0.00156622     -0.00154196
      0.00182541      0.00380908
     -0.00273865     -0.00263597
      0.00446127      0.00225852
     -0.00157865     -0.00205018
     -0.00147665     -0.00214648
     -0.00043541     0.000306323
     0.000283971      0.00113507
     -0.00247975     -0.00251782
     -0.00205351     -0.00187485
     0.000876127      0.00163039
    -0.000148767      0.00169119
     0.000794647      0.00028782
    -0.000711753     0.000120354
    -0.000786212     -0.00138231
     0.000963258      0.00120587
     -0.00233526     -0.00151548
     0.000475688     0.000610952
      0.00136885     0.000418434
    -0.000204567     0.000282187
     -0.00290488     -0.00313427
    -0.000960604    -0.000983458
     -0.00103904     -0.00207691
    -0.000927149     -0.00142773
     0.000497695     -0.00082113
    -0.000643342      0.00024931
     -0.00299776     -0.00292584
      0.00106789     -0.00100974
    -0.000111294     0.000501361
     -0.00114707     -0.00111074
     -0.00171239     -0.00161272
     -0.00038394    -0.000625991
     -0.00203569     -0.00255543
      0.00169548      0.00175148
    -0.000640468      -0.0013403
    -0.000887052     -0.00057203
     -0.00227817     -0.00342845
       0.0118002       0.0121235
      0.00434207      0.00366735
    -0.000158706     0.000138222
    -0.000492427    -0.000154198
     -0.00144467     -0.00197675
     -0.00120238     -0.00148722
      0.00232953      0.00143036
        0.001085      0.00204265
       0.0115275       0.0114003
      0.00105365     0.000870662
      0.00840198      0.00518116
    -0.000394709     0.000132301
     -0.00144174     -0.00151464
    -0.000660147    -0.000373097
     -0.00188993      -0.0015379
     -0.00156183     -0.00193912
      0.00583003       0.0065604
      0.00378562      0.00433284
      0.00519226      0.00258292
      -0.0027376     -0.00377914
    -0.000903531     -0.00237293
     -0.00128514    -0.000482329
    -0.000669936    -0.000712699
     -0.00195463     -0.00217946
     -0.00111094    -0.000870929
     -0.00132481     -0.00138491
       0.0196535       0.0134065
      -0.0011372    -0.000975255
      -0.0028075      -0.0030268
     -0.00197288     -0.00205902
      0.00351905      0.00300905
    -0.000613829    -0.000547362
    -0.000855558     -0.00057142
       0.0071912      0.00530428
    -0.000769596     -0.00051149
    -0.000881907    -0.000380587
      0.00655973      0.00696342
      0.00331231      0.00306978
     -0.00299452     -0.00282244
    -0.000468917    -2.87044e-06
     -0.00264079     -0.00327745
     -0.00152967     -0.00208362
      -0.0008101     -0.00121228
      0.00134523     0.000310025
     -0.00223882     -0.00180282
      0.00057033     0.000404498
     0.000840463      0.00152559
     -0.00211817     -0.00152362
     -0.00176925     -0.00274491
       0.0074703      0.00508782
      -0.0010686     -0.00139847
     0.000428599        0.000536
    -0.000433684     -0.00067088
     -0.00100346     -0.00190185
      4.9785e-05    -0.000422771
     -0.00119258      -0.0012472
     -0.00121839     -0.00136072
     0.000171722     0.000253487
      0.00117005      0.00266427
       0.0200846       0.0197397
     0.000845328     0.000943439
    -0.000948064     -0.00160826
     0.000179816     0.000590236
      0.00268097       0.0015641
    -0.000115086    -1.19121e-05
       -0.001612     -0.00202608
      0.00279677      0.00131535
       0.0154065        0.017459
      0.00252651      0.00166822
    -0.000209111     0.000645376
     -0.00135631     -0.00185123
      3.8127e-05     0.000695973
    -0.000228093     0.000446347
      0.00768698      0.00933363
    -0.000969377     -0.00116107
     -0.00193771      -0.0013824
    -0.000664325    -0.000517554
      0.00337448    -0.000216804
     0.000774598      0.00064899
     -0.00227884     -0.00239188
      -0.0025309     -0.00337528
      0.00208015      0.00299476
     -0.00100415      0.00013787
    -0.000915087     -0.00107851
     -0.00130555     -0.00206173
    -0.000493977    -0.000736974
    -0.000813613    -0.000811733
      -0.0017294      -0.0017867
     0.000508601      0.00076502
       0.0065887      0.00701632
     -0.00303356     -0.00296583
     -0.00398696     -0.00364018
      7.6293e-05     0.000399648
     -0.00167348     -0.00204843
      -0.0029656     -0.00294737
     -0.00222428     -0.00231556
      0.00152578     -0.00150077
      0.00177632     -0.00124308
      0.00169004      0.00173046
     -0.00120965     -0.00200923
    -0.000238015     0.000549441
       0.0146866       0.0151343
    -0.000143685      0.00053914
    -0.000655574    -0.000974189
       0.0108552      0.00445161
     0.000624279     0.000727724
      0.00449823     0.000993342
    -0.000763435     -0.00112126
       0.0034295      0.00408417
     0.000223819      0.00106289
     -0.00282749     -0.00380083
    -0.000547004     -0.00208284
     -0.00118697     -0.00114432
     -0.00196373     -0.00192167
     -0.00189856     -0.00225019
     -0.00105765     -0.00182779
      0.00617968        0.005335
    -0.000227363     6.85369e-05
     0.000446503      0.00160579
     -0.00122617     -0.00138307
     -0.00043062    -0.000678703
      0.00532496      0.00643723
     -5.8441e-05    -0.000481706
       6.324e-05     0.000183549
       0.0110094      0.00754066
    -0.000765803     5.94748e-06
      0.00162011     -0.00121989
    -0.000869977    -0.000346311
      0.00635988      0.00832505
     -0.00140093     -0.00241588
      0.00191856      0.00375258
     0.000515325     0.000961804
      0.00930684      0.00539014
       0.0150726       0.0169371
     -0.00115912     -0.00163294
    -0.000198371     -0.00214904
      0.00213727       0.0013226
     -0.00225523     -0.00273586
      -0.0029544     -0.00295233
    -0.000574491     -0.00128219
      0.00190526      0.00188938
     0.000142841     0.000782608
     -0.00032893    -9.26036e-06
      0.00326468      0.00215253
     0.000749793     0.000771703
     -0.00115975     -0.00123239
    -0.000325627     0.000415337
    -0.000485982     -0.00028081
    -0.000988371     -0.00140277
      0.00111282      0.00130891
     0.000492451     0.000532207
     -0.00110214     -0.00119813
      0.00654697      0.00626564
     -0.00064335    -0.000689461
     -0.00207689     -0.00231561
      0.00593902      0.00634379
     0.000269426     0.000755048
      0.00111042     0.000400889
     0.000898105     0.000381963
      0.00667407      0.00609809
      0.00170486     0.000864927
     -0.00240774     -0.00240824
       0.0146575       0.0145215
      0.00541505      0.00361275
     -0.00189775     -0.00191242
      0.00164678      0.00163623
       0.0105148      0.00770796
      0.00765512      0.00819125
    -0.000435485     -0.00170373
      0.00133954      0.00160296
     -0.00146401     -0.00128564
     -0.00106909     -0.00164662
     -0.00129218     -0.00148396
    -0.000835124     -0.00120852
     -0.00153145     -0.00206775
      0.00298092      0.00354579
      0.00137523      0.00170562
      0.00047317     0.000864195
     -0.00055938    -0.000778951
    -0.000523225    -0.000736946
     0.000159543     0.000674588
     -0.00105236    -0.000932627
     -0.00156326      -0.0010585
    -0.000468309     7.00823e-05
     0.000428471      0.00127997
     0.000200938     0.000671013
     0.000189229     0.000647904
     -0.00153096    -0.000407875
      0.00336259       0.0048477
    -0.000303314      0.00146078
     -0.00225419      -0.0013696
      0.00922463      0.00750756
      0.00109049     0.000266485
      -0.0012221     -0.00149411
     -5.7264e-05     0.000222705
      0.00303688      0.00281561
      0.00039839     0.000735646
    -0.000385146     -0.00209614
      0.00283665      0.00328777
      0.00149008    -9.08937e-05
    -0.000337049    -0.000349775
     0.000302193      0.00059399
    -0.000485311    -0.000219988
      0.00291042      0.00125501
      0.00160711      0.00191935
     0.000443869     0.000297574
      0.00347502      0.00399013
    -0.000857999    -0.000171999
      0.00300442      0.00406928
    -0.000353355    -0.000763789
     0.000406952    -0.000672146
     -0.00152268     -0.00163786
     -0.00209845     -0.00199992
     0.000517471       0.0011667
     -0.00102837     -0.00179974
       0.0109808      0.00716939
      0.00193178      0.00169439
    -0.000548971    -0.000965334
     -0.00138528     -0.00215664
      0.00773238        0.006572
       0.0011688      0.00185335
      0.00102318     0.000885504
      0.00634375      0.00198591
    -0.000906281    -0.000537935
     -0.00126575     -0.00141769
     0.000409604     0.000582725
     -0.00162093     -0.00170912
      0.00429845      0.00377486
     -0.00128746     -0.00191231
      -0.0009268     -0.00169821
      0.00403138      0.00409563
     -0.00102275    -0.000246912
        0.017496       0.0103885
     -0.00170932     -0.00250416
     -0.00127981     -0.00186404
      0.00268019      0.00310642
     -0.00209838     -0.00195707
     0.000373572    -0.000764519
      0.00521482      0.00360335
      0.00667076      0.00634947
     -0.00156195     -0.00251344
      -0.0024128     -0.00323781
     -4.9577e-05     0.000121902
      0.00108704      0.00179375
    -0.000818443     -0.00126306
       0.0102869       0.0117676
      0.00552724      0.00934697
    -0.000930884    -0.000981077
     -0.00108076    -0.000321345
     -0.00105954    -0.000117459
     0.000460615    -0.000396542
     -0.00118167    -0.000598474
    -0.000778951     -0.00104452
      0.00191257      0.00208537
    -0.000372063    -0.000402738
       0.0190331       0.0164039
     -0.00139268    -0.000610124
     0.000800723      0.00112961
     0.000845293      0.00154879
    -0.000978141     -0.00158923
      0.00234648       0.0025287
       0.0109053       0.0102264
      0.00078653     0.000147761
     -0.00145063     -0.00182837
      0.00353142      0.00519891
     -0.00295276     -0.00273877
    -0.000621449     0.000489073
     0.000467381     0.000800862
      0.00108382      0.00163454
     -0.00141504     -0.00129169
     -0.00183179     -0.00193828
    -0.000221665     5.76473e-05
     -0.00178957     -0.00194203
    -0.000847232     -0.00104018
    -0.000304226     0.000234839
      0.00532483      0.00701225
     0.000438394      0.00102886
     0.000790588      0.00110392
    -0.000102641    -0.000181627
      0.00117502     0.000610538
      0.00992941       0.0118251
     -0.00108303     -0.00174317
    -0.000894558    -0.000400738
    -0.000319666     0.000629442
     -0.00045835    -0.000653155
     -0.00135436     -0.00248093
    -0.000429495     0.000130809
     -0.00162089     -0.00200684
      6.6274e-05    -0.000230019
    -0.000149765     -0.00213476
    -0.000898833    -0.000824027
    -0.000237007     1.82108e-05
     -0.00134162     -0.00207892
      0.00353702      0.00397281
    -0.000791378    -0.000974892
      4.1231e-05    -5.93637e-05
    -0.000701959     -0.00069338
     -0.00137368    -0.000333123
    -0.000473252    -0.000468512
     0.000718076       0.0013873
    -0.000403083     -0.00014034
     -0.00139565     -0.00128526
     -0.00014403     9.65681e-06
    -0.000215485    -0.000451442
       0.0170966      0.00940128
     -0.00104465     -0.00201663
    -0.000963849     -0.00158412
      0.00457202      0.00509367
       0.0212653       0.0189627
    -0.000426791     0.000840366
      -0.0011561     -0.00119763
     -0.00149697     -0.00226948
     0.000262013     0.000596424
    -0.000387548    -0.000776156
    -0.000919411    -0.000901183
    -0.000774504     -0.00209574
     -0.00121288     -0.00178409
    -0.000498374      0.00227725
     -0.00135109     -0.00176511
      0.00848663       0.0102318
     -0.00137012     -0.00201066
     -0.00369971     -0.00351587
    -0.000357832     0.000217825
      0.00384348       0.0063023
    -0.000969315     -0.00138556
    -0.000865135    -0.000997546
      0.00540407      0.00619146
     -0.00024124     0.000272695
     -0.00217769     -0.00207932
      0.00204328      0.00224114
       0.0110944       0.0111311
       0.0034992      0.00490862
      0.00057744       0.0011977
    -0.000330351    -0.000430022
      0.00609882      0.00344261
     -0.00348854     -0.00318442
      -0.0012662    -0.000656086
     -0.00103918    -0.000875131
       -0.001238     -0.00231732
    -0.000206376     0.000386289
    -0.000572515    -0.000107832
      0.00491843      0.00495999
     -0.00154127     -0.00236217
       0.0028741      0.00641482
    -0.000372142    -0.000582858
    -0.000840281     -0.00118307
      0.00306398      0.00298348
     -0.00105414      -0.0019354
    -0.000152256     0.000311774
    -0.000871117     0.000156191
    -0.000965383    -0.000761314
      -0.0018738     -0.00111624
     -0.00170782     -0.00162039
    -0.000899029    -0.000858794
    -0.000595444    -0.000421413
     -0.00138433     -0.00187955
     -0.00102108     -0.00258573
     -0.00206419     -0.00258274
    -0.000932926     -0.00100612
      0.00392114       0.0032517
    -0.000724669    -0.000449211
    -0.000710018    -0.000768293
      0.00394486      0.00571343
    -0.000452231    -0.000451759
     -0.00140479     -0.00136289
     -0.00135772      -0.0013682
     -0.00130562     -0.00121899
     -0.00108642     -0.00105252
     -0.00102827     -0.00127394
        0.011538         0.01078
       0.0122173        0.010179
    -0.000883258    -0.000426419
     -0.00170573     -0.00209755
     -0.00064366    -0.000337953
      0.00617062      0.00483208
     -0.00297131     -0.00343653
     -0.00124809     -0.00199502
      3.4417e-05     0.000450105
     0.000398662      0.00090932
    -0.000646446     -0.00148402
    -0.000976407    -0.000725088
     -0.00079766    -8.70997e-05
     -0.00174117     -0.00246856
     -0.00149829     -0.00208427
     0.000474371     0.000733925
     -0.00166269     -0.00176682
     -0.00134602     -0.00196872
      0.00115605      0.00585835
       0.0115766       0.0148768
      0.00151529      0.00192298
       0.0014816      0.00065388
    -0.000662964      -0.0011013
      0.00325562      0.00209556
      0.00423247      0.00309892
      0.00640595      0.00649433
     -0.00291388     -0.00289575
    -0.000210877     0.000520438
       0.0133733       0.0192262
     -0.00163487     -0.00173148
     -0.00184496     -0.00180175
       4.952e-05     0.000746157
    -0.000632366     -0.00054539
    -0.000473777    -0.000104063
     0.000397857     -0.00140495
    -0.000231633       0.0003215
    -0.000894102    -0.000346678
      0.00102209     0.000236659
     0.000539606      0.00099596
     -0.00199966      -0.0026009
     -0.00136363     -0.00152743
      0.00683262      0.00862536
     -0.00299796      -0.0028349
     0.000256846     0.000458834
    -0.000590612      -0.0013156
    -0.000173901     -0.00219939
     -0.00107765    -0.000786192
    -0.000497446     -0.00059893
      3.5211e-05     0.000414493
     -0.00174654     -0.00265494
      0.00142938      0.00105063
    -0.000312602      0.00060698
    -0.000296508     0.000359185
    -0.000191477    -0.000984496
      0.00524889     0.000743573
    -0.000128905     0.000801337
      0.00397801      0.00418066
     -0.00165924     -0.00206463
    -0.000309482    -2.73876e-05
     -0.00111859     -0.00136388
      0.00737193      0.00745449
      0.00699142      0.00469745
    -0.000595102      0.00068934
    -0.000880881    -2.83778e-05
     0.000867956     0.000563765
      0.00485548      0.00650943
