QM Energy	FF Energy
       -0.031448      -0.0286338
      0.00215449      0.00200278
     0.000243202     2.70292e-06
     -0.00920988     -0.00901697
      -0.0039055     -0.00456184
     0.000237101     0.000185379
     -0.00360931      -0.0021097
     -0.00137488     -0.00112388
      -0.0138777      -0.0132019
    -0.000228599    -0.000212196
     -0.00057893    -0.000579103
     -0.00121992     -0.00109067
    -0.000339812     5.96815e-05
     -0.00184181     -0.00151518
      2.8169e-05     0.000134687
     -0.00584914     -0.00424905
       -0.002043     -0.00164454
    -0.000534298     -0.00046371
     -0.00154622     -0.00142023
      0.00133164       0.0014942
    -0.000452527     0.000317522
    -0.000141957    -0.000159415
    -0.000940643    -0.000855104
     -0.00418719     -0.00488653
     -0.00131892     -0.00163662
      0.00163273       0.0014442
    -0.000980365    -0.000963971
     -0.00139675     -0.00148792
     -0.00668247     -0.00621455
    -0.000812413    -0.000795875
    -0.000926598    -0.000943095
     -0.00184667     -0.00179549
     -0.00820044     -0.00745029
     -0.00582179      -0.0057299
    -0.000637886    -0.000855446
      -0.0209169       -0.019603
    -0.000229822    -0.000253902
     -0.00166592     -0.00160244
      -0.0054819     -0.00389779
     0.000534897     0.000570587
     -0.00224878     -0.00240796
     -0.00460571     -0.00511092
      -0.0015571     -0.00177518
     -0.00113449     -0.00115954
     -0.00652242     -0.00609052
     -0.00104179    -0.000968692
    -0.000188016    -8.87942e-05
     -0.00276426     -0.00307816
    -0.000894416    -0.000853804
    -0.000539402     -0.00054009
    -0.000106514    -8.74087e-05
     -0.00147276      -0.0010202
      -0.0163047      -0.0135186
     -0.00187356     -0.00171399
     -0.00246565     -0.00231352
     -0.00295478     -0.00299344
      -0.0061061      -0.0053597
     -0.00490844     -0.00551103
      -0.0124611      -0.0124573
     -0.00131558     -0.00146985
      0.00201683      0.00192137
     -0.00774339       -0.005639
     -0.00131456     -0.00123119
     -0.00212803      -0.0026683
     -0.00112491     -0.00103524
     -0.00397118     -0.00236378
     -0.00255364     -0.00219944
     -0.00030885    -0.000307592
     -0.00506296     -0.00564253
      -0.0042874     -0.00452146
     -0.00145426     -0.00145941
      0.00158559      0.00124325
     -0.00102897    -0.000933411
     -0.00867747     -0.00889736
      -0.0180549       -0.017809
      2.7621e-05    -2.84188e-05
     -0.00034314    -0.000409756
     -0.00202404     -0.00186238
     -0.00247672     -0.00244205
       0.0030056       0.0024454
    -0.000661591    -0.000643013
     -0.00210601     -0.00215255
     -0.00086338    -0.000869008
    -0.000864617    -0.000936032
    -0.000271117    -0.000276347
     0.000258873     0.000339663
     -0.00178683     -0.00159896
    -0.000670642      -0.0005891
     -0.00692719      -0.0077054
      -0.0101836     -0.00859116
     -0.00109851      -0.0011047
    -0.000625794    -0.000624118
    -0.000168864    -0.000197077
     -0.00480099     -0.00434644
      4.7278e-05     9.74483e-05
     -0.00118538     -0.00109462
    -0.000314979    -0.000346593
     -0.00289611     -0.00322083
     -0.00434542     -0.00449785
     -0.00530694      -0.0063624
     -0.00321422     -0.00313685
     -0.00290306     -0.00316592
    -0.000179919    -0.000205223
    -0.000587744    -0.000572119
    -0.000895886    -0.000906067
    -0.000813117    -0.000739536
     -0.00475092     -0.00374313
      0.00111966      0.00105085
     0.000270028    -0.000505084
    -0.000221235    -0.000202961
    -0.000274629    -0.000335516
     0.000336564     0.000324039
     0.000732678     0.000706106
    -0.000328713    -0.000341396
       0.0033696      0.00350469
     -0.00110247     -0.00114445
      0.00270617       0.0024755
     -0.00912171     -0.00513629
     -0.00536723     -0.00436225
    -0.000913044    -0.000853934
      4.4806e-05     1.65237e-05
     -0.00706441     -0.00766163
    -0.000161796    -0.000145099
    -0.000317965    -0.000395016
      -0.0102993      -0.0101008
     -0.00329581     -0.00333527
    -0.000722479     -0.00095246
     -0.00632364     -0.00667996
     -0.00116711     -0.00108687
      0.00278575      0.00271914
      0.00161598      0.00164838
     -0.00132431     -0.00146271
    -0.000948643    -0.000926667
     -0.00368152     -0.00355847
     -0.00328748     -0.00341377
     -0.00485054     -0.00495682
    -0.000378192    -0.000175016
     0.000889909      0.00131607
     -0.00489618     -0.00459236
     -0.00127299     -0.00142689
    -0.000185587    -0.000238095
     -0.00336369     -0.00310098
       2.481e-06    -1.44604e-05
     -0.00111582     -0.00105821
     -0.00191568     -0.00182464
     -0.00298134     -0.00305023
     0.000229876     0.000312261
     -0.00105919     -0.00106553
     -0.00202977     -0.00203008
     -0.00292323     -0.00262459
      -0.0257568      -0.0238725
    -0.000192777    -0.000228204
      0.00378268      0.00409856
     -0.00524153     -0.00483846
     0.000105286     3.91601e-05
    -0.000837888    -0.000715344
      0.00172171      0.00163875
     -0.00368222     -0.00394955
    -0.000879259    -0.000835786
      -0.0024314     -0.00225259
      9.0243e-05     0.000178055
     -0.00082074    -0.000925015
     -0.00161986     -0.00172765
     -0.00480281     -0.00460968
    -0.000339993    -0.000271284
     0.000820626      0.00118203
    -0.000134054    -7.30718e-05
     -0.00140018     -0.00149827
    -0.000449575    -0.000545827
    -0.000518144    -0.000533246
     -0.00142567     -0.00135633
     -0.00722012     -0.00775023
     -0.00193638     -0.00177085
     -0.00313394     -0.00290239
    -0.000900819    -0.000979434
     -0.00395932     -0.00438377
     -0.00212086     -0.00205959
     -0.00460788     -0.00368714
     -0.00201389     -0.00203588
      -0.0073095     -0.00647681
     -0.00755906     -0.00834118
     -0.00751685     -0.00740401
     -0.00609511     -0.00611154
     -0.00221441     -0.00209873
     -0.00178011      -0.0016669
      0.00105497      0.00103923
      0.00328161      0.00314246
      -0.0026431     -0.00256898
     -0.00062229    -0.000519785
     -0.00511273     -0.00575748
     -0.00048936     -0.00054649
     0.000677614      0.00053764
      -0.0149084      -0.0158724
      0.00178203      0.00176109
    -0.000794192    -0.000737815
     0.000293283     0.000244664
     -0.00334861     -0.00411641
     -0.00241587     -0.00276077
     0.000528545     0.000584433
      0.00171906      0.00166406
     -0.00119099     -0.00119135
     -0.00511865     -0.00441414
     -0.00199651     -0.00188601
     -0.00238388     -0.00240557
      -0.0052893     -0.00581449
     -0.00176138     -0.00157998
      -0.0032419     -0.00320532
      1.5437e-05    -0.000603255
    -0.000391855    -0.000363016
     -0.00884805     -0.00752275
    -0.000193931    -0.000260191
     -0.00340795     -0.00311459
      -0.0097281     -0.00848554
     0.000805723     0.000736274
      -0.0115381      -0.0108495
    -0.000290834    -0.000179941
    -0.000330011    -0.000293265
     -0.00310539     -0.00337558
    -0.000490913     -0.00034829
      0.00248997      0.00249263
     -0.00099302    -0.000962115
      -0.0113119      -0.0136413
    -0.000889322    -0.000841544
     -0.00393979     -0.00478255
     -0.00387207     -0.00406819
     0.000766801     0.000799419
    -0.000636261    -0.000685741
     -0.00113619     -0.00117342
     0.000742598     0.000729814
     -0.00147905      -0.0014751
     0.000372068     0.000431596
     -0.00503971     -0.00543156
      0.00189784      0.00153838
     -0.00113977     -0.00149385
      0.00236952      0.00224224
     -0.00500992     -0.00438857
       0.0023415      0.00229636
      0.00183225      0.00172585
     -0.00799181     -0.00807546
     -0.00591542     -0.00532348
     -0.00188683     -0.00166496
     -0.00155444     -0.00161787
     -0.00427905     -0.00444075
    -0.000699066    -0.000735009
     -0.00122786     -0.00118823
     -0.00201275     -0.00205003
     -0.00328592     -0.00313369
     -0.00122777     -0.00118146
     0.000234962     0.000220444
     -0.00120727      -0.0011527
      0.00270836      0.00321697
     -0.00124034     -0.00123771
    -0.000337635    -0.000318635
      2.5895e-05    -4.73998e-05
    -0.000673347    -0.000723923
       5.488e-06     3.99974e-05
    -0.000151051    -0.000216608
     -0.00073278    -0.000726167
     -0.00219138     -0.00227638
      -1.253e-06    -1.50938e-05
     0.000118095     0.000149557
     0.000770392     0.000463981
    -0.000495668    -0.000550519
      0.00309692      0.00301277
     -0.00265764     -0.00303354
     -0.00206711     -0.00229739
      0.00258785      0.00249117
      0.00200336      0.00218256
      9.9167e-05     0.000132949
     0.000175702     0.000136549
     -0.00080301    -0.000797595
     -0.00173787     -0.00177538
      -0.0010017     -0.00103872
     -0.00115175     -0.00116197
     -0.00188182     -0.00198339
     -0.00626843     -0.00713395
     -0.00594015     -0.00543616
     -0.00111389     -0.00117462
    -0.000647842    -0.000695422
     0.000836012     0.000853823
     -0.00757267     -0.00922908
      -0.0017154     -0.00173888
     0.000561047     0.000351229
     -0.00113776     -0.00129196
     -0.00435976     -0.00488814
     -0.00976495     -0.00955639
     -0.00281363     -0.00291226
      0.00241469      0.00230425
      -0.0108973        -0.01107
      -0.0122249      -0.0120621
     -0.00668995     -0.00686839
     0.000214802     0.000228627
    -0.000580164    -0.000638292
     -0.00875253     -0.00714542
     -0.00388946     -0.00549084
     -0.00682725     -0.00875681
     -0.00632139     -0.00568901
     -0.00627602     -0.00647243
     -0.00381671     -0.00470361
     -0.00246699     -0.00213809
     -0.00227008     -0.00156938
     0.000907856     0.000887634
     -0.00323598     -0.00379402
     -0.00482084     -0.00411385
      -0.0130882      -0.0141588
     -0.00305059     -0.00400098
     -0.00144066      -0.0012968
     -0.00126673      -0.0013118
     -0.00103679     -0.00115979
     -0.00292775     -0.00284402
      -0.0123047      -0.0133445
     -0.00561106     -0.00527101
     -0.00208071     -0.00198314
     -0.00255546     -0.00264521
    -0.000515785    -0.000270029
     -0.00195847      -0.0018485
    -0.000969655     -0.00106585
    -0.000996417     -0.00113618
     -0.00579126     -0.00541082
     -0.00101894      -0.0010362
     0.000177352     0.000104917
    -0.000439415     -0.00050076
     -0.00171009     -0.00169292
     -0.00145101     -0.00144439
     -0.00685605     -0.00817567
      -0.0108286      -0.0113526
     -0.00783253     -0.00737904
     -0.00675296     -0.00619985
       3.315e-06     -1.5523e-05
      -0.0150659       -0.013869
      0.00419268      0.00410714
     -0.00407128     -0.00256858
     -0.00543675      -0.0058323
     -0.00141219     -0.00130711
     -0.00131945     -0.00150639
       0.0023001      0.00218998
     -0.00209332     -0.00209277
      -0.0123296      -0.0101091
      0.00200151      0.00201731
     -0.00343228     -0.00331697
     -0.00758328      -0.0068852
     -0.00172163     -0.00173873
     0.000350723     0.000133563
     -0.00367642     -0.00330077
     -0.00888171      -0.0113691
     -0.00068049    -0.000721565
     -0.00391032     -0.00412089
     0.000228989     0.000244031
      -0.0132315      -0.0132903
     -0.00408701      -0.0040335
     -0.00242051     -0.00292546
     0.000305532     0.000169273
      -0.0038153     -0.00403595
     -0.00193612      -0.0020601
     -1.3255e-05    -3.91037e-05
     -0.00194619     -0.00202013
     -0.00556351     -0.00821453
     -0.00584774     -0.00517812
      0.00360381      0.00347957
     -0.00457884     -0.00481619
     -0.00176374     -0.00174444
     -0.00447312     -0.00352442
      7.9222e-05     2.28447e-05
      -0.0014534      -0.0014839
      0.00169512      0.00173548
     -0.00035619    -0.000146359
     -0.00251831     -0.00232261
     -0.00322639     -0.00299237
      0.00277549      0.00270012
     -0.00169074     -0.00155679
       -0.008561     -0.00768799
      0.00211212      0.00200744
    -0.000638001    -0.000510863
    -0.000489391    -0.000456935
     -0.00435885     -0.00363675
     -0.00749152     -0.00702786
     -0.00169352     -0.00171051
     -0.00133563     -0.00135237
      -0.0037548     -0.00377894
     -0.00113212     -0.00113435
      9.6587e-05     6.82052e-05
     -0.00205001     -0.00202748
     -0.00570083     -0.00547341
     -0.00120364     -0.00113725
     -0.00558994     -0.00551359
     -0.00118152     -0.00127499
      -4.708e-05     5.86787e-05
     -0.00355896     -0.00329514
     -0.00243155     -0.00226638
     -0.00223863     -0.00215479
    -0.000886284    -0.000907438
     -0.00197531     -0.00199648
    -0.000436176    -0.000165262
     -0.00988304      -0.0103167
     -0.00831702     -0.00916383
    -0.000459776    -0.000437845
    -0.000708934    -0.000496968
     -0.00658915     -0.00633697
    -0.000422644    -0.000474332
     -0.00185114     -0.00164328
     -0.00026975    -0.000355467
       -0.004137     -0.00359854
    -0.000923671    -0.000926123
     -0.00414226     -0.00366674
     -0.00654267     -0.00533332
     -0.00373477     -0.00370316
      -0.0129922      -0.0127973
     -0.00473775     -0.00438872
     -0.00374751     -0.00353481
     -8.7433e-05    -8.99484e-05
      -0.0100052     -0.00969326
    -0.000748208    -0.000981283
     -0.00115232     -0.00115068
     -0.00436861     -0.00569686
     -0.00129019     -0.00161424
     -0.00193131     -0.00230342
     -0.00148114     -0.00202436
    -0.000984943    -0.000917341
     -0.00202483      -0.0020296
    -0.000713804    -0.000682559
     -0.00747964     -0.00798127
      -0.0028717     -0.00284381
     -0.00079121     -0.00074564
     -0.00747568     -0.00533511
       0.0015568      0.00163571
     -0.00184399      -0.0018095
     -0.00415407     -0.00504192
      -0.0092399     -0.00902631
      -0.0041366     -0.00480105
    -0.000508196    -0.000506311
    -0.000950126     -0.00100218
     -0.00186412      -0.0034745
      0.00402367      0.00407463
    -0.000808087    -0.000849146
     -0.00336628     -0.00307318
     -0.00253137      -0.0024923
      -0.0093728     -0.00859812
     0.000280472      0.00020566
     -0.00117476     -0.00134798
     -0.00221548     -0.00203339
      -0.0126737      -0.0118075
     0.000560929    -7.00645e-05
      -0.0010171     -0.00106772
     -0.00483913       -0.004882
     -0.00198448     -0.00176466
     -3.4806e-05    -8.04666e-05
     -0.00186481     -0.00182362
     -0.00480325     -0.00476024
     -0.00447746     -0.00388784
    -0.000479983    -0.000419121
    -0.000206243    -0.000224652
     -0.00135094     -0.00142217
     -0.00460359     -0.00431545
      -0.0028411     -0.00274656
     -0.00140398      -0.0012622
      0.00267871      0.00243986
     0.000176545     0.000281584
    -0.000264255    -0.000277024
    -0.000112994    -0.000157364
      -0.0105957      -0.0115023
     -0.00201994     -0.00240505
     -0.00380732     -0.00415614
      -0.0106386      -0.0112799
     -0.00306487     -0.00357036
     -0.00109365    -0.000887621
     -0.00422481     -0.00358788
     -0.00148027     -0.00164241
     -0.00231401      -0.0025863
     -0.00129568     -0.00139623
     -0.00591365     -0.00593221
     -0.00994288      -0.0101273
      -0.0040836     -0.00392887
     -0.00531674     -0.00522482
     -0.00310615     -0.00319904
    -0.000811364    -0.000753243
     -0.00083702     -0.00093747
     -0.00260732     -0.00253976
     -0.00261832     -0.00287711
     0.000292665     0.000231267
     -0.00100594    -0.000974045
     0.000307043     0.000302994
      -0.0149611      -0.0183114
      0.00232568      0.00221864
     -0.00124878    -0.000957216
     0.000269151      0.00017958
     -0.00576337     -0.00399843
     -0.00136114       -0.001211
     -0.00488998     -0.00563371
    -0.000952937    -0.000997604
     0.000251895    -6.48768e-05
     -0.00602271     -0.00526849
     -0.00019304    -0.000162152
    -0.000637712    -0.000766077
     0.000193615      9.6336e-05
     -0.00126137       -0.001304
    -0.000919713    -0.000915871
      -0.0113831      -0.0114961
      0.00138336      0.00115187
    -0.000519438    -0.000516018
     -0.00400997     -0.00431232
    -0.000799625    -0.000755586
     -0.00771848     -0.00547799
     -0.00190768      -0.0018971
    -0.000877821    -0.000942985
     -0.00798481      -0.0079151
      -0.0102958        -0.01029
     -0.00123065     -0.00120661
     -0.00110509     -0.00111944
    -0.000221009    -0.000305104
     -0.00294241     -0.00344766
     -0.00248597     -0.00247632
      -0.0037456     -0.00395449
    -0.000794186    -0.000820113
       -0.017557      -0.0155271
      4.0233e-05     9.27844e-06
      -0.0344099      -0.0304838
      -0.0117278     -0.00975885
      0.00115908     0.000913151
     -0.00334566     -0.00352123
      -0.0124096      -0.0131232
     -0.00132275     -0.00106133
     -0.00130535     -0.00151796
      0.00262765      0.00251526
     -0.00745464     -0.00693023
      -0.0014435     -0.00130764
      3.4205e-05     0.000110142
      0.00247514      0.00241308
      -0.0288504       -0.026301
     -0.00110946     -0.00106457
     0.000417104     0.000331343
    -0.000778823    -0.000863993
     -0.00239409     -0.00244599
     -0.00130357    -0.000908648
    -0.000857269    -0.000843058
      -0.0068587     -0.00440466
     -0.00642969     -0.00586823
      -0.0280519      -0.0284938
     -0.00830445     -0.00825112
     -0.00314965     -0.00337644
     -0.00694559     -0.00568047
     -0.00133456     -0.00147974
     0.000998506     0.000334144
     -0.00114318     -0.00179747
     -0.00200068     -0.00201951
     -0.00481849     -0.00566775
    -0.000612723    -0.000734284
     -0.00067265    -0.000600935
      -0.0105553     -0.00682804
     -0.00504383     -0.00413462
     -0.00374835     -0.00395015
      -0.0114145     -0.00928058
     0.000109059      0.00010468
     -0.00127178     -0.00127142
     -0.00106162    -0.000941807
      0.00185052      0.00137961
     -0.00414802     -0.00445753
     -0.00472901     -0.00587213
     -0.00138332     -0.00132414
    -0.000272304    -0.000170132
    -0.000810734    -0.000869546
     -0.00154117     -0.00184057
    -0.000916888    -0.000969217
      -0.0219969      -0.0194588
    -0.000790576    -0.000933416
      0.00042156     0.000651071
     -0.00096681    -0.000990479
     -0.00562455     -0.00550004
     0.000483931     0.000527288
      -0.0019582     -0.00179495
     -0.00122321     -0.00120373
      0.00312931      0.00308497
     -0.00318005     -0.00375508
      -0.0041335     -0.00507491
     -0.00592514     -0.00544282
    -0.000677575    -0.000644447
     -0.00661612     -0.00574454
     -0.00698995     -0.00903593
     0.000393893     0.000398646
     -0.00587577     -0.00585988
     -0.00037773    -0.000326688
     -0.00433396      -0.0043451
     -0.00112762     -0.00111402
      -0.0044763     -0.00377432
      0.00222832       0.0016791
     -0.00452916     -0.00436624
     -0.00443888     -0.00373688
     0.000368967     7.36723e-05
     -0.00151204     -0.00153772
     -0.00210272     -0.00200297
      0.00355693      0.00324786
     -0.00180967     -0.00156416
    -0.000522267    -0.000561465
    -0.000250006    -3.04911e-05
     -0.00573134     -0.00575007
     -0.00216384     -0.00158087
     -0.00455934     -0.00476217
     -0.00493112     -0.00556233
     0.000430081     0.000283282
      -0.0045065     -0.00436631
      -0.0116211      -0.0107488
     -0.00126445     -0.00151467
     -0.00153536     -0.00147195
    -0.000517287    -0.000490687
     -0.00180835     -0.00207576
     -0.00236475     -0.00246627
      0.00232858      0.00231685
     -0.00131113     -0.00109923
     -0.00149712     -0.00158828
      -4.223e-05    -9.43357e-05
    -0.000900532    -0.000994219
      -0.0036226      -0.0033889
     -0.00118354     -0.00124875
     0.000162992      0.00106063
      0.00254058       0.0024604
      0.00212132      0.00193512
    -0.000979582    -0.000915217
     -0.00207781     -0.00205173
       0.0005612     0.000306979
     -0.00126995    -0.000573916
     -0.00281349     -0.00264305
      0.00211201      0.00217422
     -0.00257414     -0.00237698
     -0.00201014     -0.00192586
      -0.0110386       -0.011645
     -0.00253855     -0.00260276
     -0.00518241     -0.00419015
     -0.00140169      -0.0013938
     0.000181289     0.000200329
     -0.00828631     -0.00825025
      -0.0101113     -0.00885213
    -0.000299121    -0.000282199
    -0.000688596    -0.000708412
     -0.00124101     -0.00122878
    -0.000394099    -0.000533424
      1.5725e-05     1.09332e-05
      0.00108665       0.0010935
     -0.00190738     -0.00196056
     -0.00105589     -0.00097223
    -0.000608398    -0.000630749
      -0.0108532      -0.0123971
     -0.00629997     -0.00573058
      -1.631e-05     4.03096e-05
     -0.00121816     -0.00131037
      0.00160445      0.00154355
     -0.00954018     -0.00857639
     0.000119593     0.000110774
    -0.000777354    -0.000783389
     -0.00542278     -0.00533348
    -0.000441864    -0.000299953
      -0.0113449      -0.0125428
     0.000565449     0.000497532
     -0.00344116     -0.00338777
    -0.000284803     -0.00044648
     -0.00143706     -0.00144325
    -0.000491615    -0.000444389
     -0.00842743      -0.0100118
     -0.00356526     -0.00388653
    -0.000820562    -0.000942535
      0.00195423      0.00184444
     -0.00263124     -0.00259725
     -9.0727e-05     -0.00012952
     -0.00656067      -0.0067721
     -0.00555739     -0.00502256
    -0.000457512     -0.00035548
     0.000415447     0.000373886
     -0.00495576     -0.00536868
      0.00134573      0.00119891
    -0.000583157    -0.000742017
     -0.00123727     -0.00116994
     0.000297933     0.000269772
     -0.00207865     -0.00246817
    -0.000340547    -0.000380877
     -0.00632697     -0.00646146
     -0.00206694     -0.00225344
     -0.00169028     -0.00172926
      0.00257826      0.00244254
    -0.000380261    -0.000361342
     0.000559085     0.000544587
     0.000233735      9.9689e-06
     -0.00563327     -0.00540193
    -0.000796313    -0.000828572
    -0.000229457    -0.000284708
     -0.00177014     -0.00177173
      -0.0021286     -0.00253719
    -0.000831537    -0.000859947
     -0.00157438     -0.00164801
     0.000483326     0.000494056
     -0.00220167     -0.00206963
     -0.00109852     -0.00114627
     -0.00372464     -0.00308479
     -0.00121022     -0.00126042
     -9.2803e-05    -7.37375e-05
     -0.00595171     -0.00673207
     0.000737633     0.000715301
     0.000311498     0.000533271
    -0.000585311    -0.000480332
     -0.00144787     -0.00153597
      3.2313e-05    -1.38773e-05
     0.000254716     0.000333213
     -0.00186722     -0.00187062
     -0.00720849     -0.00746284
     -0.00656724     -0.00599277
     -0.00198397     -0.00233145
     -9.2178e-05    -0.000141635
      -0.0149306      -0.0177749
    -0.000917386    -0.000928963
     -0.00198383     -0.00198133
     -0.00146675      -0.0014415
      0.00214203      0.00206113
     -0.00148893     -0.00131979
     -0.00418153     -0.00345486
      0.00199367      0.00195229
    -0.000703882    -0.000731775
      -0.0056206     -0.00580053
     0.000377673     0.000346218
      0.00216272      0.00176407
     -0.00182256     -0.00187821
     -0.00837765      -0.0100375
    -0.000197888    -0.000260524
    -0.000206405     -0.00018335
    -0.000650308    -0.000703599
     -0.00362983     -0.00361939
      0.00260946      0.00305251
      -0.0018473     -0.00173068
     -0.00875212     -0.00714058
     -0.00198053     -0.00213863
      0.00188517      0.00190764
    -0.000116329     1.86422e-05
     -0.00299359     -0.00245134
     -0.00249984     -0.00270183
     -0.00122346     -0.00121865
     -0.00499888     -0.00593753
     -0.00140258     -0.00118296
     -0.00203734      -0.0017761
     -0.00499892     -0.00524686
     -0.00346495     -0.00331794
      -0.0105529     -0.00984474
    -0.000898424     -0.00104997
     -0.00564983      -0.0059384
    -0.000293144    -0.000298192
     -0.00793052     -0.00729789
    -0.000382656    -0.000326568
      -0.0185573      -0.0158978
    -0.000849662     -0.00115769
      -0.0109612      -0.0107339
     0.000345619      0.00034292
    -0.000698072    -0.000623471
      -0.0015005     -0.00178355
     -0.00227248     -0.00300396
     -0.00227735     -0.00222766
     -0.00349349     -0.00347477
    -0.000664784    -0.000701517
     -0.00718959     -0.00786101
     -0.00250704     -0.00251333
     -0.00599471     -0.00587112
      -0.0157154      -0.0158494
      -0.0107471      -0.0121925
     -0.00344374     -0.00355906
     -0.00124237     -0.00123711
     -0.00221181     -0.00210302
      -0.0112708      -0.0114938
      0.00217144      0.00213328
    -0.000191324    -0.000245556
    -0.000460342    -0.000462014
      2.0987e-05    -0.000220541
     -0.00209154     -0.00217281
     -0.00189833     -0.00181865
     -0.00124672     -0.00112971
     -0.00200656     -0.00196413
      1.9353e-05    -1.69722e-05
     -0.00551481     -0.00743919
     -0.00275947     -0.00237823
      -0.0109408      -0.0101429
    -0.000573684    -0.000595576
     0.000273817     0.000257559
    -0.000800757      -0.0007458
    -0.000603868    -0.000800591
    -0.000549556    -0.000579777
     -0.00247352     -0.00267868
     -0.00229623     -0.00193692
     -0.00350767     -0.00296673
     -0.00106401     -0.00105282
     -0.00236923     -0.00260127
     -0.00105893    -0.000907192
     0.000429951     0.000539092
      0.00095777     0.000959891
    -0.000368031     -0.00037521
     0.000153354     0.000128701
     -0.00454709     -0.00506527
      0.00185678      0.00178286
      -0.0100717      -0.0140887
     -0.00268452     -0.00297718
     0.000357594     0.000683249
     -0.00137284     -0.00163043
     -0.00194987     -0.00244417
     -0.00368704     -0.00369524
     -5.6638e-05    -0.000318949
    -0.000449431    -0.000453009
     -0.00153261     -0.00149894
      0.00239539      0.00227359
      0.00150527      0.00117522
     -0.00662361     -0.00587683
    -0.000370695    -0.000483678
      -0.0001209    -8.78367e-05
    -0.000794833    -0.000750962
     -0.00108593      -0.0009525
     0.000757432     0.000628848
      7.2281e-05      0.00012607
      0.00316773      0.00296229
     -0.00302594     -0.00257281
    -0.000874956     -0.00111983
    -0.000844366    -0.000943501
     -0.00330399     -0.00310043
     -0.00059331    -0.000677599
      0.00203552      0.00182738
     -0.00490699     -0.00316157
    -0.000720307    -0.000704044
     -9.8588e-05     -0.00054467
     -0.00446531     -0.00466574
     -0.00441081     -0.00328944
       -0.016261      -0.0152391
     -0.00096981    -0.000949094
      -0.0018399     -0.00176462
     -0.00419594     -0.00362533
     -0.00417844     -0.00383555
    -0.000252958    -0.000205491
     -0.00143458     -0.00138754
     -0.00248867       -0.002567
      0.00106753      0.00103617
     -0.00294937     -0.00272686
     -0.00488602     -0.00499298
      -0.0014047     -0.00130574
     -0.00157784      -0.0017835
     -0.00234597     -0.00230906
     -0.00437075     -0.00468406
     -0.00221905      -0.0022494
     -0.00106335    -0.000945185
      0.00125771      0.00117036
    -0.000498147    -0.000319068
    -0.000913001    -0.000733408
    -0.000114813    -0.000129866
     0.000321883     0.000327351
    -0.000592402    -0.000575974
     -0.00249212     -0.00240868
    -0.000609289    -0.000678762
     -0.00143339     -0.00148302
    -0.000892198    -0.000896601
     0.000218259      0.00026273
     -0.00138619     -0.00136521
     -0.00545113     -0.00487755
     -0.00497005     -0.00459561
       3.088e-05     2.50627e-05
     -0.00635069     -0.00712674
     -0.00231503     -0.00244564
     -0.00304986     -0.00275739
     -0.00171849     -0.00136569
     -0.00157702     -0.00157822
      -0.0021114     -0.00183816
     -0.00210711     -0.00205583
      -0.0010792     -0.00120398
     -0.00274323     -0.00259208
      -0.0104406     -0.00914666
     -0.00120398     -0.00120941
        0.001076     0.000862055
     0.000353578     0.000356453
      -0.0029244     -0.00309375
     -0.00311128     -0.00297765
     -0.00612175     -0.00588397
     -0.00383428     -0.00417238
      -0.0115094      -0.0130809
      0.00135937      0.00127795
     -0.00398708     -0.00373808
     0.000343391     0.000344147
     -0.00479293     -0.00512755
    -0.000577497    -0.000823814
     -0.00163569     -0.00132888
     -0.00732319     -0.00687717
     -0.00338258     -0.00422765
     -0.00212959     -0.00209229
     -0.00121204     -0.00105486
      0.00409496      0.00415187
     0.000289636     0.000269395
    -0.000432843     -0.00063339
      -8.106e-05    -0.000114231
    -0.000981317     -0.00101281
      -0.0102919     -0.00953573
      0.00106512      0.00101081
     -7.8459e-05    -0.000126461
     0.000728389     0.000705564
        0.002357      0.00236364
     -0.00267459     -0.00261492
     0.000473308      0.00122641
     -0.00397785     -0.00347787
     -0.00264448       -0.002871
    -0.000579866    -0.000562624
      0.00357418      0.00340449
     -0.00611279     -0.00672386
      1.8405e-05    -8.67119e-06
      1.3364e-05     2.31076e-05
    -0.000385861    -0.000325856
    -0.000244805    -0.000233399
      -0.0169036      -0.0144189
     -0.00322322     -0.00334195
      0.00015016      0.00010074
     -0.00532137      -0.0053623
    -0.000445795    -0.000369193
     -0.00162306     -0.00179709
    -0.000100629    -0.000126628
     -0.00613335     -0.00615828
     -0.00270027     -0.00258494
      9.8958e-05    -7.42967e-06
    -0.000285734    -0.000282275
     -0.00135577     -0.00143729
     0.000208598     0.000229292
      0.00153123      0.00141734
      -0.0104889      -0.0105165
    -0.000923085    -0.000954254
      0.00112294     0.000710283
    -0.000940234    -0.000610198
     -0.00277933      -0.0027877
    -0.000916928    -0.000862787
     -0.00152385     -0.00129226
