QM Energy	FF Energy
     -0.00250149     -0.00262056
     -0.00438014     -0.00452391
      0.00277085      0.00285148
     0.000347325     0.000401041
    -0.000282335    -0.000287433
       0.0018455      0.00185616
     -0.00157481     -0.00120825
     -0.00392267     -0.00369385
     -0.00366593     -0.00384839
     -0.00148149     -0.00150096
      8.1502e-05     0.000134094
    -0.000269842    -0.000276428
    -0.000659989     -0.00063056
      -0.0129573      -0.0131105
    -0.000162378    -0.000258313
      0.00186895      0.00192243
      3.5101e-05     9.90695e-05
      5.3158e-05     9.69548e-05
     -0.00085272    -0.000860931
    -0.000673492    -0.000636256
    -0.000657632     -0.00073898
     -0.00815697     -0.00824812
     -0.00418396     -0.00420317
    -0.000970237     -0.00166981
     -0.00207356       -0.001923
     -0.00100532     -0.00103949
    -0.000274596    -0.000338579
      7.7804e-05     3.55312e-05
      -0.0127951      -0.0128165
      -0.0101635     -0.00990198
     0.000372311     0.000418066
      -0.0030993     -0.00289543
     -0.00682221     -0.00647695
     -9.5825e-05    -0.000115852
     -0.00202828     -0.00216674
     -0.00205209     -0.00198823
     -0.00103087     -0.00114922
      0.00116282      0.00115706
     -0.00318589      -0.0033843
     0.000720352     0.000825103
     -4.8596e-05     4.10944e-05
     -0.00230474     -0.00229414
      0.00138923      0.00159271
     -0.00264903     -0.00233032
     -0.00858047     -0.00823566
      -0.0128459        -0.01329
     -0.00115165     -0.00101967
     0.000434285     0.000299367
      0.00220137      0.00217816
      -8.381e-05    -8.50546e-05
     -0.00108161     -0.00123324
      0.00187769      0.00186104
    -0.000457114    -0.000488314
     -0.00202091     -0.00203021
    -0.000842024    -0.000797414
    -0.000595035    -0.000754755
     -0.00206683      -0.0019946
    -0.000313589    -0.000279055
    -0.000522138    -0.000552504
     -0.00321705     -0.00318488
     -0.00207335     -0.00199574
     -0.00531073     -0.00576453
     -0.00187754     -0.00184769
     0.000197037     8.56272e-05
      -0.0088108     -0.00873632
     -0.00475104     -0.00433967
     0.000965752     0.000947585
      0.00029784     0.000369653
     0.000758578     0.000617008
     -0.00166923     -0.00177186
    -0.000175997    -0.000308294
     0.000329385     0.000324702
      -0.0113707      -0.0101032
      0.00259134       0.0026779
      -0.0032524     -0.00315621
      0.00145575      0.00146822
      -0.0103466       -0.010169
    -0.000740417    -0.000816424
    -0.000741322     -0.00107992
     -0.00180953     -0.00202363
      0.00103988       0.0010548
     0.000127371     0.000204434
      -0.0029668     -0.00285823
      0.00110835      0.00086458
    -0.000630242    -0.000659482
     -2.6184e-05    -7.57457e-06
     0.000635734     0.000542329
     -0.00339989     -0.00336263
     -0.00292827     -0.00269949
     0.000251195     0.000326773
      0.00181381      0.00179934
     -0.00693937     -0.00691768
     0.000739618     0.000802996
     0.000543568     0.000366718
       -0.001233     -0.00125944
     -0.00833227     -0.00825014
       -0.002807      -0.0028239
     -0.00235891      -0.0021982
     -0.00124877     -0.00119026
     0.000182544     0.000411703
     -0.00264835     -0.00226732
     -7.4402e-05    -0.000227647
     -0.00271462     -0.00256129
     -0.00878569     -0.00809981
     -7.6056e-05    -4.86485e-05
     -0.00110534    -0.000966844
     -0.00373624     -0.00327008
     0.000389449     0.000426874
       0.0012904      0.00132505
       9.154e-05     0.000177843
     -0.00561871     -0.00578177
    -0.000105329    -0.000164692
     -0.00156807     -0.00144489
    -0.000502782    -0.000377851
    -0.000923466    -0.000883115
    -0.000556726    -0.000612285
      0.00178441      0.00173012
      -0.0016294     -0.00158715
     -0.00113445     -0.00112378
     -0.00349388     -0.00361903
     0.000289113     0.000282383
     -0.00277818     -0.00268469
      0.00196354      0.00207887
     -9.7468e-05    -4.85095e-05
     0.000724867     0.000711592
       0.0010199      0.00108034
     -0.00625473     -0.00636453
     -0.00230481     -0.00230631
     -0.00034732    -0.000401996
     -0.00702988     -0.00779904
     -0.00389707     -0.00400371
    -0.000824877    -0.000824845
     -0.00550404     -0.00533045
      -0.0088784     -0.00877382
     0.000617932     0.000575414
    -0.000152118    -8.33756e-05
    -0.000653982    -0.000571884
    -0.000731641    -0.000880612
     -5.2596e-05     9.61969e-05
     0.000423014     0.000512169
     0.000139555     0.000150164
      -0.0106911      -0.0109771
      0.00134131       0.0013908
     -0.00133497     -0.00146294
     0.000169884     0.000204465
     0.000705205     0.000681924
      0.00362128      0.00348075
     -0.00164892     -0.00163162
    -0.000523844    -0.000508931
     -0.00191722     -0.00188961
    -0.000402882    -0.000621009
      0.00137392      0.00141713
     -0.00168075     -0.00175555
    -0.000510427    -0.000400923
    -0.000280427    -0.000249668
     -0.00541191     -0.00577286
     0.000846116      0.00102409
      -0.0033099     -0.00359135
     -0.00125007     -0.00129317
     -0.00395383     -0.00397767
     -0.00870786     -0.00870464
      0.00137786      0.00134846
      0.00224943      0.00217364
      -0.0012112     -0.00119733
     0.000433188     0.000427999
      0.00182129      0.00191451
     -0.00235847     -0.00259348
      0.00231218      0.00208385
    -0.000419458    -0.000502229
    -0.000185948    -4.45806e-05
      -0.0034821     -0.00302226
     -0.00736308     -0.00772197
     -0.00334062     -0.00336326
       4.031e-06    -1.85292e-05
      0.00134399      0.00142494
      -0.0044747     -0.00424153
      0.00164882      0.00166577
     -0.00288236     -0.00290563
    -0.000988853    -0.000951493
     -0.00119544     -0.00110387
      0.00164324      0.00168103
    -0.000146109    -0.000110397
      0.00123715      0.00131191
    -0.000464611    -0.000497969
     -0.00461944     -0.00476979
     -0.00508502     -0.00548222
     0.000488046      0.00050889
      0.00203251      0.00205461
      -0.0073177     -0.00705994
      0.00154505      0.00158506
     -0.00254955     -0.00268226
      0.00259398      0.00241811
     -0.00674921     -0.00675976
     -0.00725545     -0.00708377
      0.00131485     0.000991409
    -0.000638425    -0.000668216
       -0.001055     -0.00110048
      0.00228662      0.00223661
      0.00077582     0.000700166
     -0.00311343     -0.00309237
     -0.00259453     -0.00230317
     -0.00221235      -0.0023188
     -0.00069536    -0.000725914
     -0.00509312     -0.00483478
      -0.0091462     -0.00963165
      0.00207812      0.00208434
     -0.00437674     -0.00474915
     -0.00079985    -0.000748417
    -0.000635328    -0.000605235
     -0.00763422     -0.00753178
      5.1538e-05     8.71583e-05
     -0.00365206     -0.00345813
     -0.00496788     -0.00526748
     0.000206479      0.00030506
     -0.00224023     -0.00228433
    -0.000835424    -0.000808273
    -0.000837946    -0.000864817
     -0.00421681      -0.0045229
     -0.00207588     -0.00213111
     -0.00284968     -0.00302831
     -0.00533942     -0.00436031
      0.00179541      0.00188411
      0.00311676      0.00308744
     -0.00797778     -0.00792865
    -0.000837291    -0.000747968
     -0.00349959     -0.00359398
     0.000114257     3.21743e-05
      0.00126012      0.00123167
    -0.000642406    -0.000649046
    -0.000236733    -0.000105405
     0.000533006     0.000579723
     -0.00176989     -0.00199393
     -0.00218657     -0.00220227
     -0.00247434     -0.00252169
     -0.00297191      -0.0029364
      0.00220421      0.00216577
     -0.00323827     -0.00342316
     -0.00434632     -0.00418451
     -0.00508134     -0.00531824
      0.00231118      0.00233323
      0.00160355      0.00143841
     -0.00496962     -0.00475132
     -0.00373286     -0.00372624
     -0.00715852     -0.00648143
     -0.00293479     -0.00283025
      -0.0132859      -0.0136213
      0.00201532      0.00215093
     -0.00219948      -0.0020395
    -0.000335518    -0.000293948
    -0.000445362    -0.000394678
     0.000415787     0.000320949
      0.00253949      0.00260522
      0.00035536     0.000476815
     -0.00167478     -0.00161565
     0.000428401       0.0004851
     -0.00578007     -0.00514121
     -0.00144876      -0.0015251
     -0.00120325     -0.00131991
     0.000187878     0.000107809
     -0.00233325     -0.00253767
     -0.00112561      -0.0011807
     -0.00248638     -0.00257063
     -9.3055e-05     8.62641e-05
     0.000920146      0.00103166
      0.00087929     0.000960864
    -0.000216959    -0.000198168
     0.000262198     0.000229477
     -0.00123621     -0.00116313
      -0.0113679      -0.0110613
    -0.000473419    -0.000574373
      -0.0027813     -0.00225702
     0.000343919     0.000405072
    -0.000396337    -0.000250503
    -0.000631518    -0.000519074
    -0.000707633    -0.000721479
     -0.00812796     -0.00778566
      1.2358e-05     0.000186709
     -0.00429009     -0.00391878
      -0.0154989      -0.0155865
     -6.1821e-05    -9.06709e-05
     -0.00329008     -0.00321496
      0.00125254      0.00125735
      -0.0208084      -0.0205856
      -0.0106967      -0.0111961
     -0.00221664     -0.00210727
      0.00216165      0.00219219
      0.00132548      0.00114543
      0.00307745      0.00301359
     -0.00522985     -0.00504145
      -0.0026548     -0.00243581
     -0.00158169     -0.00159187
    -0.000928049     -0.00103892
    -0.000929454     -0.00097104
    -0.000416245     -0.00031195
     -0.00147048     -0.00145943
     0.000107579     9.23854e-05
     0.000615535       0.0007568
      -0.0086074     -0.00883005
    -0.000272425    -0.000229121
       0.0027844      0.00279541
      0.00053505     0.000541068
      0.00033547     0.000108347
     -0.00746572     -0.00824239
      -0.0020948     -0.00210511
      0.00197531      0.00190653
      -0.0101932      -0.0105767
     -0.00122761     -0.00135694
    -0.000948865    -0.000925383
    -0.000446128    -0.000425433
      -0.0089793     -0.00878862
     -0.00373759     -0.00386672
     -0.00104284     -0.00112299
      -0.0053655     -0.00536187
     -0.00342358     -0.00335269
     -0.00308672     -0.00311945
     0.000214563     0.000389462
     -0.00178478     -0.00169628
    -0.000681459    -0.000677296
     -0.00165839      -0.0017296
     -0.00418354     -0.00422606
       0.0019995      0.00214584
    -0.000793485     -0.00100474
     0.000190785     0.000196644
    -0.000213432    -0.000297317
     -0.00106288    -0.000960181
     0.000465483     0.000457569
     -0.00271304     -0.00267952
      0.00151273      0.00157513
    -0.000659636    -0.000554494
     -0.00425485     -0.00394092
     -0.00201542      -0.0020739
      0.00296848      0.00287425
     -0.00431713     -0.00440512
     -0.00573907     -0.00581932
      0.00105113      0.00109376
     -0.00200252     -0.00196695
      0.00203049      0.00205489
     0.000596342      0.00063605
     -0.00113159     -0.00124023
     0.000321281     0.000403211
     -0.00133313     -0.00156468
    -0.000481762    -0.000481675
      0.00119202      0.00124336
     -0.00252044     -0.00249915
     0.000450434     0.000377547
    -0.000436881    -0.000479943
      0.00106722      0.00103367
      -0.0109846      -0.0105265
    -0.000802865     -0.00077953
     -0.00373794     -0.00374553
     0.000210044     0.000163156
     -0.00681725      -0.0070585
     -0.00807706     -0.00709706
     -0.00107861     -0.00111224
     -0.00128263     -0.00125617
     0.000392494     0.000421539
    -0.000175524    -0.000160828
     0.000474766     0.000443028
     -0.00425955     -0.00423694
     -0.00121156     -0.00123783
     -0.00228393     -0.00228841
      0.00192764      0.00199296
      -0.0073108      -0.0062544
     -0.00316986     -0.00340437
     0.000618603     0.000705743
     -0.00313943     -0.00316129
      0.00223814      0.00241979
     -0.00204154     -0.00211313
      -0.0136665      -0.0132918
     -0.00221417     -0.00223779
     0.000269927     0.000306155
     -0.00253918     -0.00252816
     0.000899314     0.000840074
    -0.000263268    -0.000285702
     -0.00192945     -0.00197758
    -0.000426971    -0.000437106
     -0.00215985     -0.00213965
    -0.000828949    -0.000885698
     -0.00412959     -0.00436683
     -0.00145436     -0.00150864
      -0.0111408      -0.0123671
       0.0026032      0.00256668
     0.000309545      0.00028222
      0.00173296      0.00177938
       -0.007896     -0.00773594
     0.000599401     0.000533937
     -0.00448924      -0.0039869
     0.000226867     0.000230972
     -0.00464791     -0.00453537
     -0.00168579     -0.00181715
     -0.00267505     -0.00266611
     -0.00107331    -0.000961508
      0.00330023      0.00323707
      0.00182679      0.00182091
      -0.0048916     -0.00472932
     0.000429495     0.000475377
     -0.00345808     -0.00356733
    -0.000310061    -0.000360478
     -0.00275964     -0.00274705
     -0.00183385     -0.00172503
    -0.000314003    -0.000197856
     -0.00287078       -0.002966
     0.000498991      0.00058178
     -0.00846124     -0.00942048
     -0.00145198     -0.00195592
     -0.00750501     -0.00782307
     -0.00576699     -0.00584671
    -0.000329719    -0.000379483
    -0.000311692    -0.000315643
    -0.000296115    -0.000309858
      -0.0040964     -0.00411466
     -5.8012e-05    -2.65959e-05
      -0.0105639      -0.0105457
      0.00239005      0.00244457
      -0.0113501      -0.0116519
      -0.0067722      -0.0065787
    -0.000437876    -0.000414277
     -0.00446731     -0.00426938
    -0.000825501    -0.000787336
    -0.000400716    -0.000193502
    -0.000731046    -0.000675872
     -0.00935773     -0.00956879
     0.000405826     0.000421537
    -0.000245587    -0.000160427
    -0.000141106    -0.000151789
      -0.0052495     -0.00510111
     0.000654136     0.000683598
     -0.00127298     -0.00124897
     -0.00643789     -0.00638896
      0.00287239      0.00274916
     -0.00110807     -0.00110764
      -0.0108103      -0.0111974
     -0.00325387     -0.00313156
     0.000103075     0.000112428
     -0.00872581     -0.00860281
    -0.000225071    -0.000188606
     -0.00242804     -0.00244729
    -0.000551408    -0.000358448
     -0.00179914     -0.00182117
     -0.00225188     -0.00209387
      -0.0014889      -0.0013734
      0.00103962      0.00112834
      0.00249016      0.00240997
     -0.00243175     -0.00245704
     -0.00892623     -0.00906183
     0.000697367     0.000628328
     -0.00012478    -0.000136698
     -3.4043e-05    -2.92141e-05
    -0.000466013    -0.000464629
     -0.00156906     -0.00153509
     -0.00284111     -0.00293931
    -0.000791605    -0.000824812
    -0.000184819    -0.000202218
      0.00155826      0.00156187
     -0.00333504     -0.00317494
     -0.00149344    -0.000922714
      0.00141784      0.00141713
     0.000312814     0.000235822
      0.00119457      0.00108944
     0.000564727     0.000467402
    -0.000907855    -0.000470584
     -0.00157519     -0.00150249
     -0.00426546     -0.00418721
     0.000268789      0.00017297
     -0.00212569      -0.0020113
     0.000874795     0.000768159
     -0.00401942     -0.00398545
      0.00159521       0.0017771
      0.00481578      0.00492185
    -0.000306417    -0.000275045
     -0.00292474     -0.00299907
      -0.0114505      -0.0120336
     0.000253343       0.0001764
      0.00176972      0.00184796
    -0.000239349    -0.000225883
     0.000256136     0.000242028
     -0.00671859     -0.00694946
     -0.00315782      -0.0035372
     -0.00103178     -0.00112895
     -0.00466019     -0.00451259
     -0.00165506     -0.00126698
     -0.00033632    -0.000432031
      -0.0130114      -0.0129503
     -0.00126435     -0.00141759
     -0.00373296     -0.00354751
    -0.000232313    -0.000298295
      -0.0017501      -0.0017687
    -0.000924194     -0.00114407
    -0.000368777    -0.000328106
     -0.00048773    -0.000408044
      0.00155003      0.00152195
     -0.00158105     -0.00158766
     -0.00597947     -0.00622683
     -0.00175639     -0.00177814
      -0.0060028     -0.00608564
      9.4574e-05      0.00018815
     -0.00423954     -0.00430292
     -0.00461177     -0.00464746
    -0.000668815    -0.000682098
     0.000132457      0.00014417
      0.00131658      0.00133563
    -0.000377572    -0.000417602
       0.0025112      0.00254835
     -0.00664828     -0.00665425
     0.000212602      0.00021287
      0.00115239      0.00106359
     -0.00134375     -0.00145383
     -0.00102529     -0.00101084
    -0.000661806    -0.000634521
     -2.6297e-05     9.03519e-06
    -0.000371903    -0.000404627
     0.000114636    -4.74361e-05
     -0.00416856     -0.00401833
     -0.00639591     -0.00629134
      0.00195101      0.00204619
    -0.000190656    -8.50483e-05
      3.0281e-05     4.36003e-05
     0.000563715      0.00058093
      0.00123712       0.0011979
    -0.000219483    -0.000170009
      0.00294658      0.00292583
    -0.000841719    -0.000675418
      -0.0143155      -0.0135725
      -0.0014583     -0.00135106
     0.000355789     0.000272606
     -0.00308078     -0.00310048
      -0.0097347      -0.0093871
      -0.0138302      -0.0133736
     0.000191982     0.000227814
       -0.001093     -0.00107543
     -0.00605254     -0.00567428
      -0.0120827      -0.0130063
     -0.00572109     -0.00545294
     -0.00225905      -0.0023775
     -0.00254664     -0.00254999
      0.00244865      0.00247441
    -0.000343514    -0.000316873
     0.000576521     0.000832776
      -0.0081933     -0.00842671
    -0.000118896    -0.000130934
      0.00147353      0.00149865
     -0.00469583     -0.00532653
     -0.00168547     -0.00170687
     0.000339697     0.000418205
    -0.000124138    -0.000139098
     -0.00577925     -0.00590894
      0.00254742      0.00251496
     0.000408064     0.000335114
     -0.00114821     -0.00119907
     0.000243358     0.000169735
     -0.00211706     -0.00227047
     -0.00158436     -0.00158725
      -0.0104433      -0.0115747
    -0.000712073    -0.000792883
     -0.00270974     -0.00289616
      0.00236655      0.00245278
     -0.00246725     -0.00246973
     -0.00372924     -0.00368336
    -0.000670151     -0.00114459
     -0.00353662      -0.0038232
     -0.00075604    -0.000664691
      0.00125795      0.00126543
    -0.000587886    -0.000523839
      0.00178047       0.0015581
     -0.00230673     -0.00238834
      0.00332925      0.00328829
       0.0003375     0.000387242
      -0.0013662     -0.00141834
     -0.00167962     -0.00174992
     0.000194849     0.000154386
     -0.00165514     -0.00159751
    -0.000156873    -0.000216013
      -0.0027626     -0.00247988
     -0.00104326     -0.00138035
    -0.000308659    -0.000320016
      0.00335705      0.00334096
     -0.00519717     -0.00491257
       0.0016444      0.00165404
     0.000740376     0.000739443
     -0.00652711     -0.00637521
     -0.00303512     -0.00306625
    -0.000433091     -0.00036229
     -0.00166488     -0.00154857
     -0.00252744     -0.00248504
     -0.00280418     -0.00287734
     -0.00108218     -0.00115846
     0.000566133     0.000573269
     0.000271368     0.000243245
    -0.000822255    -0.000794762
     -0.00260605      -0.0025118
     -0.00206437     -0.00209846
    -0.000583808    -0.000550208
     -0.00380791     -0.00387118
      0.00114617      0.00118822
     -0.00144947     -0.00140587
     -0.00179392     -0.00179888
      -0.0093721     -0.00960211
      0.00182984      0.00179854
     0.000296595       0.0003143
      0.00151558      0.00154037
     -0.00195949     -0.00183649
      0.00355807      0.00350729
     0.000538238     0.000552521
     -0.00117544     -0.00116092
     -0.00259936     -0.00258167
     0.000372891     0.000422703
      0.00132534      0.00130377
     -0.00159296     -0.00168598
     -0.00113668     -0.00117494
     -0.00139611      -0.0011922
      0.00200129      0.00204825
     -0.00503954     -0.00496521
     0.000475649     0.000556489
    -0.000420982     -0.00044235
      0.00108012     0.000987954
    -0.000564924    -0.000594187
     -0.00570864     -0.00548253
      0.00062422      0.00060457
      -0.0011587     -0.00116524
     -0.00981839     -0.00953314
      0.00291662       0.0028035
      0.00303676      0.00304445
     -0.00177148     -0.00178394
     -0.00427097     -0.00461998
      -0.0115501      -0.0116795
     -0.00886887     -0.00894806
     -0.00127898     -0.00129906
     0.000202373     0.000159467
      0.00131533      0.00143049
     -0.00260322     -0.00272169
      -0.0048632     -0.00492853
      0.00215239      0.00212872
     -0.00115175     -0.00122011
     -0.00198385     -0.00199666
     -0.00822138      -0.0086104
      -0.0128397      -0.0131255
     -0.00954722     -0.00969582
     0.000542824     0.000547655
    -0.000198903    -0.000158783
     -0.00377449     -0.00375251
     0.000757866      0.00079065
       0.0014451       0.0015747
    -0.000149465    -9.91996e-05
      -0.0104705       -0.010066
    -0.000592733    -0.000594397
      0.00120164      0.00122661
     0.000325543     0.000457729
     -0.00419267     -0.00446871
    -0.000469671    -0.000461903
     -0.00898942     -0.00929194
    -0.000234306    -0.000175588
     -0.00520575     -0.00503267
     0.000889441     0.000825475
    -0.000624812    -0.000513592
     -0.00205419     -0.00212383
     -0.00400918     -0.00371373
     0.000518315     0.000454731
     -0.00971926      -0.0102662
     -0.00172403     -0.00174719
     -0.00413488     -0.00336569
     -0.00906057     -0.00838843
     0.000171301     0.000189846
      0.00268307      0.00265144
     -0.00183854     -0.00196679
      0.00146681      0.00163494
    -0.000742955    -0.000853649
     -0.00260737     -0.00260158
      0.00108245      0.00108043
      0.00305496      0.00298055
    -0.000437676     -0.00048841
     -0.00344306     -0.00349068
     -0.00396325     -0.00424982
      -0.0035686     -0.00314749
     -3.3726e-05    -2.05531e-05
    -0.000979572     -0.00101282
     0.000187322     0.000103643
     -0.00135301     -0.00135012
     0.000305799     0.000295138
    -0.000409919    -0.000317778
     -0.00908748     -0.00916737
     0.000374456     0.000356234
      -0.0233284      -0.0243567
     -0.00735278      -0.0075925
      0.00381319      0.00395525
      -0.0115586      -0.0113935
      -0.0105893      -0.0108637
     -0.00475414     -0.00474084
    -0.000644473    -0.000609589
      -0.0108074      -0.0112203
     -0.00343043     -0.00376107
     0.000233578     0.000161931
     -9.9329e-05    -0.000100741
     0.000404862      0.00046368
     -0.00662402     -0.00674258
     0.000579494     0.000413632
      -0.0013401     -0.00132552
     0.000558744     0.000469041
     -0.00705093     -0.00739622
     -0.00418194     -0.00431817
     -0.00536361     -0.00519082
      0.00207257      0.00210163
     -0.00619607     -0.00590972
     0.000350172     0.000416114
     -0.00530071     -0.00574309
     -0.00143461     -0.00137372
     -0.00239664     -0.00243711
    -0.000645644    -0.000609908
    -0.000416504    -0.000427971
      -0.0143354      -0.0140486
      -0.0109835      -0.0109835
      -0.0157241      -0.0155219
     -0.00330091     -0.00339336
      -0.0040446     -0.00354146
     -0.00150658     -0.00153231
     -0.00142309     -0.00145811
    -0.000748475    -0.000732166
     -0.00145819     -0.00155268
     -0.00205441      -0.0021323
     -0.00130484      -0.0013061
     0.000653203     0.000674047
      0.00213464      0.00198915
     -0.00235864     -0.00247155
     -0.00496754     -0.00484122
      0.00109225      0.00106512
     -0.00503824     -0.00500635
      -0.0043946     -0.00433342
    -0.000142528    -0.000232942
     0.000965466      0.00120139
       0.0003183     0.000272674
      0.00164718      0.00167982
     0.000969257     0.000968778
     0.000362658     0.000367197
    -0.000901262    -0.000913465
    -0.000206274     -0.00015325
     0.000225957     0.000237623
     -0.00253775     -0.00242066
     -0.00303489     -0.00323995
    -0.000690865    -0.000687727
      0.00144224      0.00143328
      0.00156878      0.00127293
     -0.00942011     -0.00994759
     -0.00194809     -0.00213081
     -0.00115075     -0.00120989
       4.076e-05    -0.000159515
     -0.00350096     -0.00346198
     -0.00147282     -0.00145607
     0.000474363     0.000420854
    -0.000973534     -0.00104871
     -0.00237449     -0.00227789
     -0.00502545     -0.00478244
      -0.0057405      -0.0055898
     -0.00246823     -0.00242409
     0.000630704      0.00065967
    -0.000261357    -0.000216404
     -0.00289006     -0.00326942
      0.00488073      0.00498591
     0.000191531     0.000222918
     0.000459868     0.000479394
     -0.00392469      -0.0035837
     -0.00174014     -0.00159982
     -2.3838e-05    -4.84351e-05
     -0.00188743     -0.00180612
      0.00105054     0.000896777
    -0.000787668    -0.000765554
     0.000300565     0.000292963
    -0.000793441    -0.000597027
     -0.00128823     -0.00125464
      0.00028934     0.000304178
     -0.00244658     -0.00233495
     0.000277406     0.000259463
     -0.00124607     -0.00123448
     0.000481583     0.000513726
      0.00232554      0.00227806
     -0.00988694     -0.00978604
      -0.0134683      -0.0121333
      0.00101573      0.00110802
    -0.000213744    -0.000196551
     0.000469416      0.00051486
    -0.000219899    -0.000274413
      0.00148976      0.00134683
     0.000230681     0.000319725
       0.0028257      0.00288245
      0.00123947      0.00130179
      0.00082341     0.000803175
      0.00196982      0.00203724
     -0.00887486     -0.00982426
      -0.0270034      -0.0271429
     -0.00802398     -0.00773501
     0.000412778     0.000520569
      3.0687e-05      8.5847e-05
      0.00158724      0.00176817
    -0.000322989    -0.000414808
      -0.0081561     -0.00790983
    -0.000834264    -0.000719359
    -0.000667151    -0.000646192
     -0.00653767     -0.00674758
     -0.00370983     -0.00382138
    -0.000934342    -0.000992855
     -0.00253531     -0.00241582
     -0.00144609     -0.00136302
      8.0527e-05       5.905e-05
     0.000348738     0.000333771
     -0.00167583     -0.00178511
     0.000588817     0.000526367
     -0.00232953     -0.00235528
      0.00167285      0.00168989
     -0.00234287     -0.00209039
     -0.00747251     -0.00755621
     -0.00156747     -0.00156446
    -0.000619393    -0.000613784
     -0.00122805     -0.00120966
     0.000129649     0.000206349
      0.00206672      0.00210839
     -0.00100228    -0.000958134
     -0.00324762     -0.00328092
      -0.0074851     -0.00689396
     -0.00333323      -0.0033461
     -0.00214929     -0.00215475
      0.00135905      0.00137292
     0.000784998     0.000949183
      0.00353415      0.00345201
    -0.000410506    -0.000421509
      0.00158537      0.00162854
     -0.00302462     -0.00315169
     0.000253668     0.000316474
      0.00223834      0.00214958
      0.00205178      0.00202613
     0.000287294     0.000333134
     -0.00432923     -0.00393184
     -0.00389661     -0.00378674
      -0.0119202      -0.0117506
     -0.00276111      -0.0026651
      -0.0100195      -0.0104084
      6.5024e-05     3.79787e-05
     -0.00394498     -0.00466713
     -0.00799439     -0.00833571
     -0.00401842     -0.00432618
      0.00220182      0.00230636
      -0.0055504      -0.0054816
     -0.00103078    -0.000957526
     0.000709761     0.000729962
     0.000987147      0.00106814
      0.00205595      0.00208313
      0.00173723      0.00172778
     -0.00710194     -0.00670479
     0.000479103     0.000492442
      0.00313954      0.00324696
     0.000855789     0.000865633
    -0.000773898    -0.000696209
     -0.00877478     -0.00883232
     0.000405546     0.000470109
    -0.000401335    -0.000432412
     -0.00604988     -0.00615583
     0.000969007      0.00098748
     -0.00234514      -0.0023728
     0.000313299     0.000281923
     -0.00176722     -0.00185295
       0.0011312      0.00114334
     -0.00409478     -0.00388806
     -0.00468623     -0.00463257
     -0.00175947     -0.00180948
     -0.00340302     -0.00358512
      6.5674e-05     0.000105457
      -0.0105581      -0.0106005
     -0.00319921     -0.00296407
     -0.00821024     -0.00769819
     -0.00280583     -0.00267555
     -0.00131472     -0.00154108
      0.00312242      0.00310028
     -0.00174709     -0.00150878
     -0.00133269     -0.00130486
      -0.0016036     -0.00168715
      0.00237778      0.00240419
     -0.00194199     -0.00173417
     -0.00566218     -0.00557083
     -0.00236954     -0.00237949
      -0.0170165      -0.0165023
      0.00156375      0.00152484
     0.000237163     0.000372442
     -0.00176107     -0.00179077
      -0.0128421      -0.0126147
     -0.00529531     -0.00522184
      0.00219949      0.00225955
      0.00386803      0.00395745
     0.000135858    -7.89607e-07
     0.000305045     7.49929e-05
      4.7212e-05    -4.18975e-06
      -0.0059566     -0.00605516
    -0.000369815    -0.000141621
     -0.00314651     -0.00348341
     -0.00257577     -0.00270176
    -0.000485042    -0.000381541
    -0.000965603    -0.000945543
     0.000627777     0.000791968
      -0.0174679      -0.0177845
      0.00304754      0.00289377
      0.00354713       0.0033675
      0.00299994      0.00307105
      0.00109324      0.00123438
     -0.00233243     -0.00261176
     -0.00615007     -0.00591977
      0.00116684      0.00120812
     0.000858487     0.000971997
     0.000399159     0.000563215
     -0.00283776     -0.00293569
      0.00293371      0.00296364
     -0.00114559     -0.00119397
     0.000751494     0.000772251
     -0.00148743     -0.00260262
      -0.0037575     -0.00386982
    -0.000490861    -0.000378767
     -0.00245452     -0.00243245
     -0.00318661     -0.00343831
     -0.00103762     -0.00104773
      0.00151208      0.00164304
      0.00100967     0.000908281
     -0.00256704     -0.00265812
     -0.00156611     -0.00167077
      -0.0041284     -0.00418761
    -0.000445643    -0.000468212
    -0.000593621    -0.000597824
     -0.00374371     -0.00366155
     -0.00350471     -0.00348294
     -0.00769658     -0.00796595
      -0.0052117     -0.00510417
      0.00377472      0.00389949
     0.000124962     0.000139459
      -0.0153396      -0.0156198
     -0.00517525     -0.00452872
     0.000700761     0.000735395
     -0.00159154      -0.0015973
     0.000803739     0.000800907
     0.000461827     0.000495143
      0.00300184      0.00304899
    -0.000902723    -0.000936652
      0.00187934       0.0019659
     -0.00118301      -0.0011267
      -0.0023489     -0.00234227
      -0.0041547      -0.0038616
     -0.00520585     -0.00536366
     0.000352462     0.000327763
     -0.00350484      -0.0038356
    -0.000111495    -7.53328e-05
      0.00150315      0.00147853
    -0.000687458     -0.00075909
     -0.00092639    -0.000900691
     -0.00287675     -0.00279739
     -3.2771e-05    -0.000121303
     0.000184518     0.000222822
      0.00204103      0.00206541
     -8.0842e-05     2.27172e-05
     0.000756785     0.000740052
     -0.00358064     -0.00373243
     -0.00282273     -0.00339879
    -0.000162942    -0.000150985
     -0.00315838     -0.00309001
     0.000839953     0.000817215
      6.4957e-05    -0.000159901
     -0.00182495     -0.00172678
      0.00246976      0.00237388
     -0.00713086     -0.00772638
     -0.00615391     -0.00615508
    -0.000796647    -0.000775385
     -0.00338125     -0.00318844
    -0.000470623    -0.000983874
       0.0020151      0.00201325
    -0.000656861    -0.000890914
      0.00118645      0.00127914
     -0.00180843     -0.00183183
     -0.00801605      -0.0079937
     -0.00664351        -0.00706
      0.00065395     0.000281045
      0.00089088     0.000796165
     -0.00713601     -0.00717094
     0.000833034     0.000728252
     -0.00422374     -0.00391055
    -0.000984907     -0.00109068
    -0.000186224    -0.000247457
      -0.0133323      -0.0130092
     -0.00376745     -0.00374065
      -0.0115618      -0.0113125
     -0.00483011      -0.0049174
     0.000713067     0.000808399
    -0.000651724     -0.00067783
     0.000376073     0.000420035
     -0.00292456     -0.00294733
