QM Energy	FF Energy
     -6.0819e-05      -6.087e-05
     -0.00016999    -0.000163807
    -0.000218732    -0.000212282
    -0.000419231    -0.000513252
    -0.000723907    -0.000899479
    -0.000672754    -0.000902467
    -0.000211475    -0.000220366
     -1.6931e-05    -2.15934e-05
     -5.4237e-05    -4.94215e-05
       -3.27e-05    -3.15952e-05
    -0.000113189    -0.000131511
     -6.7901e-05    -7.20048e-05
     -0.00130764     -0.00163631
    -0.000112042    -0.000119064
    -0.000938864     -0.00102191
    -0.000131755    -0.000135432
    -0.000407538    -0.000482467
    -0.000192202     -0.00019851
     -7.3735e-05    -8.26686e-05
    -0.000328688    -0.000428669
    -0.000579419     -0.00065831
     -7.8487e-05    -8.55867e-05
     -3.7742e-05    -3.80617e-05
    -0.000898229    -0.000873502
     -0.00127367     -0.00118129
    -0.000129282    -0.000146368
      -0.0003233    -0.000338767
    -0.000224568    -0.000328727
    -0.000821843     -0.00105621
    -0.000302628    -0.000320553
    -0.000103442    -9.71413e-05
    -0.000214093    -0.000215687
    -0.000556899    -0.000637715
    -0.000165247    -0.000169273
    -0.000141454    -0.000173324
     -3.0132e-05    -2.94423e-05
      -8.115e-05    -7.99143e-05
    -0.000226179    -0.000211102
     -8.2159e-05    -8.05869e-05
     -5.9301e-05    -6.09228e-05
     -6.2167e-05    -7.06417e-05
     -0.00117583     -0.00131859
    -0.000258086    -0.000267945
    -0.000225774    -0.000237589
    -0.000321933    -0.000539399
     -0.00128975     -0.00141929
    -0.000160123    -0.000167578
     -8.9533e-05    -9.08667e-05
     -4.4651e-05     -4.8017e-05
    -0.000343849    -0.000355936
    -0.000183916    -0.000167009
    -0.000819263    -0.000935566
    -0.000790589    -0.000965316
    -0.000332549    -0.000370601
     -0.00076253    -0.000960026
    -0.000299669    -0.000321878
    -0.000703847    -0.000745606
    -0.000120565    -0.000126851
    -0.000185835     -0.00017457
     -0.00160303     -0.00195713
     -0.00022371    -0.000227651
    -0.000105347    -9.89933e-05
    -0.000439735    -0.000570293
     -7.2242e-05    -7.34129e-05
     -6.0763e-05    -5.64694e-05
      -8.658e-05    -0.000144925
    -0.000143553    -0.000183173
      -8.043e-05    -7.44184e-05
     -5.4683e-05    -5.34941e-05
     -0.00192794      -0.0022196
    -0.000114428    -0.000119347
     -9.1836e-05    -8.86481e-05
     -4.8543e-05    -4.45494e-05
    -0.000122882    -0.000129181
     -9.2405e-05    -8.60401e-05
     -2.7709e-05     -2.5205e-05
     -5.6732e-05    -5.32412e-05
    -0.000331508     -0.00037505
    -0.000826506    -0.000812206
    -0.000527547    -0.000614689
     -3.0035e-05    -2.73325e-05
      -4.876e-05    -4.68434e-05
     -0.00230597     -0.00261233
    -0.000381545    -0.000422671
    -0.000811317     -0.00078963
     -3.4948e-05    -3.11679e-05
     -6.9982e-05    -6.47207e-05
    -0.000416376    -0.000462194
    -0.000410863    -0.000514721
    -0.000121877     -0.00012151
    -0.000114928    -0.000116529
     -6.1918e-05    -6.06782e-05
    -0.000662878     -0.00075045
    -0.000162044    -0.000161951
    -0.000149611    -0.000144145
     -5.4821e-05    -5.46867e-05
      -0.0017081     -0.00175212
    -0.000120085    -0.000120996
    -0.000236159    -0.000250363
    -0.000296964    -0.000348005
    -0.000266016    -0.000489122
    -0.000185816    -0.000186021
    -0.000175695    -0.000174357
       -2.43e-05    -2.82482e-05
     -3.3256e-05    -3.37001e-05
    -0.000119093    -0.000125472
      -5.756e-05    -6.61304e-05
     -3.1218e-05     -3.2155e-05
    -0.000179883     -0.00022091
     -0.00122078     -0.00103476
     -7.5683e-05    -7.69518e-05
    -0.000105413    -9.64613e-05
     -5.8675e-05    -6.10581e-05
     -4.1416e-05    -3.77244e-05
     -7.8344e-05    -8.45608e-05
    -0.000207285    -0.000194637
    -0.000177259    -0.000243016
    -0.000175065    -0.000183038
    -0.000305337    -0.000337546
     -0.00096764     -0.00102643
    -0.000197485    -0.000245175
    -0.000442375    -0.000503923
     -4.7028e-05    -4.44645e-05
     -4.9929e-05    -4.87894e-05
     -3.6166e-05    -3.65185e-05
    -0.000881872     -0.00118407
     -0.00116125     -0.00140831
     -6.6731e-05    -6.41843e-05
    -0.000127957    -0.000118505
     -3.0225e-05    -3.51232e-05
    -0.000361141    -0.000402945
     -9.9208e-05    -9.33824e-05
    -0.000356033      -0.0005038
    -0.000121105    -0.000115803
    -0.000420777    -0.000471151
    -0.000354289    -0.000396335
    -0.000110598    -0.000114678
    -0.000598795    -0.000590717
     -5.5601e-05    -5.84361e-05
     -0.00021465    -0.000215336
     -8.9549e-05    -9.50488e-05
     -0.00166444     -0.00159239
     -3.0864e-05    -3.40198e-05
    -0.000146273    -0.000161267
    -0.000185551     -0.00019557
     -5.2759e-05    -5.62509e-05
     -8.0572e-05    -7.64887e-05
    -0.000803015    -0.000822642
     -0.00124214     -0.00112828
    -0.000702516    -0.000702851
    -0.000331176    -0.000334871
    -0.000217127    -0.000301692
     -2.8304e-05    -6.30927e-05
    -0.000114847    -0.000120707
    -0.000400754    -0.000432201
    -0.000222809     -0.00023425
     -0.00176903     -0.00154859
    -0.000102735    -0.000103515
     -4.5395e-05    -4.17577e-05
    -0.000612601    -0.000691495
    -0.000179444    -0.000184758
    -0.000529511    -0.000576937
     -0.00206289     -0.00175302
    -0.000287552      -0.0002984
    -0.000636842    -0.000882031
    -0.000150179    -0.000434601
     -4.1278e-05    -5.04666e-05
    -0.000528256    -0.000687273
     -5.4967e-05    -6.47343e-05
     -0.00139268     -0.00168312
    -0.000118891    -0.000122403
     -5.7622e-05    -5.99537e-05
    -0.000113426    -0.000120935
     -5.4363e-05    -5.18118e-05
     -3.8981e-05    -4.70599e-05
    -0.000821149    -0.000908565
    -0.000177663    -0.000184218
     -5.5484e-05    -5.15842e-05
     -7.5467e-05    -6.90585e-05
     -0.00012786    -0.000138778
    -0.000131712    -0.000143541
     -0.00241991     -0.00260763
    -0.000191142    -0.000186215
    -0.000209049    -0.000216599
    -0.000233377    -0.000252204
      -6.564e-05    -6.13337e-05
     -0.00022315    -0.000225603
     -4.0444e-05    -3.94246e-05
    -0.000179558    -0.000199703
    -0.000191578    -0.000180749
    -0.000160499    -0.000156252
    -0.000178132    -0.000163214
     -2.9887e-05    -3.01805e-05
    -0.000187278    -0.000180139
     -0.00010518    -0.000111116
     -7.2795e-05    -7.02083e-05
     -7.8344e-05    -8.72159e-05
    -0.000327836    -0.000418569
      -1.934e-05    -1.82266e-05
     -6.3047e-05    -6.09912e-05
    -0.000461647     -0.00050174
    -0.000150539    -0.000168791
     -7.2077e-05    -7.26284e-05
    -0.000414761    -0.000480012
    -0.000225825    -0.000252343
    -0.000746583    -0.000769555
     -5.9268e-05    -6.16791e-05
    -0.000332138    -0.000350314
     -5.7317e-05    -5.28126e-05
    -0.000130796    -0.000134914
    -0.000210595    -0.000207694
    -0.000686681     -0.00093381
     -5.4186e-05    -5.32765e-05
    -0.000183477    -0.000186894
      -6.604e-05    -7.74808e-05
    -0.000114971    -0.000119549
    -0.000506959    -0.000574459
    -0.000136325     -0.00015017
     -9.4895e-05     -9.8478e-05
     -0.00063272     -0.00062251
     -6.4778e-05    -7.94106e-05
    -0.000880942     -0.00117551
    -0.000118483    -0.000121991
    -0.000125173    -0.000118592
    -0.000536474    -0.000569291
      -0.0013426     -0.00146744
    -0.000208729    -0.000211277
    -0.000892193    -0.000910179
    -0.000355069    -0.000399066
     -3.0738e-05    -2.78284e-05
    -0.000375661    -0.000408761
     -0.00137051     -0.00195793
     -9.3322e-05    -9.19397e-05
    -0.000497813    -0.000516268
    -0.000298073    -0.000368646
    -0.000257947    -0.000266644
    -0.000329302    -0.000341649
    -0.000481863    -0.000534247
    -0.000189705     -0.00018305
     -9.2788e-05    -8.98837e-05
    -0.000566463    -0.000526871
     -6.3179e-05     -6.3883e-05
    -0.000207915    -0.000224612
     -8.1558e-05    -8.75273e-05
    -0.000155087    -0.000175994
     -0.00190689     -0.00217341
    -0.000628523    -0.000626706
    -0.000386999    -0.000414348
    -0.000485268    -0.000576275
     -9.9958e-05     -0.00011096
    -0.000338225    -0.000390923
    -0.000362029    -0.000384208
    -0.000206877    -0.000203854
     -8.1773e-05    -8.15716e-05
    -0.000359589    -0.000422036
    -0.000230665    -0.000231267
    -0.000747412    -0.000783338
    -0.000165396    -0.000156848
     -0.00015357    -0.000159706
     -6.8804e-05    -6.57894e-05
     -0.00020719    -0.000201369
    -0.000168191    -0.000190078
     -6.9499e-05    -6.25708e-05
    -0.000278316    -0.000280734
    -0.000118149     -0.00011824
    -0.000590145    -0.000582612
     -0.00125188     -0.00118603
     -4.6256e-05    -4.63572e-05
      -5.817e-05    -6.12375e-05
     -0.00106484     -0.00107505
     -9.2815e-05    -0.000105427
     -0.00108127     -0.00133892
    -0.000807001    -0.000975399
    -0.000833151    -0.000841275
     -0.00223666     -0.00211621
      -3.997e-05    -3.73244e-05
     -7.4802e-05     -7.0503e-05
    -0.000753651    -0.000745159
      -6.671e-05    -7.86729e-05
    -0.000357112    -0.000396339
    -0.000302683    -0.000337349
    -0.000868657    -0.000944845
    -0.000251285    -0.000238897
     -9.3048e-05    -9.72931e-05
    -0.000738689    -0.000774507
    -0.000483426    -0.000576915
    -0.000695885    -0.000779259
    -0.000327871     -0.00042376
     -5.7908e-05     -6.4434e-05
     -2.3405e-05    -5.72972e-05
    -0.000143853    -0.000145932
    -0.000141552    -0.000138834
    -0.000187353    -0.000186792
    -0.000135449    -0.000172456
     -3.7024e-05    -3.40786e-05
    -0.000712417    -0.000776696
     -8.8095e-05    -9.14953e-05
    -0.000100259     -0.00010846
    -0.000117007    -0.000106668
     -3.4348e-05    -3.27191e-05
    -0.000126004    -0.000139185
    -0.000142663    -0.000150009
     -0.00071852    -0.000725539
    -0.000120676    -0.000216248
    -0.000527103    -0.000592483
    -0.000110476    -0.000118084
    -0.000225315    -0.000275503
    -0.000220125    -0.000266928
    -0.000365177    -0.000446502
    -0.000201721    -0.000216396
    -0.000100918    -9.47686e-05
      -9.149e-05    -8.22497e-05
     -0.00199223     -0.00166537
    -0.000191227     -0.00022733
     -8.9195e-05    -8.73084e-05
    -0.000126934    -0.000147526
    -0.000116478    -0.000118056
     -8.3301e-05    -8.45704e-05
     -0.00124226     -0.00116291
     -3.3752e-05     -3.0899e-05
     -0.00299423     -0.00311589
     -2.7379e-05    -2.46894e-05
     -9.2689e-05    -0.000113093
     -6.8118e-05    -7.11588e-05
     -6.8723e-05    -7.13167e-05
     -0.00017541    -0.000204696
      -5.289e-05    -9.11624e-05
    -0.000626064    -0.000620882
     -3.2118e-05    -3.15896e-05
     -4.3375e-05    -4.05443e-05
     -8.8862e-05    -0.000126145
    -0.000432245    -0.000538524
      -4.939e-05    -4.71218e-05
    -0.000416283    -0.000466432
      -3.985e-05    -3.86369e-05
     -8.0123e-05    -8.22974e-05
     -0.00022119    -0.000251869
     -0.00012717    -0.000112123
     -7.3917e-05      -6.948e-05
    -0.000123205    -0.000131961
     -7.4831e-05    -6.76761e-05
     -3.7247e-05    -3.45378e-05
    -0.000121451    -0.000116913
     -5.4504e-05    -5.38796e-05
     -7.5462e-05    -7.85498e-05
     -3.8172e-05    -3.49326e-05
     -0.00108271     -0.00106534
    -0.000303082    -0.000351388
    -0.000168187     -0.00015785
     -3.9545e-05    -4.42252e-05
    -0.000140062    -0.000154878
     -5.6587e-05    -5.88092e-05
    -0.000202469    -0.000251119
    -0.000467889    -0.000499345
    -0.000499678    -0.000455915
     -6.7165e-05     -6.6483e-05
    -0.000249825    -0.000282773
    -0.000194853    -0.000204375
     -4.9829e-05    -4.85948e-05
    -0.000145575    -0.000138007
    -0.000145798    -0.000136101
    -0.000563244    -0.000573717
     -3.8259e-05    -3.68365e-05
    -0.000521534    -0.000508355
     -0.00114905     -0.00115505
     -2.9421e-05    -3.64946e-05
    -0.000137022    -0.000171138
     -5.7246e-05    -7.92206e-05
    -0.000320584     -0.00033449
      -3.314e-05     -2.9948e-05
    -0.000296504    -0.000309857
    -0.000246928    -0.000246429
     -3.8332e-05    -3.72929e-05
     -9.2935e-05    -8.88258e-05
    -0.000265533    -0.000289075
    -0.000210356    -0.000356965
     -4.6569e-05    -4.26486e-05
     -6.8213e-05    -7.48302e-05
    -0.000155861    -0.000160127
     -8.7216e-05    -9.70549e-05
     -3.6923e-05    -3.45193e-05
     -0.00127128     -0.00140008
    -0.000156451     -0.00015403
    -0.000534253    -0.000755813
     -0.00010416    -9.79524e-05
    -0.000953966    -0.000944849
    -0.000160344    -0.000155071
     -0.00109991     -0.00112002
    -0.000374009    -0.000397424
    -0.000108007    -0.000152733
    -0.000215374    -0.000251976
     -3.1913e-05    -3.23242e-05
     -7.5124e-05    -7.18088e-05
     -9.5759e-05    -0.000102079
     -0.00172418     -0.00178944
    -0.000102496     -0.00012081
    -0.000889311     -0.00094993
    -0.000262184    -0.000279536
    -0.000120108    -0.000150979
     -7.4251e-05    -0.000118807
     -3.6806e-05    -3.61757e-05
    -0.000467707    -0.000499167
     -4.9661e-05    -5.33142e-05
    -0.000142128    -0.000146511
    -0.000658897    -0.000659455
     -0.00059219    -0.000689229
    -0.000174172    -0.000161046
    -0.000419994    -0.000427371
    -0.000280421    -0.000289536
    -0.000141927    -0.000150345
     -7.8722e-05    -7.33615e-05
    -0.000246414    -0.000265284
    -0.000542417    -0.000683487
    -0.000108701    -0.000145214
    -0.000155196    -0.000156137
     -0.00105483     -0.00117443
    -0.000426335    -0.000457586
    -0.000516814    -0.000573511
    -0.000560766    -0.000605189
      -4.558e-05    -7.14551e-05
     -6.5432e-05    -6.50265e-05
    -0.000779536    -0.000814624
     -0.00116665     -0.00111161
    -0.000102009    -0.000102145
    -0.000115017    -0.000119755
     -6.2413e-05     -8.6436e-05
     -0.00052715    -0.000600598
    -0.000552823    -0.000630187
    -0.000119325    -0.000125854
     -9.0054e-05    -8.25377e-05
    -0.000637541    -0.000623567
    -0.000855731    -0.000935169
     -2.3314e-05    -2.30586e-05
    -0.000101981    -0.000112012
    -0.000992355     -0.00123589
    -0.000642104    -0.000858318
    -0.000120517    -0.000135707
     -3.9794e-05    -3.81628e-05
    -0.000158231    -0.000197509
    -0.000288306    -0.000332634
    -0.000105542    -0.000128791
     -0.00160565     -0.00195994
    -0.000645226    -0.000831592
      -9.487e-05    -9.62314e-05
    -0.000184085      -0.0001935
    -0.000719806    -0.000771626
    -0.000317951    -0.000347708
     -9.6535e-05    -0.000120508
     -4.2665e-05     -4.7059e-05
    -0.000121662    -0.000183139
    -0.000187098    -0.000180454
    -0.000132967    -0.000141168
     -3.0587e-05    -3.01005e-05
     -6.8302e-05    -6.20144e-05
    -0.000594361    -0.000709389
    -0.000814782     -0.00105041
     -8.9436e-05    -9.17306e-05
     -6.7099e-05    -6.75058e-05
     -9.6441e-05    -9.70737e-05
     -7.6956e-05    -7.34151e-05
    -0.000205841    -0.000225716
    -0.000230915    -0.000264334
    -0.000301798    -0.000394848
    -0.000162079    -0.000309831
     -3.8231e-05    -3.81205e-05
    -0.000783964    -0.000885866
    -0.000456709    -0.000596136
     -5.0155e-05    -5.28371e-05
     -6.2327e-05    -5.66086e-05
    -0.000765096    -0.000777545
    -0.000855552     -0.00103369
      -5.009e-05    -4.81786e-05
     -2.9378e-05      -2.621e-05
      -0.0016039     -0.00202849
    -0.000240987    -0.000244457
    -0.000100339    -9.75385e-05
    -0.000176538    -0.000163104
    -0.000131841    -0.000132565
    -0.000346256    -0.000403175
     -0.00177473      -0.0022324
     -5.9953e-05    -5.69122e-05
    -0.000119763    -0.000149631
     -0.00114904     -0.00131162
    -0.000378365    -0.000400546
     -5.3702e-05    -5.21038e-05
    -0.000193221    -0.000202421
     -7.8647e-05    -8.68292e-05
    -0.000944564    -0.000912254
     -3.7062e-05    -3.36068e-05
     -7.4317e-05    -0.000147658
    -0.000706592    -0.000921619
    -0.000205574    -0.000199536
      -8.338e-05    -8.00975e-05
     -9.0104e-05    -9.62025e-05
     -6.5416e-05    -6.00603e-05
     -3.2128e-05    -3.20121e-05
    -0.000182557    -0.000187663
    -0.000343504    -0.000405422
    -0.000491252    -0.000549677
    -0.000106936    -0.000110895
    -0.000310201    -0.000337671
    -0.000166889    -0.000154397
     -2.9219e-05    -3.62865e-05
     -0.00124281     -0.00160803
     -5.6796e-05    -5.63698e-05
    -0.000253296    -0.000275009
    -0.000617993    -0.000827154
    -0.000535492      -0.0006064
     -0.00116172     -0.00146061
     -5.1837e-05     -5.1652e-05
      -7.473e-05    -6.74973e-05
     -9.2116e-05    -9.61735e-05
     -0.00102436     -0.00104955
    -0.000264049    -0.000259245
     -0.00162555     -0.00201814
    -0.000743689     -0.00103646
     -8.5766e-05    -7.86811e-05
    -0.000193818    -0.000191622
     -4.8701e-05    -4.98149e-05
    -0.000501656    -0.000640105
    -0.000424279    -0.000470803
     -4.3253e-05    -4.37189e-05
    -0.000122644    -0.000167677
    -0.000105748    -0.000107801
    -0.000861444     -0.00113473
    -0.000207747    -0.000267228
     -0.00024135    -0.000255392
    -0.000237599    -0.000233064
    -0.000192524    -0.000180108
    -0.000212237    -0.000224926
     -5.4731e-05    -5.70188e-05
     -7.4813e-05    -9.53186e-05
     -7.8905e-05    -7.93502e-05
    -0.000857846    -0.000895082
    -0.000777605    -0.000681643
    -0.000101076     -9.4028e-05
    -0.000129408    -0.000134936
    -0.000128613    -0.000113636
    -0.000364039    -0.000377025
    -0.000177742    -0.000184145
     -0.00021615    -0.000217208
    -0.000596921    -0.000674065
     -4.5397e-05    -4.56005e-05
    -0.000344385    -0.000391496
    -0.000424401    -0.000456098
    -0.000461486    -0.000452243
      -6.183e-05    -5.99245e-05
    -0.000958181    -0.000863721
     -0.00157679     -0.00169132
    -0.000233881    -0.000253672
    -0.000653994      -0.0007655
    -0.000106533     -0.00010523
    -0.000521331    -0.000554063
     -4.7085e-05    -4.71677e-05
    -0.000196055    -0.000207859
    -0.000305896    -0.000324075
    -0.000326421    -0.000337993
    -0.000288281    -0.000293581
     -0.00076759    -0.000887352
    -0.000552519    -0.000533282
    -0.000383297    -0.000406421
     -0.00012422    -0.000131836
    -0.000398426    -0.000449205
    -0.000642574      -0.0007372
     -4.7693e-05     -4.3307e-05
    -0.000106054     -0.00010324
    -0.000110404    -0.000138868
    -0.000369613    -0.000374028
    -0.000537017    -0.000579603
     -4.3884e-05    -4.28674e-05
    -0.000446163    -0.000460434
     -0.00127538     -0.00164001
    -0.000826372    -0.000836121
    -0.000517239    -0.000634059
    -0.000561926    -0.000794444
     -0.00171293     -0.00147881
    -0.000741027     -0.00077274
    -0.000379325    -0.000403575
    -0.000185553    -0.000199471
     -0.00131394     -0.00133634
     -4.0137e-05    -3.98637e-05
    -0.000108491    -0.000105511
     -4.0064e-05    -4.42608e-05
    -0.000788553    -0.000900716
    -0.000967293    -0.000801214
    -0.000813817      -0.0010424
    -0.000148171     -0.00013167
    -0.000136042    -0.000139346
      -2.249e-05    -2.54524e-05
    -0.000167285    -0.000157891
     -7.4512e-05    -7.19655e-05
    -0.000544496    -0.000630353
    -0.000122478    -0.000119891
     -3.0885e-05     -2.8227e-05
     -3.1042e-05    -3.05703e-05
    -0.000384341    -0.000415126
     -2.6595e-05    -2.38078e-05
      -0.0011809     -0.00129793
    -0.000199992     -0.00024127
    -0.000374367    -0.000412932
    -0.000888969    -0.000918178
    -0.000202007    -0.000185624
     -0.00131957      -0.0017378
    -0.000136325    -0.000142494
    -0.000111506    -0.000104876
      -3.435e-05    -3.61426e-05
     -0.00295052     -0.00309391
    -0.000179012    -0.000204929
     -0.00028568    -0.000287935
     -3.2965e-05    -4.22287e-05
    -0.000947958     -0.00115915
    -0.000121994    -0.000126174
    -0.000585989    -0.000754763
     -5.2036e-05    -4.97677e-05
    -0.000704703    -0.000904724
     -4.3305e-05    -4.36815e-05
    -0.000661049    -0.000687834
    -0.000672815    -0.000691496
    -0.000167845    -0.000262657
    -0.000152609    -0.000155149
    -0.000354833    -0.000373557
    -0.000221421    -0.000228379
    -0.000863379     -0.00126975
    -0.000472679    -0.000501568
     -0.00235047     -0.00198896
     -0.00139518     -0.00172761
    -0.000119561    -0.000124923
    -0.000201888    -0.000187721
    -0.000215274    -0.000208932
    -0.000281243    -0.000298626
    -0.000337549    -0.000384117
     -6.7935e-05    -7.70981e-05
    -0.000311183    -0.000325762
     -5.3029e-05    -5.10609e-05
    -0.000100332    -9.58389e-05
    -0.000294022    -0.000321887
     -9.8238e-05    -0.000103868
     -2.5791e-05    -3.44997e-05
    -0.000242122    -0.000263603
    -0.000407881    -0.000429926
    -0.000773259    -0.000811035
    -0.000180197    -0.000172798
     -3.3247e-05    -2.69037e-05
     -0.00157255     -0.00172596
     -9.0862e-05    -9.35123e-05
    -0.000339278    -0.000401466
    -0.000299139    -0.000317947
    -0.000113073    -0.000115868
    -0.000363455    -0.000426225
    -0.000144312    -0.000130771
     -0.00013646    -0.000129265
    -0.000609034    -0.000739316
     -3.3828e-05    -3.88167e-05
    -0.000267357    -0.000369574
    -0.000198254    -0.000205421
     -0.00152615     -0.00168773
    -0.000603762    -0.000641593
    -0.000227349    -0.000247457
     -8.8414e-05    -9.55543e-05
    -0.000146347    -0.000159072
     -7.1939e-05    -7.42789e-05
     -0.00031037    -0.000318392
    -0.000717918    -0.000648439
     -0.00048198    -0.000461277
     -0.00057081    -0.000668346
     -5.3695e-05    -5.09147e-05
     -5.5566e-05    -7.60086e-05
    -0.000334712    -0.000388371
     -0.00105093     -0.00144487
      -5.007e-05    -4.96733e-05
     -0.00090383    -0.000919225
    -0.000122948    -0.000120862
      -0.0010163      -0.0013571
    -0.000427706    -0.000461775
    -0.000217737    -0.000242474
     -0.00057252    -0.000737579
    -0.000219459    -0.000266712
     -7.2185e-05    -7.21125e-05
    -0.000149051    -0.000155201
    -0.000979097    -0.000956025
    -0.000618403    -0.000639292
    -0.000959516     -0.00112563
    -0.000530095     -0.00064994
     -4.4063e-05    -6.45994e-05
    -0.000384042    -0.000434432
      -8.797e-05    -8.21531e-05
    -0.000311253    -0.000364461
     -0.00168615     -0.00188548
     -2.6136e-05    -2.60338e-05
    -0.000749742    -0.000759364
    -0.000526034    -0.000522799
    -0.000152032    -0.000134682
     -5.6556e-05     -5.5862e-05
     -0.00146125     -0.00161265
     -5.1892e-05    -5.73455e-05
     -6.6326e-05    -6.68923e-05
     -6.7964e-05    -6.67167e-05
     -9.1511e-05    -9.63559e-05
    -0.000164082     -0.00017121
    -0.000518868    -0.000558989
     -0.00099391     -0.00110303
     -0.00267004     -0.00304342
     -6.3852e-05    -7.19134e-05
     -9.9663e-05     -0.00010273
    -0.000941879     -0.00123741
    -0.000936532     -0.00116423
    -0.000164263     -0.00019621
     -5.2455e-05    -4.97598e-05
    -0.000825662    -0.000895731
    -0.000618477    -0.000583867
     -8.7779e-05    -8.89402e-05
    -0.000126813    -0.000130602
     -3.2814e-05    -3.37176e-05
     -5.5227e-05    -5.09682e-05
    -0.000649066    -0.000774974
    -0.000135389    -0.000177454
     -0.00130064     -0.00179635
    -0.000112687    -0.000108449
    -0.000159887    -0.000161125
    -0.000130515    -0.000140919
     -5.2478e-05    -5.58215e-05
    -0.000401576    -0.000485581
    -0.000175144    -0.000178028
     -7.7214e-05    -7.74988e-05
    -0.000127459    -0.000119519
     -5.7239e-05    -6.47318e-05
     -0.00113641     -0.00137656
     -0.00129036     -0.00119521
     -0.00010265    -0.000107907
     -5.6557e-05    -7.16297e-05
     -6.6717e-05    -6.42474e-05
     -2.8594e-05    -2.58504e-05
     -0.00029546     -0.00028936
    -0.000380612    -0.000457952
     -7.2041e-05    -7.18358e-05
    -0.000130095    -0.000142099
     -0.00037926    -0.000441987
    -0.000966815     -0.00128413
    -0.000355678     -0.00045299
     -0.00218648     -0.00236765
    -0.000484108    -0.000583298
    -0.000126232    -0.000135963
    -0.000299405    -0.000545443
     -9.7591e-05    -9.82698e-05
    -0.000311879      -0.0003213
     -5.2299e-05    -5.35599e-05
    -0.000214785    -0.000214545
    -0.000810556    -0.000911028
    -0.000560579    -0.000612845
     -7.7281e-05    -0.000126206
    -0.000152494    -0.000150387
    -0.000160482     -0.00015026
     -0.00178656     -0.00224465
     -0.00131126     -0.00143869
    -0.000696949    -0.000776115
    -0.000164329    -0.000168361
    -0.000256199    -0.000334032
     -0.00018601    -0.000196445
     -5.6582e-05     -5.1334e-05
    -0.000762021    -0.000865771
     -8.1499e-05    -7.98257e-05
     -0.00050943    -0.000614622
     -4.9347e-05    -4.77286e-05
    -0.000198761    -0.000207529
    -0.000443481    -0.000477408
     -1.6776e-05    -3.40324e-05
     -6.1909e-05    -6.74048e-05
    -0.000675904    -0.000666744
     -5.2857e-05    -5.05125e-05
    -0.000256226    -0.000273157
    -0.000357483    -0.000418126
    -0.000247038    -0.000272158
    -0.000122732    -0.000106985
    -0.000321783     -0.00036067
     -9.7031e-05    -0.000103694
     -0.00128312     -0.00114775
     -7.5627e-05    -8.77108e-05
     -1.2737e-05    -2.62687e-05
    -0.000296229    -0.000357207
    -0.000187832    -0.000185357
    -0.000609322      -0.0007087
    -0.000260099    -0.000263197
    -0.000563865    -0.000628435
    -0.000456653    -0.000511141
    -0.000265685    -0.000284208
     -4.0804e-05    -4.05828e-05
     -7.7298e-05    -9.42936e-05
     -8.4347e-05    -8.74895e-05
    -0.000210288    -0.000231084
    -0.000370578    -0.000484574
     -0.00146071      -0.0017554
    -0.000149549    -0.000148889
     -2.2958e-05     -3.0229e-05
    -0.000252098    -0.000261875
    -0.000240328    -0.000228807
      -2.632e-05    -2.96146e-05
    -0.000659073    -0.000730981
    -0.000726786    -0.000799798
     -3.4855e-05    -4.25002e-05
     -7.1761e-05    -6.81608e-05
     -0.00105184     -0.00142653
     -7.1557e-05     -6.6659e-05
     -0.00011056    -0.000122408
      -8.809e-05    -9.54666e-05
    -0.000258892    -0.000291868
     -5.5782e-05    -5.38936e-05
    -0.000176531    -0.000189242
     -0.00273439     -0.00304082
    -0.000111016    -0.000111999
     -4.5994e-05    -4.33993e-05
     -0.00146428     -0.00130969
     -0.00011542    -0.000122446
     -6.0971e-05    -5.75872e-05
    -0.000166615    -0.000165062
    -0.000187575    -0.000181198
    -0.000208641    -0.000211741
     -6.1494e-05    -5.51906e-05
     -7.0529e-05    -6.90614e-05
    -0.000207474    -0.000241074
    -0.000146298    -0.000135289
      -0.0002068    -0.000201777
    -0.000123051    -0.000119948
     -9.1109e-05    -8.09352e-05
     -3.0134e-05    -3.12172e-05
    -0.000733078    -0.000876287
     -0.00133533     -0.00133159
     -9.3065e-05    -0.000104388
    -0.000885518     -0.00104504
    -0.000114687    -0.000136821
     -0.00140927     -0.00185408
    -0.000144988    -0.000151485
     -7.3645e-05    -7.24028e-05
    -0.000163957    -0.000174486
     -5.1717e-05    -6.13196e-05
     -9.7517e-05    -0.000123894
    -0.000140569    -0.000155171
    -0.000133085    -0.000126389
    -0.000111777    -0.000120314
     -6.0573e-05    -6.12618e-05
     -6.7124e-05    -6.35686e-05
     -6.5469e-05    -6.49136e-05
    -0.000104044    -9.34905e-05
    -0.000635452    -0.000656384
     -3.6583e-05     -4.2772e-05
    -0.000296294    -0.000328542
    -0.000129991    -0.000130317
    -0.000662401    -0.000763512
     -7.5671e-05    -7.01259e-05
    -0.000473205    -0.000542283
       -3.96e-05    -4.25234e-05
      -4.642e-05    -5.00928e-05
    -0.000124722    -0.000115461
     -2.9518e-05    -3.04621e-05
     -0.00111058     -0.00126226
    -0.000176435    -0.000169234
     -3.6217e-05    -3.66468e-05
    -0.000274208    -0.000266598
     -3.7576e-05     -3.6921e-05
     -0.00018983    -0.000185472
    -0.000119959    -0.000109274
    -0.000190026    -0.000183083
     -0.00108488     -0.00141091
     -9.6449e-05    -0.000126107
     -8.6972e-05    -9.17384e-05
    -0.000111838    -0.000114551
      -5.896e-05    -6.31194e-05
     -5.5213e-05    -5.55355e-05
     -6.7271e-05    -6.36909e-05
    -0.000366356    -0.000530907
     -8.7917e-05    -0.000100911
     -0.00012491    -0.000131423
     -5.1738e-05    -5.03089e-05
    -0.000321141    -0.000381828
    -0.000529537    -0.000612035
    -0.000147962    -0.000146111
    -0.000180264    -0.000287831
    -0.000119364    -0.000114973
     -0.00017778    -0.000174267
     -6.4197e-05    -6.04946e-05
    -0.000664854    -0.000833925
     -4.4352e-05    -4.67201e-05
     -3.3236e-05    -3.86575e-05
     -2.8309e-05    -2.73669e-05
     -0.00015187    -0.000140106
    -0.000337579    -0.000510772
    -0.000454731    -0.000508823
     -7.3354e-05    -8.65359e-05
    -0.000691497    -0.000688009
    -0.000571415    -0.000636521
     -9.7885e-05    -9.37555e-05
    -0.000904112    -0.000874304
    -0.000234024    -0.000250739
     -2.7773e-05    -2.75317e-05
    -0.000562379    -0.000537973
    -0.000560487    -0.000686402
    -0.000238278    -0.000263366
     -0.00212513     -0.00250178
     -3.7054e-05    -4.17529e-05
      -3.335e-05    -3.11587e-05
     -4.5807e-05    -5.61708e-05
     -4.1097e-05      -3.777e-05
    -0.000502694    -0.000525834
    -0.000574427    -0.000706308
     -9.5529e-05    -0.000102962
     -0.00010988    -0.000102862
    -0.000274151    -0.000297192
     -6.7824e-05      -8.938e-05
    -0.000553202    -0.000610012
    -0.000267792    -0.000282458
    -0.000308739    -0.000372208
    -0.000200568    -0.000222475
     -0.00153436     -0.00202852
    -0.000396214    -0.000396216
     -6.2672e-05     -6.0915e-05
     -5.6751e-05    -5.58613e-05
    -0.000104661    -0.000101363
    -0.000112509    -0.000107421
    -0.000300178    -0.000344953
     -5.2806e-05    -4.72416e-05
     -8.2918e-05    -8.72506e-05
    -0.000643489    -0.000697542
     -3.4786e-05    -3.76311e-05
      -6.066e-05    -6.56391e-05
     -0.00099805     -0.00130176
     -2.5545e-05    -2.16914e-05
    -0.000118987    -0.000141278
    -0.000400089    -0.000409509
     -8.8357e-05    -0.000105051
     -0.00056357    -0.000624521
    -0.000374014    -0.000402416
    -0.000140534    -0.000144395
     -2.1173e-05    -2.94016e-05
     -3.9948e-05    -3.80137e-05
    -0.000280625    -0.000297952
     -8.6272e-05    -8.69604e-05
    -0.000993001     -0.00114988
    -0.000222338    -0.000248636
     -6.4041e-05    -6.43764e-05
     -0.00102476    -0.000940131
    -0.000862713    -0.000921491
    -0.000203837    -0.000237279
     -5.0067e-05    -4.85657e-05
    -0.000262992    -0.000267548
    -0.000754714    -0.000864822
    -0.000127783    -0.000171687
     -5.0792e-05    -5.25155e-05
    -0.000500632     -0.00056823
    -0.000257782     -0.00027957
     -6.4884e-05    -5.82454e-05
    -0.000395063    -0.000415535
     -6.5332e-05     -5.9792e-05
     -2.8654e-05    -2.60845e-05
    -0.000780053     -0.00100357
    -0.000113266    -0.000116991
     -0.00021512    -0.000223075
     -6.9579e-05    -7.42408e-05
