QM Energy	FF Energy
     -0.00230288     -0.00224277
      3.7013e-05     1.49079e-05
     -0.00425952     -0.00455034
     -5.4233e-05    -5.16934e-05
    -0.000114414    -9.07343e-05
     -0.00203943     -0.00183786
    -0.000291143     -0.00025406
    -0.000901253    -0.000992686
    -0.000315481    -0.000284733
    -0.000281298    -0.000337065
     -9.0875e-05    -0.000191809
    -0.000163728    -0.000132409
     -0.00230923     -0.00204916
     -0.00129718     -0.00124768
     -0.00109507     -0.00114098
    -0.000423668    -0.000433074
     -0.00146089     -0.00137779
      -5.654e-05    -4.14938e-05
     -0.00429972       -0.004175
      6.8454e-05     5.28353e-05
    -0.000856967    -0.000815038
     -0.00137552     -0.00125829
    -0.000624721    -0.000605953
     -0.00372713      -0.0035966
     -0.00886632     -0.00854192
    -0.000738309    -0.000630195
     -0.00029861    -0.000328921
    -0.000581236    -0.000515397
    -0.000254552     -0.00023458
    -0.000539445    -0.000450024
    -0.000993591     -0.00120156
     -0.00150581     -0.00141942
    -0.000966871    -0.000913945
    -0.000819033    -0.000872486
      -0.0102988      -0.0118803
     -0.00485079     -0.00431217
      -0.0031515     -0.00367603
    -0.000215686    -0.000178834
     -0.00771195      -0.0077523
    -0.000164457    -0.000158082
     -0.00205264     -0.00212569
     -0.00526647     -0.00600912
     -0.00683915     -0.00744515
     -0.00119923     -0.00127116
    -0.000700011    -0.000824219
    -0.000553648    -0.000575976
     -0.00512124     -0.00416035
      -0.0144067      -0.0147943
      -0.0140757      -0.0131177
    -0.000610569    -0.000674049
      -0.0025657     -0.00236468
      -0.0027015     -0.00260948
     -0.00339529      -0.0034294
    -0.000776168    -0.000846238
     -0.00907611     -0.00727058
      -0.0056113     -0.00522567
    -0.000180195    -0.000167237
     -0.00118221     -0.00114853
    -0.000283712    -0.000223103
     -0.00475108      -0.0048399
     -0.00454697     -0.00404873
    -0.000434087    -0.000449619
      4.1776e-05     1.46646e-05
     -0.00448752     -0.00470329
       7.666e-06     2.30339e-05
     -0.00186089     -0.00225715
     -0.00207629     -0.00202619
       -0.002497     -0.00262783
     -0.00440822     -0.00492729
     -0.00265624     -0.00282587
    -0.000160473    -0.000106704
     -8.6619e-05    -7.88935e-05
      -0.0015217     -0.00151002
    -0.000219967    -0.000216125
     -0.00777931     -0.00782978
     -0.00211165     -0.00206334
     -0.00762312     -0.00776705
    -0.000234472    -0.000312483
    -0.000123132    -0.000130918
    -0.000293707    -0.000416895
     -0.00929281     -0.00904668
    -0.000283941     -0.00025276
    -0.000118528    -0.000111326
    -0.000332809    -0.000417668
     -0.00101074    -0.000967184
    -0.000113874    -0.000168202
     -0.00524552     -0.00501383
     -0.00575419      -0.0057163
     -1.4703e-05    -6.26637e-05
    -0.000535546    -0.000483708
     -0.00321014     -0.00332081
    -0.000109762    -0.000137075
    -0.000766831    -0.000668167
     -0.00175858     -0.00188905
    -0.000221854    -0.000275225
      -0.0137146      -0.0141024
     -0.00761439      -0.0068012
    -0.000618538    -0.000694243
      -0.0030117     -0.00308652
    -0.000200899    -0.000189864
       2.233e-06     4.45057e-05
    -0.000481634    -0.000400038
    -0.000168852    -0.000194272
     -0.00882119     -0.00983381
     -0.00379752     -0.00423495
     -0.00501036     -0.00419942
     -0.00776545     -0.00756362
    -0.000801629    -0.000506833
    -0.000312001    -0.000302912
     -0.00150659     -0.00143768
    -0.000418752    -0.000387996
     -0.00664707     -0.00618757
    -0.000208807    -0.000195273
    -0.000618024     -0.00075085
     -0.00260999     -0.00314758
    -0.000576141     -0.00048246
     -0.00117139     -0.00104752
     -0.00154727     -0.00154403
     -0.00220545     -0.00221124
     -0.00671804     -0.00595363
     -0.00868173      -0.0091166
     -0.00118651     -0.00133862
     -0.00084936     -0.00090146
    -0.000198124    -0.000170715
    -0.000240362    -0.000287211
    -0.000402696     -0.00034325
    -0.000632489    -0.000588339
     -0.00347167     -0.00380096
     -0.00149174     -0.00155424
    -0.000480548    -0.000586638
    -0.000420322    -0.000443261
    -0.000141757    -0.000177784
      4.6232e-05     2.50125e-05
     -0.00489321     -0.00550529
    -0.000285758    -0.000281678
    -0.000693551    -0.000491899
    -0.000349148    -0.000346604
    -0.000371876    -0.000386331
     -0.00238559     -0.00266638
    -0.000130973    -0.000135489
     -0.00167086     -0.00175517
     -0.00318692     -0.00332125
     -1.5244e-05     -3.2636e-05
     -0.00101534    -0.000962115
     -0.00180217     -0.00172694
     -1.6323e-05    -4.47712e-05
    -0.000149825    -0.000145663
     -0.00651713     -0.00678784
    -0.000384488    -0.000413068
    -0.000703148     -0.00086395
     -0.00130061     -0.00156148
     -0.00114502     -0.00128504
     -0.00486184     -0.00492364
     -0.00705145     -0.00766414
     -0.00947353       -0.009104
    -0.000153614    -0.000177363
     -0.00170031     -0.00144981
      -0.0131919      -0.0134091
     -0.00675254     -0.00765803
     -6.4882e-05    -7.39094e-05
    -0.000250253    -0.000264083
     -0.00027592    -0.000214908
     -0.00208609     -0.00224404
    -0.000313856    -0.000291498
    -0.000208091    -0.000139037
    -0.000241786    -0.000186849
    -0.000686376    -0.000580029
     -0.00532085     -0.00476573
     -6.2894e-05    -5.48443e-05
    -0.000483725    -0.000467744
    -0.000382998    -0.000362065
    -0.000349563    -0.000355017
     -0.00049431     -0.00043057
      -0.0100783     -0.00977663
    -0.000846445    -0.000871042
      -0.0017724     -0.00196353
     -0.00222924     -0.00201789
     -0.00754134     -0.00766645
     -0.00124571     -0.00115998
       -0.002292     -0.00233444
     -8.6373e-05    -9.37746e-05
     -0.00446568     -0.00436124
     -0.00272849     -0.00277415
     -0.00680651     -0.00696625
     -0.00785044     -0.00694381
    -0.000281804    -0.000303828
    -0.000274995    -0.000220723
     -0.00187794     -0.00200093
    -0.000432039    -0.000403811
     -0.00296457     -0.00260284
    -0.000328483     -0.00027794
    -0.000314885    -0.000282028
    -0.000525555    -0.000590862
    -0.000249646    -0.000247596
     -0.00250237     -0.00257174
    -0.000301215    -0.000222353
    -0.000611503    -0.000627311
    -0.000490939    -0.000419367
     -0.00109716     -0.00128999
      -0.0061172     -0.00592303
    -0.000167819    -0.000166394
      -0.0013045     -0.00115494
     -0.00972188      -0.0081827
     -0.00128586     -0.00158004
     -3.5044e-05    -6.99326e-05
      -0.0031227     -0.00333704
     -7.0597e-05    -7.25553e-05
    -0.000341777    -0.000330138
    -0.000567904    -0.000627227
     -0.00193949     -0.00229721
     -0.00120205     -0.00129472
    -0.000214922    -0.000242479
     -0.00119858       -0.001227
    -0.000525958    -0.000592596
    -0.000740016    -0.000751632
     -2.5669e-05    -2.53397e-05
    -0.000412127    -0.000356274
     -0.00126496     -0.00145289
      -0.0271807      -0.0276829
      2.2194e-05    -3.77321e-05
    -0.000180139    -0.000222994
    -0.000201289    -0.000194846
    -0.000956528     -0.00100215
    -0.000267597    -0.000199554
     -0.00053117     -0.00046063
     -0.00044507    -0.000492223
     -0.00390061     -0.00386332
    -0.000372896    -0.000378218
    -0.000421534    -0.000518746
    -0.000284368    -0.000344176
    -0.000563793    -0.000551204
     -0.00329955     -0.00304125
      -6.882e-05    -7.00213e-05
     -0.00460263     -0.00479857
     -0.00256227     -0.00237567
    -0.000555356    -0.000539722
    -0.000290332    -0.000260888
    -0.000473017    -0.000539317
    -0.000215177    -0.000196078
     -0.00326378     -0.00339312
    -0.000373316    -0.000371272
      -0.0118582      -0.0112428
     -0.00131328     -0.00125685
    -0.000383423    -0.000392015
    -0.000436843    -0.000178292
     -0.00261276     -0.00271724
     -0.00710411     -0.00699158
    -0.000118627    -0.000149964
    -0.000615549    -0.000577166
    -0.000837978     -0.00088613
     -0.00314629     -0.00316086
    -0.000222317    -0.000356637
     -6.6917e-05       -9.06e-05
     -0.00203267     -0.00200813
     -0.00219136     -0.00212948
     -0.00263948     -0.00249702
     0.000127924     0.000228899
    -0.000491005    -0.000443857
     -0.00905179     -0.00842056
     -2.5401e-05     2.51141e-05
      5.2002e-05     4.78482e-05
      -0.0014828     -0.00159313
     -0.00799149     -0.00663324
     -0.00168857     -0.00166312
    -0.000657492    -0.000618216
    -0.000720235    -0.000681241
    -0.000123898     -0.00013762
      7.0444e-05     7.36945e-05
     -0.00305077      -0.0033564
    -0.000188983    -0.000183996
    -0.000216689    -0.000254183
    -0.000356497    -0.000270683
    -0.000199525    -0.000229996
     -0.00150457     -0.00141879
     -0.00198232     -0.00216424
     -2.8112e-05    -4.49813e-05
     -0.00163886     -0.00178905
    -0.000426318    -0.000350341
     -0.00107432     -0.00118464
     -0.00188764     -0.00211052
     -0.00107893     -0.00127957
     -0.00143177     -0.00129104
     -0.00095378     -0.00110923
     -0.00654177     -0.00722787
     -0.00450788      -0.0045392
     -0.00437055     -0.00462363
    -0.000167462    -0.000183751
     -5.7175e-05    -5.67613e-05
     -6.9592e-05    -8.55368e-05
     -0.00313124     -0.00346708
     -0.00015233    -0.000143861
     -0.00645766     -0.00690258
    -0.000388233    -0.000356654
     -0.00117164     -0.00106723
    -0.000585596    -0.000675391
     -0.00107434     -0.00108118
     -0.00428719     -0.00391185
    -0.000270903    -0.000252414
      -0.0011572     -0.00117102
    -0.000324707     -0.00030885
    -0.000280529    -0.000242998
      -0.0129247      -0.0135568
    -0.000781494    -0.000764123
    -0.000978604    -0.000882236
    -0.000238813    -0.000338179
    -0.000182316    -0.000222109
     -0.00242548     -0.00242451
     -0.00289537     -0.00340516
     -0.00220758     -0.00247603
     -0.00124707     -0.00135887
     -0.00616797     -0.00665527
    -0.000198939    -0.000193945
    -0.000815733     -0.00089445
     -0.00408973     -0.00383613
     -0.00275346     -0.00266061
     -0.00324801     -0.00360282
     -0.00116607     -0.00121862
     -0.00562817     -0.00511144
     -0.00389747     -0.00370191
     -0.00914186     -0.00966887
     -0.00233475     -0.00231238
    -0.000154012    -0.000129341
     -0.00117293     -0.00104876
    -0.000863402    -0.000924959
     -0.00188118     -0.00217072
     -3.8899e-05    -7.15476e-05
    -0.000495017    -0.000470211
     -0.00055608     -0.00052199
    -0.000278653    -0.000284539
    -0.000948818    -0.000991933
      -0.0161887      -0.0154557
     -9.6164e-05    -0.000113519
     -0.00624653     -0.00611731
      -9.856e-05    -8.75989e-05
    -0.000523388    -0.000361172
    -0.000222867    -0.000237648
     -6.0135e-05    -7.57205e-05
     -0.00233043        -0.00198
    -0.000651814    -0.000739138
    -0.000391474    -0.000308796
    -0.000251713    -0.000250964
     -0.00010816    -0.000161675
      -2.175e-05    -3.52573e-05
    -0.000159715    -0.000214349
     -0.00238551     -0.00221298
    -0.000936806    -0.000848287
      1.2998e-05     1.94164e-05
      -0.0056328     -0.00527642
      1.8291e-05      1.9141e-05
     -0.00102946    -0.000939278
     -0.00134746     -0.00120924
     -0.00587484     -0.00593677
    -0.000550882    -0.000587147
     -0.00577382     -0.00620312
    -0.000376921    -0.000406805
        1.24e-05    -3.33564e-05
    -0.000361843    -0.000273124
    -0.000157622    -0.000142536
    -0.000504224    -0.000471604
     -0.00999921     -0.00938419
     -0.00377355     -0.00399265
    -0.000108092    -8.76906e-05
    -0.000368071    -0.000377979
     -1.1332e-05    -3.88619e-06
     -0.00527604     -0.00459428
     -0.00179967     -0.00174901
    -0.000131872    -7.67481e-05
     -0.00467291     -0.00503103
     -0.00135976     -0.00174301
      -0.0026624     -0.00272977
     -0.00321067     -0.00370064
     -0.00108044    -0.000959847
    -0.000417614    -0.000375862
    -0.000653081    -0.000658203
     -6.7477e-05    -0.000100049
    -0.000521555    -0.000382114
    -0.000901376    -0.000970459
    -0.000372778    -0.000354668
     -0.00100668    -0.000941442
     -7.2412e-05     0.000137681
    -0.000187149    -0.000148248
     -0.00931841     -0.00955398
    -0.000116081    -0.000113513
    -0.000119293    -9.08654e-05
      2.8241e-05      1.5903e-05
     -0.00606107     -0.00660453
    -0.000106191    -0.000132882
      2.0149e-05     0.000107323
     -0.00416912     -0.00451973
    -0.000259108    -0.000171101
    -0.000423356    -0.000430998
     -0.00134221     -0.00132106
    -0.000368689    -0.000291614
       -0.000126    -0.000130593
     -0.00152297     -0.00142268
     -0.00614539     -0.00629961
    -0.000267547    -0.000279908
     -0.00651892     -0.00686983
     -0.00391805      -0.0037176
     -0.00583057     -0.00514703
      -0.0103769     -0.00958229
     -9.9815e-05    -0.000100458
    -0.000977496    -0.000916232
    -0.000289669    -0.000353868
     -0.00462244      -0.0053214
    -0.000698699    -0.000657889
     -0.00260432     -0.00276049
     -0.00120546      -0.0010562
     -0.00321767     -0.00385785
     -6.5525e-05    -8.73504e-05
    -0.000400184    -0.000397535
     -0.00081512    -0.000845548
    -0.000611173    -0.000652769
    -0.000170672    -0.000168389
     -0.00058533    -0.000558816
      4.0936e-05     5.98248e-05
      -0.0029691     -0.00280053
     -0.00014514    -0.000121581
     -0.00572011     -0.00509048
     -0.00292758     -0.00339199
     -0.00468426     -0.00447505
    -0.000767059      -0.0010278
    -0.000111193    -0.000115748
    -0.000353639    -0.000334589
     -0.00810227     -0.00802347
    -0.000117225    -0.000120287
    -0.000193088    -0.000222761
     -0.00249699     -0.00256748
    -0.000487225     -0.00048396
    -0.000336447    -0.000184472
    -0.000990814    -0.000920229
      -0.0027958     -0.00269175
    -0.000112258    -0.000123596
     -0.00159223     -0.00152867
      -6.905e-05    -8.44273e-05
        -0.00407     -0.00387269
    -0.000480628    -0.000470962
    -0.000326471     -0.00028986
      -0.0018723     -0.00183648
    -0.000278933    -0.000276232
     -0.00238152     -0.00262962
     -0.00200031     -0.00201319
     -8.2186e-05    -8.51453e-05
     -0.00738577     -0.00648858
     -0.00143161     -0.00155859
    -0.000382055     -0.00034665
    -0.000499738    -0.000541213
     -0.00426417      -0.0035247
    -0.000270787     -0.00025727
    -0.000151119    -0.000156201
    -0.000173108    -0.000167136
     -0.00100491    -0.000999266
     -0.00815766     -0.00770505
     -0.00292587     -0.00324202
      -0.0040521     -0.00314836
     -0.00117422     -0.00116558
     -0.00141186     -0.00176466
    -0.000736034    -0.000795878
     -0.00347315     -0.00359978
     -0.00184492     -0.00185757
     -0.00717901     -0.00739603
    -0.000472697    -0.000487855
     -0.00014766    -0.000132638
     -0.00392918     -0.00369282
    -0.000153303    -0.000172536
    -0.000374709    -0.000349853
    -0.000302868    -0.000301577
    -0.000292204     -0.00047116
    -0.000519207    -0.000590283
     -0.00152078     -0.00145873
    -0.000596275    -0.000572945
    -0.000464004    -0.000493419
    -0.000412558    -0.000404215
     -0.00399616      -0.0044592
     -0.00019443    -0.000170926
     -0.00153217     -0.00149505
     -2.5192e-05    -4.00796e-05
    -0.000239125    -0.000264909
    -0.000202885    -0.000140721
     -0.00174481     -0.00194728
      -0.0156161      -0.0166069
     -0.00956858      -0.0104105
    -0.000732802       -0.000606
    -0.000287118    -0.000289752
     -0.00486916     -0.00510543
     -0.00010663    -9.55176e-05
    -0.000627903    -0.000432072
     -0.00125761      -0.0014196
      -0.0167355      -0.0173629
    -0.000373168    -0.000382311
    -0.000270383    -0.000332247
    -0.000187262    -0.000189752
     -0.00115072     -0.00117279
      -0.0023858     -0.00250265
      3.7524e-05     1.86602e-05
    -0.000244704    -0.000309766
     -0.00721918     -0.00748081
    -0.000921656     -0.00110795
     -0.00100379    -0.000803256
    -0.000556364     -0.00066627
      -0.0002653    -0.000295471
     -0.00169672     -0.00159267
     -0.00141065     -0.00115436
      -0.0029537     -0.00282098
      1.3007e-05    -1.34213e-05
    -0.000716249    -0.000686872
     -0.00310525     -0.00275818
       7.918e-05     4.06171e-05
    -0.000208651     -0.00013103
       4.152e-05     4.93906e-05
    -0.000145182    -0.000171287
    -0.000278623    -0.000268616
     -0.00119131     -0.00126081
    -0.000708994    -0.000724999
       -5.53e-05     3.25663e-05
     -0.00104414    -0.000921492
     -5.7546e-05     -8.0824e-06
     -0.00240413      -0.0027277
     -0.00102928     -0.00101338
    -0.000647747    -0.000790575
    -0.000271679    -0.000224777
     -8.5943e-05    -0.000134414
    -0.000215255    -0.000213033
     -0.00113255    -0.000992802
     -0.00031422    -0.000292029
    -0.000693676    -0.000595314
     -7.5593e-05    -8.13651e-05
     -0.00659304     -0.00675209
    -0.000905588    -0.000893658
     -0.00017606    -0.000162149
     -5.5092e-05     -8.0741e-05
     -9.0034e-05    -8.08106e-05
     -0.00375857     -0.00343293
    -0.000356384    -0.000350349
     -0.00798651     -0.00752639
     -0.00935071     -0.00958568
     -0.00487023     -0.00439701
     -0.00202775     -0.00200657
    -0.000468461    -0.000424443
    -0.000863347    -0.000901497
        4.79e-06     1.53091e-05
     -0.00156459     -0.00143778
    -0.000202614    -0.000190751
     -0.00195812     -0.00199549
     -8.3462e-05    -6.74894e-05
     -0.00135438     -0.00136546
    -0.000439443    -0.000447443
    -0.000497678    -0.000505506
    -0.000610518    -0.000608313
     -0.00276404     -0.00279959
     -3.2809e-05    -8.66421e-05
     -4.0076e-05    -4.28003e-05
    -0.000237794    -0.000225929
      0.00010869     0.000188862
    -0.000163885     -0.00016783
    -0.000296574    -0.000319907
     -0.00251151     -0.00222271
    -0.000885317    -0.000989507
     -0.00196644     -0.00217539
    -0.000216571    -0.000159491
     -0.00034056    -0.000367158
     -0.00165665     -0.00172248
     -5.5821e-05    -5.43534e-05
    -0.000166033    -0.000172614
    -0.000278288     -0.00022899
    -0.000443137    -0.000427822
    -0.000339681    -0.000413695
    -0.000459829    -0.000558539
    -0.000263091    -0.000259864
     -0.00138222     -0.00134524
     0.000128692     0.000122386
    -0.000768002     -0.00067426
     -0.00348047     -0.00323657
     -0.00313053     -0.00294305
    -0.000387289    -0.000352755
    -0.000389246    -0.000380066
     -9.5611e-05     -0.00012565
     -0.00143836        -0.00133
       -0.010218      -0.0110908
     -0.00136233       -0.001394
     -0.00129776     -0.00122679
     -0.00201266     -0.00231987
    -0.000342123    -0.000325248
     -0.00102752     -0.00127886
    -0.000278455     -0.00030806
    -0.000321878    -0.000323466
     -0.00720848     -0.00729722
     -0.00205192     -0.00218271
     -0.00419515     -0.00389368
      -6.843e-05    -8.29676e-05
     -6.0292e-05    -5.80287e-05
     -7.8026e-05    -0.000107084
    -0.000533024    -0.000493802
    -0.000381277    -0.000373851
    -0.000910864     -0.00110784
     -0.00526973     -0.00514462
    -0.000146023    -0.000157287
    -0.000431545    -0.000503884
     -0.00109799    -0.000730515
    -0.000243072     -0.00023498
      -0.0224124      -0.0188723
    -0.000155579    -0.000144196
    -0.000161197    -0.000145142
    -0.000171745    -0.000207651
     -0.00036461    -0.000340768
    -0.000763697    -0.000729346
    -0.000277494    -0.000231233
      -0.0217543      -0.0213631
    -0.000205831    -0.000189071
     -0.00230643     -0.00283865
     -0.00487596     -0.00497298
     -0.00713228     -0.00595866
    -0.000192212    -0.000155984
     -4.9793e-05    -8.50628e-05
     -0.00353787     -0.00344928
     -0.00105329    -0.000810934
    -0.000574971    -0.000703627
    -0.000199964    -0.000188523
     -9.8641e-05    -8.07911e-05
     -0.00225809     -0.00181796
     -0.00057476    -0.000716627
     -0.00755404     -0.00736036
    -0.000135959    -0.000136747
     -0.00117161    -0.000930471
     -3.5313e-05    -5.29935e-05
    -0.000372344    -0.000427365
     -0.00446074     -0.00444893
    -0.000879572     -0.00107932
     -0.00677751     -0.00695677
    -0.000251146    -0.000276488
    -0.000489268    -0.000471121
     -0.00435674     -0.00453424
    -0.000126475    -0.000149197
     -0.00145504     -0.00142568
     -0.00218388     -0.00199056
     -0.00908099      -0.0099795
     -0.00306337      -0.0026941
    -0.000131824     -0.00014026
     -0.00482956     -0.00424377
    -0.000429976    -0.000365218
    -0.000169056    -0.000166402
     -0.00427292     -0.00409744
      -4.024e-05    -5.73881e-05
    -0.000211635    -0.000237335
      4.3609e-05      3.5502e-05
    -0.000339336    -0.000270221
      -0.0001747     -0.00016679
     -0.00396305     -0.00346108
    -0.000584451    -0.000611847
    -0.000867675    -0.000813332
    -0.000187948     -0.00016635
     -0.00467961     -0.00500102
      -0.0110701      -0.0103327
     -8.1747e-05    -0.000119711
     -0.00269048     -0.00282104
     -0.00858558     -0.00920833
    -0.000241946    -0.000240903
      6.5608e-05     2.74583e-05
    -0.000303321    -0.000333135
      1.7013e-05     2.14873e-05
     -0.00357163     -0.00310772
    -0.000110234    -0.000117129
     -0.00122678     -0.00114146
    -0.000199964    -0.000221019
      -0.0121094      -0.0108364
    -0.000644988    -0.000709325
     -0.00125524     -0.00129075
    -0.000850306     -0.00094217
     -0.00123819     -0.00115328
     -0.00438405     -0.00377884
     -5.7101e-05    -2.12014e-05
    -0.000738854    -0.000626735
    -0.000435343    -0.000471772
    -0.000386444    -0.000455751
    -0.000312774     -0.00019776
     -5.4622e-05    -2.08994e-05
     -0.00163947     -0.00147838
    -0.000790905     -0.00056283
     -0.00244514     -0.00220842
    -0.000998105     -0.00103044
    -0.000484285    -0.000513332
     -0.00869034     -0.00877128
     -0.00352405     -0.00432282
    -0.000276109    -0.000332068
     -0.00213998     -0.00158288
     -0.00260014     -0.00278311
     -0.00223113     -0.00209434
     -0.00034906    -0.000408429
    -0.000139007    -0.000188927
     -0.00567621     -0.00591026
    -0.000226797    -0.000202607
    -0.000290397     -0.00037776
    -0.000239558    -0.000296333
    -0.000531452    -0.000470798
    -0.000752954    -0.000842964
     -0.00478849     -0.00498301
      -0.0013719      -0.0014898
    -0.000141633    -0.000124597
    -0.000159968    -0.000177489
    -0.000216188    -0.000187596
     -0.00162858     -0.00163428
    -0.000834082    -0.000857021
    -0.000140646    -0.000158633
     -0.00443233     -0.00442444
     -0.00197895     -0.00211701
     -0.00044642    -0.000380569
     -0.00143293     -0.00146812
      -0.0028173     -0.00306334
    -0.000520355    -0.000586198
     -6.8142e-05    -5.32098e-05
    -0.000816314    -0.000683935
     -9.5883e-05    -9.67812e-05
      1.6935e-05     9.43395e-06
      -0.0068583     -0.00712191
     -0.00113586     -0.00116876
    -0.000918734    -0.000926829
     -0.00576798     -0.00593285
    -0.000751013    -0.000763238
     -0.00449921     -0.00370023
     -0.00176598     -0.00160099
     -0.00215392     -0.00223371
    -0.000317083    -0.000307726
    -0.000125803    -0.000121211
     -0.00164216     -0.00170623
    -0.000199556    -0.000178839
     -0.00317812     -0.00345538
     -0.00404577     -0.00420058
     -4.9962e-05    -9.05775e-05
     -3.2077e-05    -9.80287e-05
    -0.000554636    -0.000539932
    -0.000254092    -0.000114647
    -0.000738152    -0.000916299
     -7.9702e-05    -0.000118756
      -0.0010549     -0.00115643
     -0.00223278     -0.00223057
    -0.000706735    -0.000778965
    -0.000231385    -0.000284903
     -7.7594e-05    -6.38819e-05
    -0.000520805    -0.000515485
      -7.175e-05    -7.74128e-05
      -9.672e-05     -7.1058e-05
    -0.000218259    -0.000257646
     -1.6212e-05     -3.4311e-05
     -0.00012345    -0.000156473
    -0.000676836    -0.000544029
     -0.00280074     -0.00259473
     -0.00572695     -0.00563552
     -2.2163e-05     4.69498e-05
    -0.000501693    -0.000480747
     -0.00259197     -0.00258892
    -0.000691359    -0.000652001
     -0.00547356     -0.00514936
      -0.0160967      -0.0177083
     -0.00327407     -0.00331089
     -0.00553163     -0.00571676
    -0.000169537    -0.000181307
     -0.00200119      -0.0019579
    -0.000556792    -0.000681798
    -0.000901468    -0.000953838
    -0.000125647      -0.0001345
    -0.000731907    -0.000679013
    -0.000189775    -0.000222485
    -0.000125507    -0.000101112
     -0.00145453     -0.00151508
     -0.00241684     -0.00249486
    -0.000561519    -0.000620694
     -0.00183467     -0.00171974
      -0.0023306     -0.00224404
     -0.00175492     -0.00205364
     -0.00282438     -0.00259301
      -0.0035565     -0.00355434
    -0.000906965    -0.000789246
     -8.2152e-05    -0.000129765
     -0.00490523     -0.00465844
     -0.00347116     -0.00346706
      1.3819e-05     6.98543e-05
    -0.000574847    -0.000612744
    -0.000733323    -0.000791583
    -0.000561515    -0.000537924
     -0.00589475      -0.0053131
     -0.00245463     -0.00242841
      -0.0012327     -0.00138692
     -0.00126905     -0.00133496
     -4.7951e-05    -6.61309e-05
     -0.00381895     -0.00293832
     -0.00274113     -0.00247553
     -0.00117242     -0.00138826
     -0.00221681     -0.00270757
    -0.000611964     -0.00057169
    -0.000577329    -0.000673258
    -0.000994202     -0.00100501
    -0.000452594    -0.000458278
    -0.000184797    -0.000206426
    -0.000497299    -0.000470765
    -0.000370799     -0.00025167
      -0.0109622       -0.011169
     -0.00179719     -0.00181902
     -0.00115294     -0.00108061
    -0.000223732     -0.00016214
     -0.00230834     -0.00242313
     -5.3922e-05    -7.57732e-05
      -0.0027519     -0.00210841
     -0.00576367     -0.00602769
     -0.00399745     -0.00440466
    -0.000733968    -0.000667706
    -0.000861155     -0.00076738
    -0.000639815    -0.000681856
    -0.000302843    -0.000332611
    -0.000132938    -0.000126163
     -0.00578085     -0.00590388
     -0.00776162     -0.00615366
     -0.00774829     -0.00759786
     -0.00955826     -0.00983688
     -0.00122626     -0.00119347
     -0.00128705     -0.00143977
     -0.00329966     -0.00358634
     -0.00133167       -0.001377
     -0.00269195     -0.00308052
       -0.000944     -0.00102191
    -0.000540225     -0.00050098
     -0.00019063    -0.000195688
     -4.0749e-05    -5.04301e-05
    -0.000809948    -0.000651082
     -0.00016118    -0.000149159
      -0.0016191     -0.00192114
     -0.00401252     -0.00437656
     -0.00020506     -0.00025925
     -0.00549781     -0.00502952
    -0.000104775    -8.72911e-05
    -0.000114603    -0.000137855
     -0.00410593      -0.0037682
    -0.000113848    -9.29412e-05
     -0.00105687     -0.00112469
     -0.00377279     -0.00345372
      -0.0031178     -0.00304953
     -0.00436134     -0.00443691
    -0.000127148    -0.000107905
      -0.0200258      -0.0201504
    -0.000268641    -0.000277573
    -0.000356244    -0.000354479
     -0.00230831     -0.00212124
      -0.0010677      -0.0010732
    -0.000162908    -0.000177998
     -0.00332762     -0.00334665
     -0.00478734       -0.004572
     -0.00019513    -0.000145224
     -7.5097e-05    -7.39033e-05
    -0.000962931    -0.000993126
    -0.000611478    -0.000715103
     -0.00589878     -0.00523058
    -0.000133663    -0.000121446
     -0.00311117     -0.00310654
      -0.0103001      -0.0108452
     -0.00164431     -0.00143611
    -0.000244852    -0.000262708
     -0.00158144     -0.00146747
     -0.00451633     -0.00409365
    -0.000166387    -0.000232735
     -0.00220057     -0.00211539
    -0.000951658     -0.00102269
      -0.0013886     -0.00126796
    -0.000307444    -0.000326417
    -0.000460353    -0.000339104
    -0.000115228     -0.00012981
     -0.00209533     -0.00243395
     -0.00520539     -0.00482684
    -0.000526561    -0.000618947
       6.954e-05     9.52356e-05
    -0.000255393    -0.000296942
    -0.000106563    -0.000114691
     -0.00213211     -0.00223027
     -8.7081e-05    -0.000111623
    -0.000282189    -0.000290941
    -0.000361299    -0.000331743
     -0.00154912     -0.00107759
      -0.0111807       -0.010189
    -0.000195876    -0.000198325
    -0.000583997    -0.000534743
     -0.00118317     -0.00128055
     -0.00292117     -0.00263923
     -0.00147874     -0.00116727
    -0.000482908    -0.000669865
    -0.000403754    -0.000364423
     -0.00793361     -0.00698165
     -0.00269411     -0.00292561
    -0.000610138    -0.000630151
     -0.00244814      -0.0024293
     -0.00976331      -0.0100577
     -0.00433287     -0.00416768
    -0.000971992     -0.00109421
    -0.000767111    -0.000800824
     -0.00476642     -0.00520859
     -0.00258484     -0.00227456
     -0.00146333     -0.00153596
    -0.000492497    -0.000456037
     -0.00578108     -0.00570865
     -0.00035266    -0.000277983
    -0.000991103    -0.000914062
     -1.9648e-05    -5.10826e-05
     -0.00303716     -0.00295396
     -0.00521077     -0.00530456
    -0.000239636    -0.000232848
    -0.000247451    -0.000226553
    -0.000499164    -0.000416971
    -0.000571608    -0.000458235
    -0.000736841    -0.000601565
     -0.00024191    -0.000235433
     -0.00169912      -0.0020735
    -0.000107011     4.55465e-05
       3.389e-05     2.79924e-05
     -0.00477749     -0.00528039
     -0.00437229      -0.0040533
     -0.00031493    -0.000243745
    -0.000421808      -0.0004079
     -0.00026775     -0.00029389
     -0.00154128     -0.00149447
    -0.000884203     -0.00104984
    -0.000151148    -0.000168208
     -0.00770515     -0.00741234
     -0.00539538     -0.00580822
    -0.000244282    -0.000171249
     -0.00106653    -0.000961455
     0.000139383     0.000205399
     -0.00516218     -0.00455228
    -0.000984459     -0.00106385
      -0.0028155     -0.00326373
    -0.000164846    -0.000162763
      -7.299e-05    -0.000100623
     -0.00144284     -0.00135414
     -0.00245403        -0.00246
     -0.00024133     -0.00029181
     -0.00078791    -0.000821458
    -0.000391263    -0.000461863
     -0.00313646     -0.00350752
      -0.0023885     -0.00240955
    -0.000220373    -0.000227865
     -0.00585069     -0.00569645
    -0.000115955    -0.000215301
    -0.000226339    -0.000283403
    -0.000252125    -0.000192402
     -0.00181258     -0.00197221
    -0.000198066    -0.000176371
     -0.00144432     -0.00163878
     -8.5925e-05    -0.000109733
     -0.00198095     -0.00168009
     -5.9945e-05    -7.82781e-05
    -0.000307978    -0.000240086
     -0.00195307     -0.00196336
    -0.000741047    -0.000889457
      -0.0010646     -0.00135974
    -0.000931019     -0.00106036
     -0.00161118     -0.00161251
    -0.000283645    -0.000254174
     -0.00246259     -0.00279733
      -0.0127529      -0.0119466
      3.8767e-05     6.25591e-06
      -0.0023617     -0.00260982
     -8.3316e-05    -8.95087e-05
    -0.000711144    -0.000641702
    -0.000274476    -0.000351448
      -0.0124156      -0.0130205
