QM Energy	FF Energy
     -3.2643e-05    -3.21581e-05
     -2.2502e-05    -1.97595e-05
     -0.00189985     -0.00186067
      -3.462e-05    -3.10536e-05
    -0.000364368    -0.000336662
    -0.000133514    -0.000197926
    -0.000277706     -0.00030236
     -5.2731e-05      -4.846e-05
    -0.000887253    -0.000732189
    -0.000165031     -0.00020797
    -0.000893051     -0.00088803
    -0.000668023     -0.00067157
     -5.9547e-05    -7.05254e-05
     -6.4879e-05    -9.85494e-05
    -0.000218596    -0.000187114
    -0.000498877    -0.000387008
     -6.2804e-05    -8.17345e-05
     -2.4619e-05    -2.34036e-05
    -0.000188796    -0.000260366
     -1.3265e-05    -1.55938e-05
    -0.000833446     -0.00100609
     -0.00198079     -0.00210117
     -6.8443e-05    -6.92438e-05
     -0.00167997     -0.00139393
    -0.000997562     -0.00105708
     -1.1061e-05    -1.31288e-05
      -9.652e-06     -1.5724e-05
      -1.347e-05    -1.82678e-05
       -0.001285    -0.000955493
      -2.156e-06    -7.85322e-06
    -0.000118023     -0.00015353
    -0.000677819    -0.000823391
     -1.9853e-05    -2.04731e-05
     -1.0293e-05    -1.19646e-05
    -0.000226228    -0.000264465
      -8.299e-06    -1.31912e-05
    -0.000104863    -8.69016e-05
    -0.000861442    -0.000667438
     -0.00100248      -0.0012063
    -0.000115224     -0.00015014
     -2.9911e-05    -5.37936e-05
     -1.7329e-05     -2.4657e-05
     -0.00181767     -0.00198561
       -0.001531     -0.00133922
     -8.6597e-05    -9.56472e-05
     -0.00197752     -0.00154465
     -0.00224003     -0.00172634
    -0.000180463    -0.000231355
     -2.5644e-05    -3.61083e-05
     -0.00199807     -0.00163577
    -0.000611633    -0.000550442
    -0.000540506    -0.000440305
    -0.000713973    -0.000691256
    -0.000169857    -0.000152428
     -0.00121797    -0.000993484
     -0.00138304     -0.00199178
     -4.5581e-05    -5.92336e-05
       -5.32e-05    -6.11278e-05
     -1.4517e-05    -2.23245e-05
     -1.8504e-05    -1.74123e-05
    -0.000294954    -0.000306635
     -3.4502e-05    -5.15001e-05
    -0.000249197    -0.000200564
    -0.000245315    -0.000250818
    -0.000160726    -0.000146689
    -0.000263142    -0.000205256
     -0.00110137     -0.00122522
     -3.7257e-05    -3.94194e-05
    -0.000652889    -0.000677148
     -0.00264441     -0.00274178
     -1.3674e-05    -1.70523e-05
    -0.000279849    -0.000197052
    -0.000648225    -0.000708725
    -0.000139902      -0.0001553
      -1.251e-05    -1.63772e-05
     -0.00042901    -0.000390582
     -8.2001e-05    -5.48115e-05
    -0.000653679    -0.000474661
    -0.000102424    -0.000136721
     -0.00173273     -0.00146887
     -2.9508e-05    -2.70587e-05
     -8.5065e-05    -7.35668e-05
     -0.00156538     -0.00137487
    -0.000168664    -0.000144285
    -0.000504053    -0.000427396
    -0.000187591    -0.000179904
     -1.4183e-05    -1.25731e-05
     -1.2297e-05    -1.21965e-05
     -0.00209059     -0.00210963
     -0.00126402     -0.00109686
     -0.00112976    -0.000956178
     -3.3533e-05     -5.2491e-05
    -0.000147829    -0.000195195
     -3.1079e-05    -2.72342e-05
      -7.493e-06    -1.04018e-05
    -0.000252533    -0.000186472
     -4.3315e-05    -5.80593e-05
     -4.4357e-05    -4.93024e-05
     -0.00163607     -0.00185131
    -0.000151061    -0.000177745
    -0.000499442    -0.000525205
    -0.000657699    -0.000639537
    -0.000174812    -0.000237603
     -9.2342e-05    -9.20384e-05
     -4.7871e-05    -5.11038e-05
     -0.00240016      -0.0020902
      -3.837e-05    -5.25251e-05
     -2.2614e-05    -3.35977e-05
     -1.5567e-05      -2.294e-05
    -0.000204343    -0.000280689
    -0.000976863     -0.00105858
     -1.4692e-05    -2.02381e-05
    -0.000499905    -0.000577149
    -0.000741043    -0.000661596
     -0.00170732     -0.00172868
    -0.000362329    -0.000334469
     -7.5086e-05    -7.83653e-05
    -0.000677327    -0.000772228
     -0.00257478     -0.00211348
     -3.5087e-05    -4.13244e-05
    -0.000354523    -0.000339683
    -0.000140731    -0.000168678
     -9.6786e-05    -8.54834e-05
    -0.000677366     -0.00067626
      -0.0004681    -0.000557695
     -2.7372e-05     -4.0536e-05
     -1.5179e-05    -1.79434e-05
    -0.000326292    -0.000357803
    -0.000856653    -0.000697974
    -0.000216814    -0.000286557
     -6.2371e-05    -6.15282e-05
     -0.00127861     -0.00111048
     -0.00185528     -0.00206997
    -0.000222219    -0.000247505
     -3.8271e-05    -4.49579e-05
    -0.000357551    -0.000312193
     -2.8292e-05     -2.7325e-05
      -9.296e-06    -1.29143e-05
     -0.00174483     -0.00163661
      -4.685e-05    -5.34629e-05
     -3.1675e-05    -4.56806e-05
    -0.000149768    -0.000142492
    -0.000781401    -0.000734744
     -0.00042081    -0.000528915
    -0.000100511    -0.000135056
    -0.000108365    -0.000115853
    -0.000476698     -0.00039177
     -0.00018291    -0.000148465
    -0.000103025    -0.000128672
     -1.2221e-05    -1.55425e-05
    -0.000772615    -0.000793842
     -0.00105509     -0.00123241
     -7.1808e-05     -6.9732e-05
     -0.00124407    -0.000987222
     -4.7416e-05    -3.96828e-05
     -5.5103e-05    -5.60143e-05
     -6.0773e-05    -6.35905e-05
     -7.7486e-05    -9.09671e-05
     -0.00026866    -0.000279559
    -0.000897543     -0.00098146
    -0.000279633     -0.00038219
    -0.000366154    -0.000507943
    -0.000511763    -0.000412148
    -0.000262892    -0.000284736
    -0.000196914    -0.000190559
    -0.000628794    -0.000643497
       -8.67e-07    -5.51533e-06
    -0.000210207    -0.000261317
     -2.1115e-05    -3.95375e-05
    -0.000161384    -0.000186647
    -0.000126972    -0.000167382
    -0.000407568     -0.00032066
    -0.000573239    -0.000552134
    -0.000830105    -0.000682706
    -0.000849222     -0.00100566
     -0.00067816    -0.000461172
    -0.000773378    -0.000737725
      -5.133e-05    -4.65089e-05
    -0.000896264    -0.000674896
      -2.095e-05    -1.80435e-05
     -0.00011855    -0.000113251
      -9.555e-05    -0.000100036
    -0.000495529    -0.000368848
     -2.6584e-05    -2.82792e-05
    -0.000174731    -0.000122434
    -0.000503092    -0.000589834
    -0.000842589      -0.0010775
    -0.000239621    -0.000215454
     -0.00173274     -0.00169248
    -0.000360663    -0.000316756
    -0.000798652    -0.000725412
     -7.0818e-05     -0.00010668
     -0.00035768    -0.000442997
     -1.6249e-05    -2.42834e-05
     -4.0406e-05    -4.82811e-05
    -0.000120772    -0.000157405
     -0.00015442    -0.000209581
     -6.1934e-05    -5.98779e-05
    -0.000262143    -0.000293289
     -0.00037435    -0.000306659
    -0.000127825    -0.000158469
    -0.000110392     -0.00014537
     -3.3006e-05    -3.02073e-05
     -0.00227019     -0.00217322
    -0.000396295     -0.00047251
     -5.7238e-05    -6.58712e-05
    -0.000953443    -0.000771197
     -2.5066e-05    -3.02596e-05
      -9.976e-06    -1.80451e-05
    -0.000663495    -0.000566219
     -7.6703e-05    -7.65255e-05
      -5.986e-06    -1.08357e-05
     -5.8126e-05    -5.51773e-05
    -0.000275459     -0.00028896
    -0.000258698    -0.000298344
     -0.00251142     -0.00214912
     -0.00100026     -0.00130243
     -2.2584e-05    -2.88749e-05
    -0.000234986    -0.000144153
     -9.5398e-05    -0.000137567
     -0.00154294     -0.00141068
     -0.00125227     -0.00122494
     -2.1739e-05    -2.72486e-05
     -7.4672e-05     -5.5313e-05
     -0.00139173     -0.00130095
     -0.00113462    -0.000905494
    -0.000136022    -0.000124875
     -0.00037933    -0.000327696
     -0.00060229    -0.000556011
     -5.5276e-05    -5.62474e-05
    -0.000656902    -0.000739746
    -0.000107925    -0.000134886
      -2.624e-05    -3.92839e-05
     -0.00181899     -0.00174724
    -0.000633541    -0.000562506
     -1.5897e-05    -2.88708e-05
    -0.000298014    -0.000264556
     -5.6518e-05    -8.12536e-05
     -0.00187675     -0.00212346
    -0.000479362    -0.000428952
     -5.9539e-05     -5.5598e-05
     -9.4715e-05    -0.000118671
    -0.000299694    -0.000210434
    -0.000712067    -0.000784402
    -0.000215535     -0.00027375
     -6.0873e-05    -7.03435e-05
    -0.000147913    -0.000164614
     -2.0678e-05    -3.05925e-05
     -0.00241005      -0.0021806
     -3.8882e-05    -3.93575e-05
     -0.00170374     -0.00158355
     -0.00133075     -0.00167294
    -0.000265394    -0.000225154
    -0.000395488    -0.000496721
     -3.7371e-05    -3.33336e-05
     -0.00130071      -0.0010722
     -1.0877e-05    -1.19998e-05
     -3.4291e-05     -5.3465e-05
     -0.00235114     -0.00205818
     -1.6864e-05    -2.60836e-05
     -2.3212e-05    -3.05658e-05
     -0.00126995     -0.00116886
    -0.000134182    -0.000154564
    -0.000103186    -0.000115548
     -0.00085855    -0.000933028
     -6.6743e-05    -7.27823e-05
     -0.00204821     -0.00173333
    -0.000500441    -0.000544748
    -0.000125815     -0.00010524
    -0.000502159    -0.000548949
    -0.000909807    -0.000943004
      -5.588e-06    -1.08908e-05
     -1.3516e-05    -1.80146e-05
     -5.8542e-05    -4.16455e-05
    -0.000978749    -0.000968049
     -0.00013122    -0.000142935
     -0.00134594     -0.00156025
     -2.5842e-05    -3.11626e-05
    -0.000211791    -0.000162842
     -5.9573e-05    -5.78925e-05
     -2.1903e-05    -2.47596e-05
    -0.000154146    -0.000215854
    -0.000851023    -0.000620161
    -0.000560031     -0.00053464
    -0.000141376    -0.000147332
    -0.000416585     -0.00053231
     -2.7593e-05    -3.33947e-05
     -7.2103e-05    -7.37037e-05
    -0.000230272    -0.000250107
     -2.6394e-05    -3.76162e-05
     -0.00169175     -0.00145726
      -6.637e-05    -6.38661e-05
     -6.1007e-05     -5.7391e-05
    -0.000498073    -0.000375458
    -0.000694999     -0.00058873
    -0.000604851    -0.000485207
    -0.000714915    -0.000519132
     -2.6531e-05    -3.45062e-05
      -0.0027809     -0.00278694
     -0.00191054     -0.00241486
    -0.000966213     -0.00093849
     -2.6765e-05    -3.39035e-05
     -0.00129381     -0.00114885
     -0.00121062     -0.00140202
    -0.000923362    -0.000894769
       -1.72e-05    -2.14032e-05
     -0.00133563     -0.00147154
     -2.7823e-05    -1.92512e-05
    -0.000295038    -0.000290951
    -0.000991273    -0.000926358
     -0.00072417     -0.00074517
     -8.6378e-05    -0.000100696
    -0.000963957     -0.00102157
    -0.000154521     -0.00011942
    -0.000998782    -0.000849905
     -6.1835e-05    -5.31179e-05
      -8.322e-06    -1.40108e-05
     -3.7316e-05    -5.15268e-05
     -2.8332e-05    -2.43383e-05
     -0.00171655     -0.00151469
     -6.3477e-05    -7.07011e-05
     -0.00151574     -0.00181947
    -0.000100517    -8.62227e-05
     -0.00017529    -0.000158184
    -0.000967065     -0.00104583
     -0.00210194     -0.00319986
     -4.5739e-05     -5.8571e-05
     -0.00163575     -0.00161671
    -0.000459908    -0.000499324
    -0.000125086    -0.000100026
     -0.00170423     -0.00134985
    -0.000209242    -0.000236839
     -0.00123713     -0.00107366
      -8.396e-06    -1.22514e-05
     -7.8996e-05    -9.80505e-05
    -0.000258326    -0.000245515
    -0.000435432    -0.000554356
    -0.000891869    -0.000801755
     -0.00124297      -0.0013906
     -2.5278e-05    -3.59124e-05
     -0.00180325     -0.00167625
     -2.3392e-05    -2.30875e-05
     -8.7571e-05     -8.2043e-05
     -3.0235e-05    -3.61099e-05
     -7.7644e-05     -9.5032e-05
    -0.000197618     -0.00015567
    -0.000233513    -0.000226672
    -0.000559474    -0.000503929
     -3.0907e-05    -3.24964e-05
     -0.00131349     -0.00164891
    -0.000432481    -0.000596911
     -3.1099e-05    -3.86978e-05
     -2.5162e-05    -2.87869e-05
    -0.000326996    -0.000337637
     -0.00158083     -0.00127265
     -6.4151e-05    -5.77038e-05
     -1.2878e-05    -1.07603e-05
    -0.000100751    -8.93276e-05
     -1.8651e-05    -2.24439e-05
    -0.000324845    -0.000445183
     -0.00192449     -0.00200586
     -2.4034e-05    -2.91873e-05
       -0.001453     -0.00147362
    -0.000110814    -0.000167114
    -0.000350561    -0.000448504
     -4.1051e-05     -6.9523e-05
     -4.6435e-05    -4.36636e-05
    -0.000387475    -0.000363652
    -0.000552254     -0.00043255
     -5.2145e-05    -5.84399e-05
     -0.00181658     -0.00210231
     -4.1866e-05    -7.36517e-05
      -9.832e-05    -8.95007e-05
    -0.000944802      -0.0010411
    -0.000304204    -0.000239013
     -4.1275e-05    -4.59971e-05
    -0.000107609    -0.000155355
     -0.00152139     -0.00106318
     -0.00173346     -0.00151437
    -0.000179075    -0.000166861
    -0.000301633    -0.000293408
     -2.3177e-05    -3.24514e-05
     -1.8563e-05    -3.46535e-05
    -0.000637472    -0.000498339
    -0.000671678    -0.000538598
     -0.00100921     -0.00112341
     -1.3375e-05    -2.08617e-05
    -0.000111742    -0.000131709
     -3.5404e-05    -4.06797e-05
    -0.000263849    -0.000287883
     -0.00169738     -0.00171754
     -0.00109837     -0.00129814
    -0.000793737    -0.000565763
     -1.4341e-05    -1.77934e-05
     -7.1165e-05    -6.70839e-05
     -0.00132658     -0.00103582
    -0.000412756    -0.000365838
     -3.6784e-05    -3.20428e-05
    -0.000696579    -0.000795278
    -0.000575627    -0.000530082
    -0.000245703    -0.000211924
     -8.9147e-05    -9.10902e-05
     -0.00133585     -0.00147099
     -3.7332e-05    -5.84732e-05
       -8.11e-06    -8.12111e-06
    -0.000477314    -0.000510812
    -0.000741181    -0.000633828
     -0.00211883     -0.00225388
    -0.000409609    -0.000464761
     -0.00118642     -0.00113412
     -1.8506e-05    -1.77556e-05
    -0.000182279    -0.000167582
    -0.000191478    -0.000214564
      -0.0011133      -0.0011866
    -0.000124646    -0.000139251
     -2.4542e-05    -2.41943e-05
    -0.000245013    -0.000270736
    -0.000261236    -0.000274241
    -0.000991223    -0.000870144
    -0.000304555    -0.000329793
     -5.2482e-05    -5.52837e-05
     -3.2916e-05    -2.95566e-05
     -3.0387e-05    -4.10945e-05
    -0.000278799    -0.000289677
     -0.00182244     -0.00194895
     -3.7287e-05    -3.54937e-05
     -6.9838e-05    -8.47924e-05
     -0.00164366     -0.00151932
    -0.000114633    -0.000123317
     -2.8019e-05     -3.0642e-05
    -0.000590137    -0.000583929
     -2.4397e-05    -4.05408e-05
       -4.42e-06    -9.97264e-06
     -2.2807e-05     -2.9908e-05
      -6.791e-06    -1.04162e-05
    -0.000540365    -0.000487948
     -4.9381e-05    -6.55616e-05
    -0.000212631    -0.000254645
       -6.18e-06    -1.43954e-05
     -2.4839e-05    -2.39563e-05
     -1.1307e-05    -1.97981e-05
    -0.000459162    -0.000398511
     -0.00066919    -0.000553935
     -0.00156831     -0.00116348
     -0.00014485    -0.000126562
     -6.7544e-05    -8.71054e-05
    -0.000443659    -0.000326551
      -0.0027212     -0.00278378
     -4.9782e-05    -4.79851e-05
     -4.7933e-05     -6.2764e-05
     -1.5086e-05    -2.95833e-05
     -2.8896e-05    -3.35391e-05
    -0.000335087    -0.000392533
      -0.0021086     -0.00161996
     -8.1643e-05    -0.000105267
    -0.000614775    -0.000543733
     -3.8359e-05    -4.35222e-05
    -0.000303289    -0.000282313
    -0.000572254    -0.000623067
    -0.000970813    -0.000942144
     -0.00011242    -0.000138785
      -2.646e-05    -3.29712e-05
      -0.0022217       -0.002062
    -0.000191908    -0.000209034
     -2.2749e-05    -2.06499e-05
     -1.6927e-05    -1.45978e-05
    -0.000825213    -0.000722024
     -0.00140664     -0.00139636
     -0.00228629     -0.00220186
    -0.000567864    -0.000517818
     -6.4648e-05    -7.22811e-05
    -0.000368307    -0.000517657
     -0.00046137    -0.000529354
    -0.000251956    -0.000312987
     -1.8444e-05    -2.36471e-05
     -0.00183543     -0.00140037
     -9.0595e-05    -8.40904e-05
     -0.00110482     -0.00088807
    -0.000379248     -0.00034245
     -0.00116434     -0.00113581
     -0.00016243    -0.000192859
     -0.00130284    -0.000984794
     -2.6423e-05      -3.598e-05
    -0.000272313    -0.000212297
     -1.3285e-05    -1.47429e-05
    -0.000329976    -0.000408326
    -0.000565787    -0.000602301
     -2.7182e-05    -3.55946e-05
    -0.000710711    -0.000707999
    -0.000716944    -0.000800256
       -5.26e-06    -1.06174e-05
      -4.031e-06    -1.01994e-05
     -0.00126642    -0.000931972
     -0.00120599    -0.000860677
     -2.2887e-05    -2.55118e-05
    -0.000585332    -0.000659369
    -0.000103779    -8.96336e-05
     -4.5601e-05    -4.86777e-05
    -0.000130677    -0.000148969
    -0.000450199    -0.000511334
    -0.000249009    -0.000229189
    -0.000169897    -0.000213359
    -0.000166659    -0.000140987
    -0.000133636      -0.0001672
    -0.000623724    -0.000575413
     -0.00144843     -0.00139438
    -0.000237804    -0.000273422
     -0.00114402     -0.00140979
        1.86e-07     -4.6802e-06
     -3.4447e-05    -3.28887e-05
     -1.9975e-05     -2.7374e-05
    -0.000717025     -0.00061756
     -0.00150697      -0.0015014
     -2.3403e-05    -3.53332e-05
    -0.000241945    -0.000290789
      -1.352e-05    -2.39751e-05
     -0.00135901     -0.00153522
     -3.8527e-05    -3.01103e-05
     -1.5636e-05    -1.58889e-05
    -0.000286348    -0.000260226
     -1.0164e-05    -1.39057e-05
     -5.5717e-05    -4.60943e-05
     -2.1661e-05    -3.24898e-05
    -0.000273691    -0.000333528
    -0.000101586    -0.000150449
     -2.4821e-05    -3.20919e-05
    -0.000133915    -0.000143751
    -0.000623783    -0.000523542
    -0.000900377    -0.000822645
     -2.6871e-05    -3.17444e-05
     -2.9248e-05     -3.1559e-05
     -0.00102787     -0.00122375
    -0.000116704    -0.000105194
     -0.00128073     -0.00112802
     -0.00136109      -0.0011867
        3.66e-07     -4.0554e-06
    -0.000139852    -0.000148609
     -0.00279017     -0.00271884
     -0.00200444     -0.00160153
    -0.000127664    -0.000143284
     -6.7651e-05    -9.73799e-05
    -0.000176634    -0.000138199
     -4.5333e-05    -4.00565e-05
     -0.00129489     -0.00123192
    -0.000382608    -0.000387949
     -0.00139038     -0.00136161
       -3.63e-05     -3.0784e-05
    -0.000395975    -0.000423649
    -0.000166857    -0.000199076
     -1.5381e-05    -2.15834e-05
     -0.00199468     -0.00157854
    -0.000118227     -7.9343e-05
     -1.9485e-05    -2.07795e-05
    -0.000123441    -0.000143995
     -0.00018722    -0.000172415
    -0.000408212    -0.000359979
    -0.000438719    -0.000509675
     -5.1372e-05    -6.04777e-05
     -1.2121e-05    -2.10903e-05
    -0.000945426    -0.000847877
       -7.71e-05    -7.75609e-05
     -3.6259e-05    -6.49583e-05
     -5.4587e-05    -4.81506e-05
      -0.0002161    -0.000218789
     -0.00117348    -0.000932392
      -7.231e-05    -8.04512e-05
    -0.000248416    -0.000315559
     -0.00154858     -0.00145991
     -0.00054004      -0.0005169
     -1.5098e-05    -1.22414e-05
      -1.499e-05     -2.2777e-05
     -5.5181e-05    -6.42101e-05
     -1.4074e-05    -1.67145e-05
     -0.00180997     -0.00177794
    -0.000113645    -0.000103752
    -0.000593344    -0.000532785
     -0.00062126    -0.000703114
     -6.0665e-05    -5.26168e-05
     -1.9152e-05    -2.25836e-05
     -0.00047615    -0.000548635
       1.127e-06    -4.70473e-06
     -0.00150873     -0.00162397
    -0.000171023    -0.000154013
    -0.000480595    -0.000637758
     -0.00284121     -0.00211372
     -1.4534e-05    -1.69099e-05
    -0.000914909    -0.000902266
    -0.000631316    -0.000652467
    -0.000184166    -0.000218427
    -0.000195062     -0.00024659
    -0.000463057    -0.000458397
     -8.0723e-05    -0.000111353
    -0.000285038    -0.000326983
    -0.000187994    -0.000128936
     -3.4128e-05    -2.91857e-05
    -0.000904372    -0.000741828
     -2.8362e-05    -3.67919e-05
     -0.00104114    -0.000916447
    -0.000106626    -0.000135012
     -6.8833e-05    -6.74172e-05
    -0.000508568    -0.000572296
     -6.1675e-05    -6.09046e-05
     -8.5044e-05    -8.11555e-05
    -0.000894432    -0.000731901
     -0.00114827     -0.00090346
     -0.00225869     -0.00263571
    -0.000374956    -0.000305799
     -0.00027833    -0.000317864
    -0.000147038    -0.000215207
     -6.9906e-05    -0.000110896
    -0.000325359    -0.000367117
    -0.000112581    -0.000100576
     -0.00054441     -0.00056725
    -0.000201783    -0.000182636
    -0.000537405    -0.000420122
      -8.558e-06    -1.41342e-05
     -1.8605e-05    -1.88555e-05
    -0.000374771    -0.000273986
     -2.2887e-05     -3.0325e-05
    -0.000283782    -0.000231213
    -0.000119328     -0.00012166
    -0.000634974    -0.000641711
    -0.000451499    -0.000431371
     -0.00187587     -0.00203879
     -2.6691e-05    -3.69514e-05
    -0.000309366    -0.000237128
     -0.00064164    -0.000740473
    -0.000409473    -0.000550013
     -0.00132157     -0.00126491
     -7.6394e-05    -0.000110567
     -0.00245165     -0.00192757
      -8.431e-05    -0.000108169
     -3.8318e-05    -4.14491e-05
     -0.00257496     -0.00208294
    -0.000292463    -0.000310567
    -0.000120953    -0.000121114
    -0.000185415    -0.000224363
    -0.000283244     -0.00034873
    -0.000662606    -0.000632489
    -0.000230204    -0.000284151
     -5.5965e-05    -5.99142e-05
    -0.000102602    -0.000124493
     -6.7553e-05    -7.73728e-05
    -0.000135644    -0.000113359
    -0.000290692    -0.000305306
    -0.000933893     -0.00076681
     -0.00103183    -0.000935593
     -1.3781e-05    -2.15862e-05
    -0.000177514     -0.00022823
      -1.645e-05    -1.97399e-05
    -0.000728678    -0.000676711
     -2.2602e-05    -2.84774e-05
      -9.805e-06     -1.5306e-05
    -0.000113111    -0.000103377
     -4.4124e-05    -4.60631e-05
     -0.00090482    -0.000800696
    -0.000643283    -0.000657729
     -1.4159e-05    -1.45883e-05
    -0.000109657    -0.000133349
     -0.00183827     -0.00189363
    -0.000286562    -0.000305669
     -0.00062763    -0.000490324
     -2.1377e-05    -2.96212e-05
     -0.00112305     -0.00119092
    -0.000402776    -0.000442937
     -6.0743e-05    -7.54888e-05
    -0.000234605    -0.000232705
    -0.000906739    -0.000793095
    -0.000121184    -0.000120031
    -0.000777948    -0.000677993
     -0.00124229    -0.000943733
     -2.9616e-05    -4.18713e-05
    -0.000407678    -0.000461644
     -0.00114547     -0.00139356
      -7.367e-05     -5.3637e-05
     -7.1495e-05    -0.000103815
    -0.000851944     -0.00100811
    -0.000496679    -0.000588765
      -0.0001195    -0.000107216
    -0.000265559    -0.000299312
     -2.4908e-05    -4.11283e-05
    -0.000120696    -0.000154457
    -0.000467244    -0.000516306
    -0.000211813    -0.000201193
     -0.00039349    -0.000370268
     -3.8975e-05     -5.5927e-05
      -3.405e-06     -8.4264e-06
     -1.7878e-05    -2.48001e-05
    -0.000359801    -0.000453905
      -4.489e-05     -2.7574e-05
     -0.00186526     -0.00150943
     -8.1037e-05    -6.25862e-05
     -9.5632e-05    -0.000100475
    -0.000116992    -0.000135516
     -0.00114113      -0.0012125
     -1.2464e-05    -1.45176e-05
     -2.5925e-05    -2.56074e-05
      -5.247e-05    -7.45155e-05
    -0.000152054    -0.000146661
    -0.000180362    -0.000217448
    -0.000134566    -0.000131762
     -0.00128338      -0.0013962
      -0.0014013     -0.00107832
    -0.000344802      -0.0003238
     -6.3043e-05    -7.42467e-05
      -1.852e-06    -7.58893e-06
    -0.000335874    -0.000356138
     -0.00108799    -0.000989172
     -0.00183639     -0.00187059
    -0.000421922    -0.000458486
    -0.000396486    -0.000354482
     -0.00138302     -0.00160577
      -8.438e-06     -8.2132e-06
    -0.000229673    -0.000283829
     -0.00150197     -0.00123863
    -0.000326617    -0.000248002
    -0.000908429    -0.000859443
    -0.000279775    -0.000297682
    -0.000114457     -0.00015631
     -1.7644e-05    -1.87912e-05
     -6.0874e-05    -4.21927e-05
     -0.00130996     -0.00157059
    -0.000428481    -0.000438174
     -0.00200853     -0.00215708
     -3.1951e-05    -3.57221e-05
    -0.000656424    -0.000540365
      -4.315e-06    -8.92569e-06
     -2.8568e-05       -2.76e-05
     -1.9033e-05    -3.15046e-05
    -0.000638301    -0.000658716
    -0.000685493    -0.000789846
     -4.9623e-05    -4.19119e-05
    -0.000109672    -0.000113888
    -0.000243034    -0.000210895
     -0.00120042     -0.00114767
    -0.000648766     -0.00082005
    -0.000866507    -0.000891221
      -4.904e-06    -1.05724e-05
     -2.1034e-05    -1.96334e-05
    -0.000220047    -0.000275223
     -0.00072109    -0.000823971
     -0.00215687     -0.00176332
      -3.059e-05    -2.01936e-05
     -8.2481e-05    -0.000116178
     -8.3772e-05    -9.13877e-05
     -9.8275e-05    -0.000134218
      -9.683e-06    -1.46811e-05
    -0.000400203    -0.000420756
    -0.000413869    -0.000294816
     -7.7972e-05    -8.16025e-05
      -0.0016683     -0.00203149
     -1.3677e-05    -1.87106e-05
     -0.00116251     -0.00131868
    -0.000641215    -0.000738254
     -4.2949e-05    -6.23372e-05
     -9.7866e-05    -0.000119794
     -4.2941e-05    -7.33324e-05
     -0.00204245     -0.00183657
     -9.6534e-05    -8.31335e-05
     -2.7089e-05    -3.53304e-05
     -0.00055629    -0.000529407
     -2.4699e-05    -2.95108e-05
    -0.000582708    -0.000505893
     -4.9176e-05    -4.04681e-05
    -0.000218303    -0.000176344
    -0.000318688     -0.00031527
    -0.000656075    -0.000594671
     -1.8948e-05    -3.11956e-05
     -2.4586e-05    -2.84035e-05
    -0.000571523    -0.000579356
     -6.1469e-05    -8.61528e-05
    -0.000793068    -0.000948046
     -1.3934e-05     -2.2174e-05
     -1.4417e-05    -1.96067e-05
    -0.000182835    -0.000226631
      -1.588e-05    -2.47395e-05
     -2.9904e-05    -3.13417e-05
    -0.000629964    -0.000649811
     -2.8906e-05    -2.42751e-05
     -1.5873e-05    -1.98571e-05
     -0.00217375     -0.00174284
     -1.2502e-05    -1.47024e-05
     -6.0462e-05    -6.93728e-05
     -4.1779e-05    -4.67399e-05
      -9.462e-05    -9.08967e-05
    -0.000191224    -0.000189461
    -0.000357437    -0.000341924
    -0.000220058    -0.000196671
     -0.00134026     -0.00106032
    -0.000449394    -0.000357035
     -3.5018e-05     -3.9804e-05
    -0.000543206    -0.000450344
     -2.0415e-05    -2.57064e-05
     -4.1781e-05    -3.41834e-05
     -0.00022903    -0.000318633
    -0.000206979    -0.000183216
     -2.7293e-05    -2.87182e-05
     -5.0372e-05    -4.19256e-05
     -1.1529e-05    -1.39629e-05
     -0.00108226      -0.0010517
     -5.5219e-05    -7.52498e-05
    -0.000346541    -0.000301965
      -9.321e-05    -0.000113214
     -7.5901e-05    -7.31721e-05
     -0.00023744     -0.00018063
    -0.000372795    -0.000352209
     -0.00148378     -0.00161657
     -5.0845e-05    -5.73002e-05
     -1.8962e-05    -2.24089e-05
     -3.1157e-05    -3.96521e-05
      -4.995e-06    -1.03611e-05
    -0.000193918    -0.000230395
     -0.00143008     -0.00129383
     -1.4659e-05     -1.8244e-05
     -4.9776e-05    -5.82983e-05
     -0.00010266    -0.000107263
     -1.4417e-05    -1.95666e-05
    -0.000715767    -0.000617707
      -2.975e-06    -9.13147e-06
    -0.000157239     -0.00020877
     -6.4698e-05    -7.41335e-05
    -0.000642251    -0.000656595
     -4.9966e-05    -4.66246e-05
    -0.000280891    -0.000319612
     -5.0529e-05     -4.4687e-05
    -0.000117545    -0.000131059
     -4.0831e-05    -4.59642e-05
    -0.000637195    -0.000661484
    -0.000830631    -0.000771085
      -7.387e-05    -5.18905e-05
    -0.000741645    -0.000612224
     -1.8635e-05    -2.90918e-05
    -0.000421412    -0.000447913
     -1.0471e-05    -1.63872e-05
    -0.000275347    -0.000237461
     -4.4454e-05    -4.10801e-05
     -0.00115761     -0.00129138
    -0.000281832    -0.000244244
    -0.000960022     -0.00103735
    -0.000148781    -0.000143839
     -1.1869e-05     -1.9317e-05
    -0.000331518     -0.00025816
     -1.2928e-05    -1.90687e-05
    -0.000181589    -0.000180635
     -0.00069346    -0.000711933
    -0.000287572    -0.000236421
     -9.8437e-05    -0.000133102
     -8.4563e-05    -9.28436e-05
    -0.000282843    -0.000359634
     -0.00150646     -0.00175007
     -5.9472e-05     -5.7151e-05
    -0.000330214    -0.000347937
     -1.0219e-05    -1.64582e-05
     -6.1026e-05    -5.39258e-05
     -8.5783e-05    -7.11865e-05
    -0.000570169     -0.00046086
     -4.1787e-05    -7.21132e-05
     -4.8289e-05    -6.26631e-05
     -0.00159218     -0.00123684
    -0.000310187    -0.000299463
     -7.6997e-05     -9.1889e-05
     -0.00195024     -0.00192853
    -0.000686791    -0.000528795
    -0.000126733    -0.000162174
       -0.001138    -0.000857469
    -0.000200085    -0.000255281
     -5.3752e-05    -5.08685e-05
    -0.000191913    -0.000143926
     -7.0382e-05    -6.59081e-05
     -0.00052668     -0.00037211
     -3.7644e-05    -3.14491e-05
    -0.000246573    -0.000240459
     -1.3015e-05    -2.04624e-05
    -0.000799983      -0.0007903
     -8.5823e-05    -7.66061e-05
     -4.2515e-05     -5.7236e-05
      -5.957e-05    -5.70621e-05
     -4.6497e-05    -4.80506e-05
    -0.000528228    -0.000646309
    -0.000700752    -0.000571667
     -1.3189e-05    -1.52139e-05
     -1.8561e-05    -2.84923e-05
     -0.00197741     -0.00142077
     -4.1476e-05    -6.36918e-05
    -0.000515206    -0.000663302
     -6.0752e-05    -5.67533e-05
     -7.1233e-05    -7.99855e-05
     -4.3058e-05    -5.16707e-05
     -9.5934e-05    -9.06322e-05
     -1.7864e-05    -2.47925e-05
    -0.000424502    -0.000341297
     -5.4233e-05    -8.95469e-05
    -0.000172459    -0.000167787
    -0.000611025    -0.000577102
     -0.00082519    -0.000639581
     -3.4057e-05    -5.12376e-05
    -0.000220899    -0.000189465
     -0.00072416    -0.000668304
    -0.000576984    -0.000542071
     -4.0358e-05    -4.13709e-05
      -0.0007037     -0.00073636
     -0.00221679     -0.00158822
      -5.569e-05    -5.75603e-05
    -0.000453527    -0.000442122
     -5.8485e-05    -6.69374e-05
    -0.000108325    -0.000154812
     -8.7203e-05    -6.75283e-05
     -8.4836e-05    -8.43569e-05
     -0.00123897     -0.00106173
     -0.00171851     -0.00153279
    -0.000501884    -0.000535594
