QM Energy	FF Energy
     -0.00197319     -0.00201553
     -0.00206746     -0.00196111
     -0.00334378     -0.00345004
      -0.0077249     -0.00793351
     -0.00130879     -0.00123459
     -0.00114183     -0.00105849
     -0.00383362     -0.00384125
    -0.000588507    -0.000597799
     -0.00215121     -0.00208081
     -0.00119205     -0.00113135
     -0.00204944     -0.00198885
     -0.00404533     -0.00398668
     -0.00332556     -0.00341115
     -0.00157455     -0.00152297
     -0.00218016     -0.00210244
      -0.0150984      -0.0155783
     -0.00125872     -0.00118293
     -0.00180024     -0.00176874
      -0.0106005       -0.010592
    -0.000558702    -0.000524962
     -0.00228081     -0.00225474
     -0.00079415    -0.000802318
     -0.00191083     -0.00180185
    -0.000892885    -0.000836367
     -0.00541978     -0.00518224
     -0.00357393     -0.00346649
    -0.000949609    -0.000920261
    -0.000925514    -0.000872824
     -0.00123503     -0.00116724
     -0.00795545     -0.00807134
     -0.00260978      -0.0025811
     -0.00147798     -0.00140146
    -0.000945459    -0.000899006
     -0.00329509     -0.00328619
     -0.00573985     -0.00564875
     -0.00576339     -0.00574083
     -0.00533937     -0.00521696
     -0.00590151     -0.00575678
     -0.00696745     -0.00693691
    -0.000893078    -0.000827144
     -0.00127948     -0.00127142
     -0.00105935     -0.00100014
     -0.00675995     -0.00670422
     -0.00124228     -0.00122049
     -0.00207356     -0.00196233
     -0.00366172      -0.0035024
     -0.00294819     -0.00296099
     -0.00123775     -0.00117635
     -0.00322077     -0.00313862
     -0.00226382     -0.00229645
      -0.0011939     -0.00118958
     -0.00289323     -0.00291314
     -0.00569709     -0.00565692
     -0.00526641     -0.00521378
     -0.00046906    -0.000466947
     -0.00226389     -0.00227127
      -0.0022625      -0.0022139
     -0.00063286    -0.000623352
     -0.00197185     -0.00195191
     -0.00302703      -0.0029894
     -0.00144002     -0.00141461
     -0.00164994      -0.0015865
     -0.00124225     -0.00116164
     -0.00387309     -0.00384246
     -0.00245414     -0.00234085
     -0.00182615     -0.00180813
     -0.00416626     -0.00416294
     -0.00352749     -0.00338351
     -0.00161936     -0.00159101
     -0.00325602     -0.00345008
    -0.000619481    -0.000569786
     -0.00505188     -0.00493936
     -0.00412736     -0.00414297
     -0.00270162     -0.00264011
     -0.00141111     -0.00133556
     -0.00651497     -0.00662965
     -0.00550948     -0.00535519
     -0.00376609     -0.00385395
     -0.00261636     -0.00254137
     -0.00349166     -0.00352667
     -0.00421896     -0.00428094
    -0.000838364    -0.000792754
     -0.00116394     -0.00111734
     -0.00971906     -0.00949222
     -0.00207898     -0.00196268
     -0.00388687      -0.0037793
     -0.00862169     -0.00856266
    -0.000797822     -0.00082734
     -0.00201984     -0.00212902
    -0.000678052    -0.000656687
     -0.00257655     -0.00257129
    -0.000985135    -0.000996879
       -0.002072       -0.002067
      -0.0012812     -0.00127259
    -0.000600735    -0.000591581
     -0.00193843     -0.00186018
      -0.0012411      -0.0012316
     -0.00191375      -0.0019202
     -0.00106173     -0.00111111
     -0.00372821     -0.00380342
     -0.00748201     -0.00739884
     -0.00250069     -0.00247201
     -0.00327892     -0.00325349
     -0.00169014      -0.0016039
     -0.00762485     -0.00739438
    -0.000688844    -0.000639236
     -0.00692294     -0.00718174
     -0.00432754     -0.00441098
      -0.0052493     -0.00515589
      -0.0024127     -0.00241852
     -0.00101931     -0.00096003
     -0.00203453     -0.00194531
     -0.00330109     -0.00335792
     -0.00425883     -0.00418467
    -0.000641853    -0.000612085
     -0.00372339       -0.003631
     -0.00191881     -0.00193908
     -0.00196119     -0.00199241
     -0.00205415     -0.00195382
     -0.00847297     -0.00863302
     -0.00624991     -0.00635605
     -0.00244771     -0.00249717
     -0.00191893     -0.00180938
      -0.0017773     -0.00186405
     -0.00139375     -0.00137149
     -0.00259775     -0.00248379
     -0.00191375     -0.00184716
    -0.000823484    -0.000784833
     -0.00130598      -0.0012297
     -0.00131932     -0.00125772
     -0.00115373     -0.00110741
    -0.000519457    -0.000494461
     -0.00365789     -0.00355888
     -0.00386191     -0.00371782
     -0.00162673     -0.00157663
     -0.00205389     -0.00197714
     -0.00113222     -0.00107438
     -0.00122872     -0.00116662
     -0.00436983     -0.00422412
    -0.000986773    -0.000933548
    -0.000884915    -0.000871808
     -0.00086554    -0.000874618
    -0.000691522     -0.00067781
    -0.000536121    -0.000543099
     -0.00617091     -0.00624152
     -0.00253093     -0.00241532
    -0.000692223    -0.000656392
      -0.0012521     -0.00126284
     -0.00208216     -0.00202387
     -0.00156069     -0.00148811
    -0.000941665    -0.000921853
     -0.00329663     -0.00318949
    -0.000626518    -0.000589675
     -0.00129207     -0.00130061
     -0.00201507      -0.0019606
     -0.00435795     -0.00427934
     -0.00440738     -0.00423445
     -0.00136871     -0.00131555
      -0.0054579     -0.00555058
      -0.0058763     -0.00600884
     -0.00597877     -0.00605742
    -0.000986579    -0.000921566
     -0.00243331         -0.0023
     -0.00367394     -0.00360982
    -0.000763605    -0.000701994
     -0.00214447     -0.00211209
     -0.00134435     -0.00137679
     -0.00662699     -0.00671514
     -0.00973161     -0.00987448
     -0.00286668     -0.00275219
     -0.00103925     -0.00104078
      -0.0045054     -0.00434497
     -0.00213898     -0.00203324
    -0.000627954    -0.000584144
     -0.00369985     -0.00362316
     -0.00150886     -0.00149404
     -0.00152022     -0.00142695
     -0.00103436    -0.000994863
     -0.00137807     -0.00138449
     -0.00491921     -0.00509824
     -0.00105017     -0.00102551
       -0.001005    -0.000959362
     -0.00359465     -0.00359265
    -0.000548305     -0.00050629
     -0.00411087     -0.00419966
     -0.00900049     -0.00912918
     -0.00123686     -0.00117352
     -0.00539515     -0.00541721
    -0.000508338    -0.000487832
     -0.00381041     -0.00377293
    -0.000858514    -0.000823235
     -0.00532078     -0.00523442
    -0.000847478    -0.000802304
     -0.00150286     -0.00142261
     -0.00383722      -0.0037476
      -0.0028965     -0.00278079
    -0.000678195    -0.000641205
    -0.000711527    -0.000697332
     -0.00674806     -0.00684688
     -0.00163803     -0.00158986
     -0.00781049     -0.00805549
     -0.00072888    -0.000750373
    -0.000637619    -0.000600618
     -0.00103233    -0.000969992
     -0.00557256      -0.0055483
     -0.00161569     -0.00157507
     -0.00639158     -0.00627961
    -0.000900055    -0.000840944
     -0.00295949     -0.00291606
    -0.000901203     -0.00090077
     -0.00101614     -0.00102622
     -0.00142193     -0.00148006
     -0.00280216     -0.00283401
    -0.000601341    -0.000603496
      -0.0023585     -0.00231743
    -0.000617624    -0.000627068
     -0.00764596     -0.00769215
      -0.0008811     -0.00081331
    -0.000730905    -0.000731289
     -0.00357678     -0.00342662
    -0.000696718    -0.000655665
     -0.00317807     -0.00307648
     -0.00146528      -0.0014919
     -0.00102356      -0.0010259
      -0.0016222     -0.00152533
     -0.00136019     -0.00140013
     -0.00280405      -0.0027477
     -0.00202389     -0.00192226
     -0.00122502     -0.00117982
    -0.000849266    -0.000786126
    -0.000836237    -0.000784311
    -0.000780158    -0.000721071
     -0.00632375      -0.0064211
    -0.000755814    -0.000716115
     -0.00706225     -0.00708306
     -0.00304149     -0.00292178
     -0.00612617      -0.0060295
     -0.00152265     -0.00148741
     -0.00416259     -0.00408344
     -0.00277898     -0.00272574
     -0.00116118     -0.00109954
     -0.00272048     -0.00270611
     -0.00371443     -0.00357166
    -0.000720256    -0.000724947
      -0.0023973     -0.00235718
      -0.0100531      -0.0100598
     -0.00909729     -0.00899792
     -0.00498192     -0.00476671
     -0.00206946     -0.00200061
    -0.000519105    -0.000515947
    -0.000757262    -0.000725072
     -0.00103149    -0.000962643
     -0.00711958     -0.00686947
     -0.00050956    -0.000490808
     -0.00241929     -0.00241555
    -0.000656705     -0.00067677
      -0.0012093     -0.00116426
    -0.000633368    -0.000604896
     -0.00423669     -0.00417813
    -0.000862019    -0.000811392
     -0.00283103      -0.0027952
     -0.00092058    -0.000855688
     -0.00599873     -0.00587267
     -0.00527465     -0.00512404
    -0.000667776    -0.000655311
      -0.0136094      -0.0141881
    -0.000805814    -0.000757409
     -0.00436675     -0.00416381
     -0.00467552     -0.00459254
     -0.00441746      -0.0042926
     -0.00277368     -0.00275486
     -0.00203725      -0.0020402
     -0.00133333     -0.00132758
     -0.00148352     -0.00140747
     -0.00688898      -0.0067422
     -0.00105323     -0.00101453
     -0.00444581     -0.00432979
     -0.00523177     -0.00507405
     -0.00530305     -0.00525674
     -0.00119326     -0.00110915
     -0.00627089     -0.00650629
     -0.00343041     -0.00352417
     -0.00067459    -0.000674652
     -0.00100523    -0.000986677
     -0.00146094     -0.00145795
     -0.00363447     -0.00365015
    -0.000896882    -0.000892193
     -0.00292869     -0.00288489
     -0.00226585     -0.00215672
    -0.000731555    -0.000720082
     -0.00571242     -0.00572593
     -0.00463123     -0.00469157
     -0.00373732     -0.00370174
      -0.0010459    -0.000986502
    -0.000788531    -0.000736242
     -0.00109929     -0.00105823
     -0.00198231     -0.00190816
      -0.0034261     -0.00335286
     -0.00144027     -0.00134954
       -0.001219     -0.00117438
     -0.00403328     -0.00407155
       -0.011049      -0.0109814
     -0.00119811     -0.00113727
     -0.00386828     -0.00371831
     -0.00220006     -0.00213539
     -0.00161372     -0.00153024
     -0.00273454     -0.00277575
    -0.000830055    -0.000828816
     -0.00479882     -0.00476991
     -0.00103191     -0.00102403
      -0.0036463     -0.00371409
     -0.00223559     -0.00228739
     -0.00631369     -0.00628243
    -0.000512852    -0.000478483
     -0.00109666     -0.00106574
     -0.00512794     -0.00509079
     -0.00279891     -0.00275596
     -0.00255478     -0.00247046
      -0.0024589     -0.00242929
     -0.00157846     -0.00150447
      -0.0033703     -0.00342538
     -0.00132337     -0.00125735
     -0.00721531     -0.00727002
     -0.00308038     -0.00295754
    -0.000887221    -0.000901939
     -0.00403945     -0.00390889
    -0.000915322    -0.000856729
    -0.000992557    -0.000942663
     -0.00159839     -0.00158136
     -0.00274373     -0.00270463
     -0.00311721     -0.00302284
    -0.000776805    -0.000794115
     -0.00126399     -0.00123861
      -0.0040204     -0.00406946
    -0.000603806    -0.000572944
     -0.00127089     -0.00129271
     -0.00169155     -0.00160176
     -0.00528015     -0.00511933
     -0.00732384     -0.00745151
    -0.000861655    -0.000820901
    -0.000524807     -0.00049147
    -0.000994211      -0.0010038
     -0.00801043      -0.0080757
     -0.00100916    -0.000993579
     -0.00222023     -0.00211899
      -0.0024987     -0.00244407
     -0.00198616     -0.00196007
     -0.00523146     -0.00504856
     -0.00315242     -0.00300128
     -0.00879819      -0.0085857
     -0.00349573     -0.00345998
     -0.00219034      -0.0022214
     -0.00223739     -0.00218063
     -0.00374332     -0.00371714
     -0.00119701     -0.00112798
     -0.00418839     -0.00409487
    -0.000698378     -0.00069318
    -0.000756781    -0.000701643
     -0.00565938     -0.00573559
     -0.00159402     -0.00162137
      -0.0015116     -0.00150331
     -0.00190948     -0.00184879
     -0.00822941     -0.00844634
     -0.00103404    -0.000990394
    -0.000866574    -0.000850847
     -0.00309789     -0.00301188
     -0.00186112     -0.00176483
     -0.00149804     -0.00146881
     -0.00287232     -0.00277837
     -0.00106183     -0.00100445
     -0.00381006     -0.00378832
     -0.00439044     -0.00415057
     -0.00167066     -0.00167543
     -0.00098189     -0.00098974
    -0.000848563    -0.000805247
     -0.00163753     -0.00153198
     -0.00058569    -0.000550234
     -0.00620007     -0.00608449
     -0.00119674     -0.00112178
     -0.00441251     -0.00445552
     -0.00060937    -0.000619931
    -0.000953576     -0.00092527
    -0.000689196    -0.000658294
     -0.00704092     -0.00693313
     -0.00175236     -0.00168459
    -0.000666215      -0.0006576
     -0.00337561     -0.00338393
     -0.00446611      -0.0043461
     -0.00393837      -0.0038414
     -0.00222459     -0.00212772
     -0.00205553     -0.00203597
    -0.000988578    -0.000943239
      -0.0048782     -0.00511359
     -0.00379004     -0.00376126
     -0.00331654     -0.00333087
    -0.000795363    -0.000783569
      -0.0020288      -0.0019056
     -0.00237471     -0.00231228
     -0.00427107     -0.00421766
    -0.000778327    -0.000773017
     -0.00271116     -0.00270456
     -0.00452234     -0.00452467
     -0.00400851     -0.00395801
     -0.00145472      -0.0013971
    -0.000630011     -0.00059079
     -0.00155704     -0.00152814
    -0.000955997    -0.000901336
    -0.000968868    -0.000929055
     -0.00408073     -0.00409296
     -0.00505248     -0.00501344
      -0.0014848      -0.0014055
     -0.00757697     -0.00759419
     -0.00146949     -0.00138994
      -0.0024339     -0.00235066
      -0.0014987     -0.00145738
     -0.00590939     -0.00612794
     -0.00189731     -0.00185665
    -0.000660005    -0.000623459
     -0.00224591      -0.0021876
    -0.000567809    -0.000536303
     -0.00167347     -0.00163084
     -0.00065922    -0.000614088
     -0.00120492     -0.00117337
     -0.00129097      -0.0013589
     -0.00246418     -0.00252984
     -0.00238099     -0.00241621
     -0.00800408     -0.00786284
     -0.00263087     -0.00261703
     -0.00167663     -0.00158771
     -0.00881835     -0.00886115
     -0.00504275     -0.00509102
    -0.000509311    -0.000500326
     -0.00337876     -0.00335617
       -0.004471     -0.00458191
     -0.00196548     -0.00191606
    -0.000847107    -0.000863303
     -0.00542395     -0.00540729
     -0.00136591     -0.00137088
    -0.000835246    -0.000786851
    -0.000775905    -0.000775153
    -0.000828077    -0.000781077
      -0.0117156      -0.0120629
      -0.0010751      -0.0010556
    -0.000831115    -0.000785968
     -0.00809822     -0.00804783
     -0.00444989     -0.00435652
     -0.00167077     -0.00159218
     -0.00397665     -0.00389043
    -0.000780635    -0.000797683
     -0.00180089     -0.00170654
     -0.00069562    -0.000664394
     -0.00237424     -0.00231805
     -0.00292933     -0.00291062
    -0.000495187    -0.000473119
    -0.000714351    -0.000686686
    -0.000615877    -0.000578701
     -0.00204826     -0.00198287
     -0.00495656     -0.00505005
    -0.000853131    -0.000795272
     -0.00102254    -0.000986576
    -0.000865711    -0.000846509
      -0.0038508     -0.00388834
     -0.00272409     -0.00273211
     -0.00395039     -0.00396894
      -0.0129048      -0.0131933
      -0.0013221     -0.00122958
     -0.00132908     -0.00125848
    -0.000738181    -0.000771933
    -0.000637715    -0.000588366
     -0.00325239     -0.00316529
     -0.00391111      -0.0037741
     -0.00632461     -0.00656343
      -0.0115403       -0.011472
     -0.00371176     -0.00379302
      -0.0009304     -0.00089984
     -0.00553768      -0.0054127
     -0.00087009    -0.000845855
     -0.00129141     -0.00126155
     -0.00649105     -0.00640513
     -0.00486754     -0.00468901
    -0.000750388    -0.000710217
    -0.000836634    -0.000783536
      -0.0014919     -0.00147424
    -0.000877681    -0.000829766
    -0.000676283    -0.000684084
     -0.00395135     -0.00396114
      -0.0057681     -0.00566652
     -0.00372666     -0.00357648
      -0.0057436     -0.00572488
     -0.00218048     -0.00208929
     -0.00165279     -0.00155366
       -0.001003    -0.000971252
     -0.00202404     -0.00197909
     -0.00160137      -0.0014997
    -0.000773885    -0.000765049
     -0.00225507     -0.00223733
     -0.00440306     -0.00425396
     -0.00171977     -0.00167026
     -0.00599125     -0.00590228
    -0.000649706    -0.000670328
     -0.00132926     -0.00129274
    -0.000565902     -0.00054302
     -0.00268093     -0.00272033
     -0.00157034     -0.00150872
     -0.00714527     -0.00728022
     -0.00341039     -0.00326285
    -0.000954281    -0.000903895
     -0.00181295      -0.0018623
     -0.00560351     -0.00580787
     -0.00753192     -0.00754912
    -0.000910524    -0.000875796
     -0.00332408     -0.00326358
     -0.00214569     -0.00208838
     -0.00243275     -0.00233135
     -0.00439574     -0.00429026
    -0.000868868    -0.000847067
     -0.00460838     -0.00476567
    -0.000807255    -0.000757101
     -0.00539931     -0.00538178
      -0.0018637     -0.00186806
    -0.000812205    -0.000814573
     -0.00111416     -0.00107742
     -0.00882486     -0.00888621
     -0.00266866      -0.0025735
     -0.00275873     -0.00281224
     -0.00197211     -0.00195036
     -0.00384564     -0.00371006
    -0.000664927    -0.000627278
       -0.013574      -0.0136528
    -0.000686905     -0.00067542
     -0.00155405     -0.00154636
    -0.000960646    -0.000964553
      -0.0057583     -0.00560908
     -0.00165442     -0.00156873
     -0.00334505     -0.00344072
     -0.00193573     -0.00192882
    -0.000555744    -0.000511791
    -0.000998261    -0.000924284
     -0.00139759     -0.00131313
     -0.00220901     -0.00220096
     -0.00108381     -0.00102673
     -0.00076565    -0.000751535
     -0.00242138     -0.00233368
     -0.00484346     -0.00481554
     -0.00165431     -0.00160207
    -0.000602033    -0.000573307
     -0.00610106     -0.00612478
    -0.000870206    -0.000829064
     -0.00169548     -0.00161643
     -0.00101065     -0.00097074
    -0.000721435    -0.000675041
     -0.00129463     -0.00126544
     -0.00316485     -0.00310955
     -0.00059767    -0.000559579
     -0.00144358     -0.00135972
     -0.00140945      -0.0013368
    -0.000951857    -0.000913984
     -0.00238395     -0.00237194
     -0.00479964     -0.00475363
    -0.000786565    -0.000767465
     -0.00161372     -0.00157116
     -0.00113297     -0.00107689
     -0.00235296     -0.00244321
     -0.00669207     -0.00652659
     -0.00143793     -0.00138466
    -0.000805314    -0.000742842
     -0.00407295     -0.00410846
     -0.00110916     -0.00111319
     -0.00452469      -0.0044377
     -0.00964123     -0.00949481
      -0.0051294     -0.00525275
    -0.000551943    -0.000519371
     -0.00105735     -0.00100449
     -0.00335088     -0.00323214
     -0.00621871     -0.00642113
    -0.000569358     -0.00056239
     -0.00472937     -0.00472241
     -0.00154167     -0.00150142
     -0.00195231     -0.00191204
      -0.0113251      -0.0115455
     -0.00120775      -0.0012583
     -0.00143828      -0.0013844
     -0.00543488      -0.0054748
      -0.0100027      -0.0100926
     -0.00108898     -0.00105577
    -0.000619712    -0.000637636
     -0.00340996     -0.00335254
     -0.00240461     -0.00232248
      -0.0128718      -0.0132266
    -0.000788242    -0.000750763
     -0.00837575     -0.00809813
    -0.000795739    -0.000759614
      -0.0117746      -0.0119533
     -0.00200451      -0.0020976
     -0.00403596      -0.0039146
     -0.00501369     -0.00493363
    -0.000802126    -0.000765867
     -0.00124375     -0.00116875
     -0.00869912      -0.0089749
    -0.000568719    -0.000554773
      -0.0021259     -0.00203953
     -0.00111673      -0.0011259
     -0.00234596     -0.00227022
     -0.00460205     -0.00452024
    -0.000565938    -0.000539057
    -0.000691917    -0.000664327
    -0.000962456    -0.000903676
    -0.000659507    -0.000653763
    -0.000460963    -0.000447846
     -0.00081037    -0.000750029
     -0.00572454     -0.00571387
     -0.00108455     -0.00102616
      -0.0020885     -0.00202066
     -0.00124835     -0.00115468
     -0.00489275     -0.00480759
     -0.00140041      -0.0013709
     -0.00152038     -0.00144618
     -0.00336324     -0.00335781
     -0.00314674     -0.00330143
     -0.00288754     -0.00283883
      -0.0023746     -0.00238405
     -0.00281615     -0.00270108
     -0.00868769     -0.00863506
     -0.00159362     -0.00162708
     -0.00201957     -0.00195873
    -0.000912799    -0.000861052
     -0.00268198     -0.00264553
     -0.00706723     -0.00722801
     -0.00152669     -0.00150565
     -0.00146916     -0.00145007
     -0.00139683     -0.00137033
     -0.00524013     -0.00507079
     -0.00281056     -0.00273639
     -0.00436575     -0.00431726
     -0.00466715     -0.00451871
      -0.0042849     -0.00441116
       -0.002629     -0.00267263
     -0.00116014       -0.001097
    -0.000764632    -0.000716487
     -0.00123191     -0.00114361
     -0.00559163      -0.0057691
     -0.00141697     -0.00135844
     -0.00224209     -0.00213601
     -0.00389676      -0.0039115
     -0.00161801     -0.00161176
     -0.00405435     -0.00393606
     -0.00669797     -0.00662159
    -0.000542116     -0.00051293
     -0.00140257     -0.00141276
    -0.000520511    -0.000493606
    -0.000729578    -0.000682117
    -0.000760367    -0.000768322
     -0.00768974     -0.00792728
     -0.00337578     -0.00333394
     -0.00196163     -0.00186041
     -0.00506098     -0.00523046
     -0.00100837    -0.000943814
     -0.00204639     -0.00201585
       -0.010153      -0.0104864
     -0.00432555     -0.00420054
    -0.000766383    -0.000714972
     -0.00521677     -0.00514742
    -0.000858126    -0.000848723
      -0.0107347      -0.0106676
     -0.00389178     -0.00392992
     -0.00433966     -0.00431218
     -0.00103425     -0.00099125
    -0.000561001    -0.000535336
     -0.00192325     -0.00192645
    -0.000716097    -0.000663034
     -0.00507157     -0.00496926
       -0.005264     -0.00509458
     -0.00258468     -0.00246067
     -0.00357893     -0.00344784
     -0.00516853     -0.00500382
     -0.00190797     -0.00182777
     -0.00113715      -0.0010738
     -0.00509193     -0.00487333
     -0.00420583     -0.00421413
     -0.00454594     -0.00448202
     -0.00551592     -0.00543247
      -0.0009174    -0.000874615
     -0.00351685     -0.00363729
     -0.00330847      -0.0033205
     -0.00454662     -0.00447499
     -0.00553834     -0.00547085
     -0.00113678     -0.00112458
    -0.000668175    -0.000616654
     -0.00066174    -0.000639127
     -0.00113602     -0.00114489
    -0.000695467    -0.000657479
     -0.00896607     -0.00922682
     -0.00246057     -0.00236328
     -0.00462699     -0.00446719
       -0.001614     -0.00152666
      -0.0049058     -0.00501251
     -0.00219459     -0.00207224
      -0.0005893    -0.000574963
     -0.00438259     -0.00428701
     -0.00193505     -0.00188284
    -0.000953405    -0.000893823
    -0.000830415    -0.000783251
      -0.0011096     -0.00104999
     -0.00462733      -0.0045559
    -0.000922002     -0.00088579
     -0.00213309     -0.00210526
    -0.000797139     -0.00074908
    -0.000521707    -0.000505637
    -0.000532202    -0.000524857
     -0.00582787     -0.00573785
     -0.00668962     -0.00697972
      -0.0124443       -0.012476
     -0.00464192     -0.00446469
     -0.00521562     -0.00521082
      -0.0014735     -0.00138139
    -0.000619844    -0.000574821
     -0.00125083     -0.00118309
     -0.00354036     -0.00346816
     -0.00806929     -0.00811032
    -0.000735193    -0.000736701
       -0.014024      -0.0145452
     -0.00864004     -0.00846757
    -0.000918088    -0.000929183
     -0.00233157       -0.002264
     -0.00111602     -0.00105732
     -0.00289874     -0.00285915
    -0.000677306    -0.000637637
    -0.000850312    -0.000823749
      -0.0125523      -0.0127333
     -0.00133323     -0.00131782
    -0.000608549     -0.00057214
     -0.00090713    -0.000854873
     -0.00451225     -0.00437948
     -0.00614742     -0.00605615
     -0.00119522     -0.00119302
     -0.00937178     -0.00966627
     -0.00196413     -0.00194091
    -0.000782427    -0.000787206
     -0.00117266     -0.00109378
     -0.00514237     -0.00487748
     -0.00129829     -0.00125449
     -0.00311796     -0.00309439
     -0.00585535     -0.00566512
     -0.00467695     -0.00448138
     -0.00109156     -0.00108424
    -0.000834422    -0.000808435
     -0.00287796     -0.00283789
     -0.00202409     -0.00192125
    -0.000956277    -0.000913999
     -0.00355784     -0.00345849
     -0.00348047     -0.00332569
     -0.00371092     -0.00375595
     -0.00225428     -0.00218703
     -0.00873589     -0.00871416
     -0.00210222     -0.00199546
       -0.011315      -0.0117154
     -0.00530695     -0.00553071
     -0.00669987     -0.00682516
     -0.00104219     -0.00104781
     -0.00149495     -0.00148917
      -0.0013092     -0.00125484
    -0.000837175    -0.000774346
     -0.00132306     -0.00134497
     -0.00770844     -0.00764114
    -0.000972881    -0.000900883
     -0.00052692     -0.00049389
     -0.00257937     -0.00264774
     -0.00187855     -0.00179629
     -0.00270979     -0.00264187
     -0.00378088     -0.00366928
     -0.00262826     -0.00269049
     -0.00694363     -0.00682459
    -0.000809305    -0.000808503
     -0.00168693     -0.00160829
    -0.000622742    -0.000596527
     -0.00320167     -0.00312094
    -0.000976849     -0.00092354
     -0.00159555     -0.00148747
     -0.00709329     -0.00724384
      -0.0007594     -0.00070812
     -0.00598735     -0.00590057
     -0.00128913     -0.00121624
    -0.000646892    -0.000625689
     -0.00196438     -0.00187388
    -0.000858203     -0.00081003
    -0.000984758    -0.000964563
     -0.00786902     -0.00796137
     -0.00308296     -0.00293618
     -0.00246053     -0.00236865
    -0.000964679      -0.0009065
    -0.000543875    -0.000535232
     -0.00348571     -0.00349952
     -0.00140051     -0.00131107
    -0.000723658    -0.000688349
     -0.00078053    -0.000753847
     -0.00373853     -0.00353488
      -0.0044234     -0.00439479
      -0.0017479     -0.00168016
     -0.00103646     -0.00101861
     -0.00140238     -0.00133277
    -0.000788248    -0.000819618
    -0.000917199    -0.000869883
     -0.00163083     -0.00159323
     -0.00466323     -0.00473208
     -0.00112978     -0.00106554
     -0.00315398     -0.00310336
    -0.000705603     -0.00065928
    -0.000557973    -0.000531998
     -0.00357286     -0.00358407
     -0.00431257     -0.00425938
     -0.00187287     -0.00179547
     -0.00121836     -0.00125233
    -0.000806962     -0.00075178
     -0.00097994    -0.000918498
     -0.00399123     -0.00411323
      -0.0072953     -0.00741514
     -0.00290251     -0.00287519
      -0.0052087     -0.00531099
     -0.00167231     -0.00157515
      -0.0055235     -0.00557153
     -0.00737303      -0.0073803
    -0.000697133     -0.00064748
     -0.00314185      -0.0029975
     -0.00509596     -0.00501452
     -0.00477449     -0.00470934
     -0.00161903     -0.00159989
     -0.00521179     -0.00513491
     -0.00401219     -0.00388376
     -0.00354641     -0.00366917
     -0.00177635     -0.00169786
    -0.000961477    -0.000972652
     -0.00127385     -0.00125501
    -0.000727741    -0.000690814
     -0.00133747     -0.00133295
      -0.0031712     -0.00312132
     -0.00281946     -0.00275514
     -0.00558029     -0.00553237
    -0.000732698    -0.000680885
     -0.00413541     -0.00418019
     -0.00687699     -0.00668536
      -0.0010994     -0.00103343
     -0.00633465      -0.0065075
     -0.00102366    -0.000976362
    -0.000916169    -0.000924409
     -0.00203027      -0.0020003
     -0.00106128      -0.0010052
     -0.00202939     -0.00202723
     -0.00121531     -0.00120478
      -0.0019961     -0.00198744
     -0.00533148     -0.00534429
     -0.00707252      -0.0071473
      -0.0009155    -0.000871465
     -0.00185419     -0.00182664
     -0.00175385     -0.00167341
    -0.000805698     -0.00075811
     -0.00213223     -0.00203695
     -0.00315253     -0.00301249
     -0.00456322     -0.00464822
     -0.00953325     -0.00929448
     -0.00237916     -0.00229779
      -0.0101712      -0.0105684
     -0.00292356     -0.00283186
    -0.000504387    -0.000490876
     -0.00339096     -0.00332681
     -0.00176999     -0.00167903
     -0.00382262     -0.00372419
     -0.00121379     -0.00115303
    -0.000758196    -0.000708129
     -0.00519849     -0.00496609
     -0.00153368     -0.00148781
     -0.00381007     -0.00376568
     -0.00324816     -0.00332912
     -0.00123338     -0.00120489
     -0.00121397      -0.0011445
     -0.00622212     -0.00617324
    -0.000761477    -0.000744237
      -0.0038421     -0.00375942
    -0.000577673    -0.000572221
     -0.00111915     -0.00106415
    -0.000984821    -0.000949752
     -0.00400443     -0.00406823
     -0.00136261     -0.00140648
    -0.000560865    -0.000535769
    -0.000692738    -0.000641786
      -0.0104503      -0.0106593
     -0.00106511     -0.00103356
     -0.00810147     -0.00835171
     -0.00154815     -0.00145733
      -0.0012744     -0.00120843
     -0.00216191     -0.00212349
     -0.00391877     -0.00382741
    -0.000829917    -0.000809761
    -0.000690707    -0.000671457
    -0.000760988     -0.00070079
      -0.0016159      -0.0015565
     -0.00130255     -0.00134039
     -0.00393376     -0.00383505
     -0.00353986     -0.00352657
     -0.00175357     -0.00165102
    -0.000549165    -0.000527621
     -0.00229625     -0.00232673
     -0.00304716     -0.00294929
    -0.000921409    -0.000881482
     -0.00189565     -0.00193474
     -0.00375684     -0.00364627
    -0.000810818    -0.000771649
    -0.000864648    -0.000831452
    -0.000489691    -0.000463012
     -0.00336665     -0.00343426
    -0.000830279    -0.000861121
     -0.00222931     -0.00220101
     -0.00460232     -0.00450993
     -0.00302767     -0.00293988
     -0.00150341     -0.00146627
     -0.00764965      -0.0077022
     -0.00112214     -0.00112811
      -0.0029728     -0.00281997
     -0.00163524     -0.00157069
     -0.00480554     -0.00478719
     -0.00228777     -0.00220548
     -0.00777774     -0.00800144
      -0.0126001      -0.0126784
     -0.00979978     -0.00969525
     -0.00586522     -0.00598414
     -0.00585348      -0.0058025
    -0.000776835    -0.000750643
     -0.00138207     -0.00136729
      -0.0055439     -0.00561846
     -0.00627968     -0.00641424
     -0.00450821     -0.00448543
    -0.000675911    -0.000641381
     -0.00154793     -0.00150248
      -0.0023325     -0.00236703
    -0.000979616    -0.000935467
     -0.00135563     -0.00128186
     -0.00836067     -0.00843311
     -0.00274183     -0.00265007
     -0.00478204     -0.00488072
     -0.00225737     -0.00214123
    -0.000684428     -0.00064706
     -0.00921638     -0.00929267
     -0.00165769     -0.00158595
     -0.00248183     -0.00243202
     -0.00179843     -0.00176013
     -0.00276553     -0.00275055
     -0.00328647     -0.00333166
       -0.006953     -0.00692072
     -0.00198948      -0.0018864
     -0.00192563     -0.00181407
        -0.00413     -0.00421591
     -0.00546759     -0.00539015
     -0.00883702     -0.00886247
     -0.00811322     -0.00838627
     -0.00083747    -0.000785562
    -0.000842666    -0.000814636
    -0.000628983    -0.000586863
     -0.00440615     -0.00432681
    -0.000634928     -0.00060329
     -0.00156527     -0.00148653
     -0.00453144     -0.00443457
    -0.000696865    -0.000668567
     -0.00773657     -0.00765168
     -0.00263507     -0.00257503
      -0.0011551     -0.00115967
    -0.000749942    -0.000710932
     -0.00214999     -0.00212178
     -0.00719829     -0.00738808
      -0.0007462    -0.000711203
     -0.00274507     -0.00277095
    -0.000572736    -0.000532316
     -0.00154904     -0.00148367
     -0.00143039      -0.0013702
     -0.00200245     -0.00194188
     -0.00168994     -0.00166264
      -0.0075539     -0.00755595
    -0.000787948    -0.000750517
     -0.00730761     -0.00713167
     -0.00187161     -0.00188551
     -0.00927547     -0.00913807
     -0.00431214      -0.0041391
     -0.00435186     -0.00411288
    -0.000591358     -0.00056241
      -0.0043423     -0.00452879
     -0.00546614     -0.00551232
    -0.000827458    -0.000825664
     -0.00443718     -0.00435677
    -0.000682358     -0.00070633
      -0.0051689     -0.00532895
     -0.00789043     -0.00777629
     -0.00196112     -0.00186841
     -0.00117927     -0.00112154
    -0.000893425    -0.000863307
     -0.00104686    -0.000973439
     -0.00761287     -0.00782904
     -0.00130714      -0.0012626
     -0.00615469     -0.00620658
     -0.00110099     -0.00103717
