QM Energy	FF Energy
    -0.000708205    -0.000744623
    -0.000842739    -0.000666793
    -0.000405234    -0.000105523
      0.00728981       0.0075199
     -0.00118765     -0.00101266
    -0.000724081    -0.000653725
     -0.00129187     -0.00127786
     -0.00053969    -0.000411971
    -0.000515218      -0.0006922
    -0.000676937    -0.000697587
    -0.000322116     -0.00080763
      9.6326e-05    -8.22669e-05
    -0.000559856       -0.000405
    -0.000528272    -0.000766776
    -0.000432641    -0.000780249
       0.0170864       0.0178769
     -0.00108431    -0.000938527
    -0.000368777    -0.000317584
       0.0159828       0.0152306
    -0.000454345    -0.000425131
     -0.00122171     -0.00131548
    -0.000583246    -0.000637641
     -0.00146028     -0.00122461
    -0.000618709    -0.000639373
      0.00448734      0.00411208
      0.00178687      0.00200168
    -0.000719826     -0.00085107
    -0.000634296    -0.000704913
    -0.000697035    -0.000498908
      0.00286957      0.00175618
     -0.00119399      -0.0014465
     -0.00114053    -0.000978463
    -0.000574201    -0.000573296
     0.000293189     0.000823208
      0.00179818       0.0016383
     0.000143481    -0.000187803
      0.00263825      0.00412349
      0.00537936      0.00459299
      0.00486801      0.00412526
    -0.000814566    -0.000722593
    -0.000841798    -0.000882252
    -0.000538512    -0.000680854
      0.00346592      0.00506785
    -0.000923882    -0.000995323
    -0.000272637    -0.000530618
     0.000640844     0.000718924
     -7.4463e-05     0.000220964
    -0.000703885    -0.000871556
     0.000496215    -5.49325e-05
    -0.000540845    -0.000802479
    -0.000759954    -0.000774474
     -0.00112164     -0.00114406
      0.00250204       0.0019088
       0.0019637      0.00187024
    -0.000347112    -0.000403609
    -0.000883531    -0.000866011
     -5.5779e-05     0.000197258
    -0.000587798    -0.000515215
     -0.00142618     -0.00133788
     0.000700958     0.000198764
    -0.000862531     -0.00104431
    -0.000393732    -0.000448937
    -0.000970392    -0.000887834
       0.0010948      0.00178043
    -0.000682009    -0.000514974
    -0.000347128    -0.000713943
    -0.000875296       -0.001533
    -0.000987635    -0.000665929
    -0.000808879    -0.000728145
    -0.000323219     -8.4103e-05
    -0.000668014    -0.000558294
     0.000243318     0.000301953
      0.00121433      0.00231104
      0.00030848    -0.000165951
    -0.000947693    -0.000892562
      0.00397934      0.00447551
     0.000943951      0.00084625
    -0.000286517    -0.000185305
    -0.000367752    -0.000678736
     0.000803322     0.000431159
      0.00115389      0.00146598
    -0.000469866    -0.000586929
    -0.000563062    -0.000701628
       0.0145325       0.0134365
     -0.00108089    -0.000891211
      0.00125717      0.00207025
       0.0108149      0.00957387
    -0.000642176    -0.000556725
    -0.000934217    -0.000642875
    -0.000610973     -0.00054779
    -0.000956512    -0.000977601
    -0.000637253    -0.000689611
     -0.00116871     -0.00128076
     -0.00083563    -0.000920929
    -0.000483722    -0.000432358
     -0.00118872     -0.00102131
    -0.000934608     -0.00103685
    -0.000324009    -0.000397312
    -0.000758004    -0.000625918
    -0.000339837    -0.000699168
      0.00844082      0.00654739
    -0.000633458     -0.00063314
     -0.00127396     -0.00188773
    -0.000468706    -0.000595123
      0.00982709      0.00823914
    -0.000529148    -0.000569672
      0.00435874      0.00507361
      0.00130559      0.00161591
      0.00425593      0.00646743
     -0.00143752     -0.00151222
    -0.000521782    -0.000693344
    -0.000338814    -0.000685822
     -2.7262e-05     0.000441898
      0.00186402      0.00119261
      -0.0006766    -0.000625672
       0.0009984      0.00170322
     -0.00102684    -0.000940541
    -0.000973705    -0.000991101
    -0.000484045    -0.000582894
      0.00530966       0.0064053
      0.00319691       0.0035429
    -0.000337207    -0.000224485
    -0.000451151    -0.000225348
    -0.000948896    -0.000705873
     -0.00112644     -0.00108081
    -0.000863167     -0.00102941
     -0.00095534     -0.00100789
    -0.000573682    -0.000579168
     -0.00113444     -0.00100399
    -0.000932659    -0.000917856
    -0.000982205    -0.000925103
    -0.000396211     -0.00042157
     0.000466285     0.000553134
      0.00194995      0.00177594
    -0.000803607     -0.00112962
    -0.000581497     -0.00099763
    -0.000758629    -0.000778397
    -0.000576742    -0.000770687
      0.00242376      0.00186185
    -0.000943021    -0.000809221
    -0.000700127    -0.000656824
    -0.000700424    -0.000557176
    -0.000548903    -0.000576106
    -0.000502298    -0.000400275
      0.00566262      0.00574118
     -8.7263e-05    -0.000238252
    -0.000542149    -0.000538373
    -0.000971955     -0.00085476
    -0.000110183     -3.6401e-05
    -0.000712596    -0.000822824
    -0.000645943    -0.000608452
     -0.00113075     -0.00114485
     -0.00042442    -0.000511516
    -0.000712652    -0.000633948
    -0.000470787    -0.000787766
      0.00251201      0.00303563
    -0.000504528    -0.000445465
    -0.000750909    -0.000830448
     -0.00108945     -0.00144719
      0.00138288       0.0017035
      0.00378882      0.00354434
    -0.000511515    -0.000652176
     -0.00143604     -0.00122997
     -9.1863e-05    -0.000215979
    -0.000549251    -0.000608905
    -0.000395039    -0.000110475
    -0.000976279     -0.00080687
      0.00356038      0.00494294
      0.00918979       0.0102532
    -0.000833945    -0.000754982
    -0.000762035    -0.000605501
      0.00210847      0.00182416
     -0.00126605     -0.00113527
    -0.000388321    -0.000485736
      0.00136151     0.000741417
     -0.00119679     -0.00108533
    -0.000682133    -0.000657237
    -0.000633718    -0.000712022
    -0.000950982    -0.000903626
      0.00170166      0.00261281
     -0.00101395      -0.0010501
    -0.000559901    -0.000714029
      0.00131287     0.000899184
    -0.000418431    -0.000418633
     -0.00124273     -0.00137824
      0.00609513      0.00594626
    -0.000586444    -0.000579551
     0.000253965     -0.00013416
    -0.000397598    -0.000417538
     -0.00112944     -0.00108986
     -0.00074996    -0.000885408
      0.00285055      0.00350084
    -0.000755496    -0.000814896
    -0.000619855     -0.00083921
      0.00214869       0.0017974
     0.000257418     0.000274951
    -0.000456597    -0.000551657
     -0.00059012    -0.000565336
     0.000819221     0.000547102
    -0.000485254    -0.000810049
      0.00521843      0.00652769
    -0.000568371    -0.000500387
    -0.000494771    -0.000505067
    -0.000567864    -0.000721401
      0.00488006       0.0041699
    -0.000403832    -0.000643866
      0.00429413      0.00610928
    -0.000687576    -0.000631479
      6.6192e-05     0.000605017
    -0.000724089    -0.000630165
    -0.000728694    -0.000698162
    -0.000870702    -0.000665663
     -0.00071573    -0.000482806
    -0.000433158    -0.000473169
    -0.000991298    -0.000915423
    -0.000483856     -0.00044019
      0.00243583      0.00210542
    -0.000765866    -0.000648565
    -0.000518438    -0.000571718
     0.000582657      0.00107797
    -0.000514307    -0.000636981
     0.000328206      -0.0002977
    -0.000844652     -0.00088148
    -0.000830148    -0.000886251
    -0.000764471    -0.000773509
    -0.000854376    -0.000791969
       9.846e-06      5.0759e-05
     -0.00109668    -0.000931636
     -0.00056647    -0.000686617
    -0.000736976        -0.00067
    -0.000567517    -0.000585516
    -0.000792007    -0.000665102
      0.00346587      0.00491506
    -0.000550021    -0.000578771
      0.00172447      0.00140042
     -0.00139812     -0.00127677
      0.00531926      0.00465696
    -0.000528025    -0.000787212
      0.00277076      0.00232698
     0.000143299    -0.000293488
    -0.000731991    -0.000884812
     -0.00107379     -0.00141204
      0.00148352     0.000952836
    -0.000636338    -0.000586167
    -0.000809557    -0.000961904
       0.0108449       0.0102219
       0.0125469       0.0115937
      0.00335487      0.00531638
    -0.000565505    -0.000814636
    -0.000410977    -0.000421658
    -0.000455722    -0.000548628
    -0.000720424    -0.000668176
      0.00919769      0.00806371
    -0.000490491     -0.00045027
     -0.00118198      -0.0011535
     -0.00058159    -0.000461454
    -0.000857885    -0.000925083
    -0.000503864    -0.000506939
      0.00126757     0.000767079
    -0.000597311    -0.000514074
    -0.000991796    -0.000918424
    -0.000601704    -0.000640613
      0.00575186      0.00466542
      0.00177094      0.00182718
    -0.000521114    -0.000495682
       0.0107258       0.0102807
    -0.000683539    -0.000608781
      0.00274568      0.00291414
      0.00115021       0.0020058
    -0.000609092    -0.000537587
     -0.00137863     -0.00139947
     -0.00110776     -0.00127094
    -0.000547538    -0.000722277
    -0.000732828    -0.000812255
      0.00386682      0.00332936
    -0.000697518    -0.000742591
     0.000113149     0.000272057
     0.000520193     0.000369823
      0.00229685      0.00337453
     -0.00102044    -0.000928277
      0.00237039      0.00264831
    -0.000587542    -0.000817071
    -0.000541818    -0.000480479
    -0.000573214    -0.000580058
      -0.0009334     -0.00116928
    -0.000139574    -0.000298366
    -0.000723289    -0.000742468
    -0.000903898    -0.000984338
    -0.000516139    -0.000629965
     -0.00064982    -0.000622744
      0.00439464      0.00304457
     -0.00170003     -0.00183278
     -0.00109813     -0.00133062
    -0.000766388     -0.00072685
    -0.000630674    -0.000622575
    -0.000640982    -0.000774459
    -0.000389517    -0.000829107
    -0.000349155    -0.000742854
     -0.00101158    -0.000946942
    -0.000705318     -0.00091465
      0.00112678      0.00136094
       0.0109163        0.011018
    -0.000512591    -0.000717341
    -0.000582516    -0.000351384
     -0.00117996     -0.00142892
    -0.000559029    -0.000453687
    -0.000677091    -0.000390409
    -0.000584815    -0.000633636
      0.00153716     0.000345456
    -0.000729026     -0.00066048
    -0.000223262     9.74423e-06
     -0.00027424    -0.000508172
      0.00451168      0.00453232
     -0.00040055    -0.000389911
    -0.000803861     -0.00100213
     0.000861571     0.000604254
     -0.00108507     -0.00147469
      6.1723e-05    -0.000226282
     0.000206109    -0.000133282
     -0.00068975    -0.000890646
     0.000880259     0.000545347
     -0.00106377     -0.00101539
     0.000846692     0.000560154
     -0.00152105     -0.00129146
    -0.000672449    -0.000541915
      0.00102902     0.000810536
    -0.000724058    -0.000775566
    -0.000959661      -0.0008266
    -0.000854007    -0.000935881
     0.000491981     0.000252993
     0.000631384     0.000166271
    -0.000645282    -0.000497313
     -0.00066733    -0.000574204
     -0.00118419     -0.00141102
    -0.000559999    -0.000568693
    -0.000635553    -0.000654783
     -0.00101557    -0.000988824
      0.00488768      0.00454069
      0.00577158      0.00528699
    -0.000710811    -0.000759383
    -0.000363679     -0.00042692
    -0.000673859    -0.000620559
      0.00674174      0.00772198
    -0.000723463    -0.000598415
    -0.000210766     7.46294e-05
      7.3873e-05     -0.00045012
    -0.000825244     -0.00127809
      0.00371208      0.00538717
     0.000302859     0.000732526
       0.0138526       0.0133869
     0.000965008     1.10006e-05
    -0.000879743     -0.00079596
       -0.000485    -0.000818582
     -0.00100102     -0.00175652
    -0.000603913    -0.000684842
    -0.000943499    -0.000859822
    -0.000460648    -0.000547413
    -0.000601862    -0.000591755
     0.000309248     0.000397497
    -0.000807563    -0.000844705
     -0.00109395     -0.00126715
    -0.000394039    -0.000670773
      0.00803374      0.00998839
    -0.000604685    -0.000570198
    -0.000658682    -0.000766273
    -0.000329761    -0.000604422
    -0.000761718    -0.000809417
     -0.00111554     -0.00123374
      8.5941e-05    -0.000462345
     -0.00062632    -0.000639252
      0.00181831      0.00103746
      0.00234687      0.00302639
    -0.000781507    -0.000720516
    -0.000712032    -0.000695995
     -0.00073542    -0.000763716
     -0.00129962     -0.00109114
    -0.000630606    -0.000520691
      0.00487798      0.00473718
    -0.000832532     -0.00078728
     -0.00117507     -0.00113518
    -0.000556997    -0.000461452
    -0.000855348    -0.000991056
    -0.000474902    -0.000553613
      0.00237565      0.00239315
     -0.00112577     -0.00110001
    -0.000634476    -0.000593598
    -0.000853079    -0.000663122
     -0.00101453    -0.000902903
     0.000573112     0.000336999
     -3.3292e-05         0.00012
     -0.00117388      -0.0015123
    -0.000540706     -0.00057268
      0.00129356      0.00215779
    -0.000913974     -0.00155374
    -0.000469809    -0.000575844
     -0.00077156    -0.000776094
     -0.00136503     -0.00117871
    -0.000192523    -0.000446402
      0.00261729      0.00205536
    -0.000555953    -0.000583079
    -0.000331974    -0.000849495
    -0.000656373     -0.00133776
     -4.6847e-05    -0.000282203
     -0.00070087    -0.000958027
    -0.000391588    -0.000482383
     -0.00128989     -0.00132543
     -0.00064777    -0.000625321
    -0.000777924    -0.000903447
       0.0013055      0.00131144
      0.00329498      0.00208776
    -0.000698889    -0.000710989
      0.00239344       0.0029446
    -0.000686308    -0.000725049
    -0.000541739    -0.000751597
     -0.00088686    -0.000764766
      0.00263778      0.00329353
    -0.000740678    -0.000982525
    -0.000535656    -0.000529159
     -0.00111191     -0.00104584
    -0.000639708    -0.000524511
    -0.000599301    -0.000809637
    -0.000568047    -0.000463767
    -0.000979913     -0.00102206
    -0.000857256    -0.000685992
    -0.000932522    -0.000726253
    -0.000638653     -0.00028298
      0.00853509      0.00663587
     -0.00101428    -0.000875027
    -0.000928702    -0.000816552
       0.0118626       0.0101827
       0.0037799       0.0033682
    -0.000454542    -0.000464908
     0.000918169      0.00032871
    -0.000716225    -0.000917015
      -0.0014917     -0.00147313
    -0.000720949    -0.000610625
      0.00288127      0.00302222
    -0.000880667    -0.000939008
    -0.000647095    -0.000634571
    -0.000649937    -0.000624098
    -0.000546604    -0.000643386
       0.0108488        0.010025
    -0.000599989    -0.000587004
    -0.000579221    -0.000510483
       0.0063914        0.005787
    -0.000150337    -1.66941e-05
    -0.000763887    -0.000846568
     0.000538145     0.000663481
    -0.000629221    -0.000526136
    -0.000315362    -0.000548936
    -0.000508295    -0.000621358
    -0.000675808    -0.000919974
     -0.00144554     -0.00165264
    -0.000389228    -0.000436386
    -0.000657534    -0.000655873
    -0.000514995    -0.000503535
     -0.00102501     -0.00115114
      -0.0012264     -0.00135662
    -0.000564579    -0.000685711
    -0.000892908     -0.00100237
    -0.000559716    -0.000670965
      -0.0016786     -0.00175322
    -0.000648728    -0.000766684
    -0.000402067    -0.000526795
       0.0171642       0.0170053
     -0.00117376     -0.00102559
     -0.00111683     -0.00096716
    -0.000622032    -0.000503806
    -0.000487335    -0.000481991
     0.000324012    -0.000286392
     -0.00110709    -0.000818218
       0.0042323      0.00584476
       0.0160978       0.0153012
    -0.000494038    -0.000404222
    -0.000508971    -0.000637109
      0.00341509      0.00519502
    -0.000760572    -0.000666691
     -0.00109525    -0.000996324
      0.00353472      0.00277983
      0.00256307      0.00406089
    -0.000613611    -0.000720729
    -0.000549636    -0.000584332
    -0.000940085    -0.000849628
    -0.000831322    -0.000722555
    -0.000589352    -0.000519974
      -0.0015506     -0.00161135
      0.00455967      0.00419674
     -0.00110175    -0.000947517
      0.00542227      0.00524176
    -0.000612944    -0.000777948
     -0.00100464    -0.000861518
     -0.00054592    -0.000709945
    -0.000265465     -0.00053794
     -0.00102684     -0.00102007
    -0.000707695    -0.000723577
     -0.00168996     -0.00173678
      0.00158403      0.00184178
    -0.000585991    -0.000415472
      0.00283358      0.00257047
    -0.000556853    -0.000484448
    -0.000893491    -0.000822406
    -0.000433614    -0.000520604
    -0.000978862    -0.000950629
    -0.000531589    -0.000612725
      0.00127099      0.00128798
      0.00164565      0.00229536
    -0.000737324    -0.000777586
    -0.000949345    -0.000875008
      0.00131082      0.00166891
      0.00351784      0.00439993
    -0.000486949    -0.000640977
     0.000699207     0.000266093
     -0.00040638     -0.00082693
     -9.8583e-05      -0.0003176
      0.00257385      0.00181054
    -0.000826013    -0.000845866
     0.000904961      0.00169382
    -0.000572892    -0.000592957
      0.00335613      0.00311386
     -0.00108391     -0.00129007
    -0.000585255    -0.000640695
     -0.00091299     -0.00109165
      0.00580804      0.00620576
     -0.00128334      -0.0011426
      2.4394e-05    -0.000398776
     -0.00106988     -0.00104251
      0.00163607      0.00289966
    -0.000566889    -0.000450923
       0.0125002        0.014174
    -0.000516482     -0.00046196
     -0.00107026     -0.00112628
    -0.000674479    -0.000556933
      0.00212681      0.00180359
    -0.000456115    -0.000448957
    -0.000478652    -0.000494112
    -0.000642704    -0.000446336
    -0.000523517     -0.00040556
    -0.000522539    -0.000610238
     -0.00113495    -0.000987759
     -0.00165245     -0.00173238
    -0.000690776    -0.000657411
    -0.000667666    -0.000750496
     -0.00113541      -0.0010766
    -0.000781477    -0.000620009
    -0.000654322    -0.000403912
    -0.000582521    -0.000524313
      0.00338807      0.00473982
    -0.000600622    -0.000698863
    -0.000704409    -0.000897248
    -0.000946504    -0.000908527
    -0.000558324    -0.000595626
     -0.00103294     -0.00109824
     -0.00144486     -0.00146422
    -0.000550031    -0.000465382
    -0.000686165    -0.000597063
    -0.000608347    -0.000758509
    -0.000836935    -0.000806465
     -0.00144825     -0.00128279
      0.00245176      0.00326168
    -0.000659824     -0.00069064
    -0.000689855    -0.000840486
    -0.000934047    -0.000850978
    -0.000870272    -0.000683017
      0.00644986      0.00561367
     -0.00103781     -0.00106968
    -0.000801242    -0.000695055
    -0.000377609    -0.000126629
    -0.000875728    -0.000788892
       0.0023132      0.00357581
      0.00755085      0.00841853
     0.000439563     0.000724944
    -0.000440379    -0.000443096
    -0.000576103    -0.000602318
     0.000886752       0.0015266
      0.00306936      0.00352279
    -0.000536701    -0.000465795
      0.00390926      0.00317329
    -0.000618943    -0.000810007
    -0.000849562     -0.00070285
       0.0134724       0.0134697
    -0.000808336     -0.00063628
     -0.00113965      -0.0011628
     0.000160904     0.000188138
       0.0147825       0.0132256
    -0.000642989    -0.000630806
    -0.000539394    -0.000435568
      7.6266e-05     0.000211373
     -6.5767e-05    -0.000413159
      0.00898386      0.00936313
    -0.000762411    -0.000719764
       0.0135374        0.012334
    -0.000732071    -0.000723183
      0.00771555      0.00829309
    -0.000759571    -0.000608807
     0.000532026     0.000841051
      0.00318628      0.00200742
    -0.000607302    -0.000552517
    -0.000994438    -0.000883525
      0.00866379        0.010288
    -0.000515041    -0.000443087
    -0.000859976    -0.000948544
    -0.000846288    -0.000744043
     -0.00134203     -0.00129568
     0.000644802     0.000352376
     -0.00056708    -0.000500334
    -0.000643689    -0.000549169
     -0.00083646    -0.000735593
    -0.000564181    -0.000468382
    -0.000459006    -0.000411591
    -0.000618421     -0.00056825
       0.0040797      0.00324414
     -0.00059655    -0.000607284
    -0.000400213    -0.000326986
     -0.00110545    -0.000907885
      0.00205077      0.00176937
    -0.000842505     -0.00100463
    -0.000771349     -0.00087131
       0.0010176      0.00147723
     -6.2619e-05     0.000231845
    -0.000359696    -4.09223e-05
     -0.00118485     -0.00120719
     -0.00116097     -0.00104333
       0.0106319      0.00935437
    -0.000884356    -0.000744664
    -0.000591981    -0.000963788
    -0.000529674    -0.000615215
    -0.000180631    -0.000483466
      0.00610644      0.00490013
     -0.00113078      -0.0011206
     -0.00114503     -0.00103632
    -0.000656672    -0.000605035
      0.00454293      0.00451859
      6.5974e-05     0.000604508
     0.000506275     0.000706395
      0.00241651       0.0022102
    -0.000549405    -0.000644997
     -0.00113017     -0.00129285
    -0.000703064    -0.000779752
    -0.000778529    -0.000640792
    -0.000545616    -0.000611688
     0.000567456     0.000617024
    -0.000730038    -0.000964182
     -0.00154066     -0.00133886
     -9.2396e-05    -0.000327039
     -0.00111575       -0.001177
    -0.000675471    -0.000713023
      0.00397265      0.00563153
    -0.000469727    -0.000462998
    -0.000848341    -0.000860909
    -0.000388302     -0.00044287
     -0.00057869    -0.000567356
    -0.000581191    -0.000501979
      0.00482091      0.00584716
    -0.000477695    -0.000727816
     -0.00118783     -0.00104425
     0.000425333     0.000604973
    -0.000716083    -0.000595077
     -0.00126317     -0.00142721
      0.00981986      0.00986295
    -0.000963527    -0.000758047
    -0.000631212    -0.000570567
      0.00182067       0.0023524
     -0.00053467    -0.000594756
       0.0135183       0.0119272
      0.00141523      0.00144867
        0.001655      0.00288198
    -0.000746027    -0.000785493
    -0.000472901    -0.000472812
     -0.00104427     -0.00135213
    -0.000754021    -0.000633243
      0.00227196       0.0013193
     0.000569171     0.000457022
    -0.000614854    -0.000293669
     -5.6813e-05    -3.20916e-05
     0.000589274     0.000392601
    -0.000304032    -0.000622814
    -0.000660809     -0.00063443
      0.00397663      0.00502072
    -0.000207015     -5.8519e-05
      0.00116708     0.000584344
      0.00370049      0.00309266
    -0.000705871    -0.000699049
    -0.000421988    -0.000325594
     -0.00149861       -0.001324
      0.00123733     0.000921713
      0.00296501      0.00194894
    -0.000869687     -0.00107434
    -0.000687182    -0.000555682
     -0.00056098    -0.000520511
    -0.000885483    -0.000839457
    -0.000534239    -0.000454781
      0.00393978      0.00256924
    -0.000587166    -0.000358925
      0.00267799      0.00189896
    -0.000828188    -0.000758851
    -0.000247274    -0.000300017
    -0.000639901    -0.000536514
    -0.000447469    -0.000486959
      0.00277127      0.00278248
    -0.000534662    -0.000641097
    -0.000659302    -0.000707846
    -0.000598542    -0.000629712
    -0.000932309    -0.000837387
      0.00226287      0.00105537
    -0.000766566    -0.000871678
    -0.000801858    -0.000810359
    -0.000702396    -0.000583932
    -0.000376344    -0.000434916
    -0.000366014    -0.000441027
      0.00312968      0.00284733
      0.00204471       0.0014666
       0.0134424       0.0127339
      0.00368552      0.00418819
      0.00234723       0.0016777
    -0.000641184    -0.000622935
    -0.000665608    -0.000543831
     -0.00112568    -0.000968906
     0.000845542     0.000450437
      0.00747318      0.00633016
    -0.000563837    -0.000501508
       0.0200797       0.0205179
       0.0114434       0.0101756
    -0.000645812    -0.000558785
    -0.000455189    -0.000700484
    -0.000611835    -0.000768022
    -0.000332527    -0.000607499
    -0.000587031    -0.000561318
    -0.000545576    -0.000605726
      0.00977085       0.0100082
     -0.00067668    -0.000615121
    -0.000390466    -0.000477904
    -0.000810846     -0.00071011
    -0.000145795     0.000146742
      0.00498822      0.00639487
    -0.000905079    -0.000889041
      0.00938616       0.0100427
    -0.000640214    -0.000602704
    -0.000668904    -0.000611457
    -0.000765963    -0.000705462
      0.00394912      0.00469721
    -0.000767219     -0.00103055
    -0.000785871     -0.00125411
      0.00603816      0.00609338
      0.00302826      0.00299257
    -0.000589939    -0.000638761
    -0.000663337    -0.000575262
    -0.000201996     0.000152424
    -0.000720367    -0.000459784
    -0.000664203    -0.000780134
     -0.00062002    -0.000660094
     -0.00120888     -0.00104767
    -0.000788041     -0.00129876
    -0.000933108    -0.000802284
       0.0107901      0.00986408
     -0.00132257     -0.00116458
      0.00740775      0.00751859
      0.00167371      0.00204496
      0.00484364      0.00654671
    -0.000729375    -0.000546446
     -0.00119797     -0.00131982
     -0.00092557    -0.000897933
    -0.000733426    -0.000604917
    -0.000901518    -0.000790532
       0.0039318      0.00357884
    -0.000824305    -0.000706097
    -0.000500566     -0.00042891
    -0.000726089    -0.000540774
    -0.000785461    -0.000855785
     -0.00082314    -0.000973547
     0.000309024     0.000653083
    -0.000870002    -0.000947502
      0.00811556      0.00747024
    -0.000604454    -0.000688159
    -0.000890901    -0.000828107
    -0.000482178    -0.000501867
      -7.417e-05    -0.000499879
    -0.000585547    -0.000590171
    -0.000417664     -0.00052813
      0.00203933      0.00207177
    -0.000618447    -0.000632363
      0.00146567      0.00120531
     -0.00118924      -0.0010065
    -0.000446024    -0.000529138
    -0.000503556    -0.000280463
    -0.000630067    -0.000661631
    -0.000726002     -0.00066574
      0.00457625      0.00551722
      0.00101293      0.00131821
     -9.8514e-05    -0.000446612
    -0.000644537    -0.000699455
    -0.000369264    -0.000445937
     0.000149828     0.000491918
     -0.00109058     -0.00090563
    -0.000586409     -0.00071459
    -0.000568778    -0.000574069
      0.00132382       0.0018072
       0.0024729      0.00150912
    -0.000682361     -0.00102531
    -0.000537845     -0.00066544
     -0.00113619     -0.00100821
    -0.000672135    -0.000535139
    -0.000715273    -0.000716054
    -0.000741754    -0.000896646
     -3.9663e-05    -0.000461332
    -0.000695776    -0.000772977
    -0.000736206    -0.000510234
    -0.000530127     -0.00050475
    -0.000382682     -0.00047639
      0.00089939     0.000345876
    -0.000950329     -0.00139848
    -0.000962096    -0.000889154
     -0.00085894    -0.000688158
    -0.000572742    -0.000561505
    -0.000675524    -0.000704449
     -8.9243e-05     0.000255736
       0.0025469      0.00231759
     -0.00128314     -0.00138048
       0.0023908      0.00279025
     -0.00116231    -0.000974409
      0.00432042      0.00377393
      0.00737881      0.00566533
    -0.000598667    -0.000495529
    -0.000187348     9.85739e-05
     0.000739708     0.000680931
      0.00274158      0.00202174
    -0.000724929    -0.000792036
       0.0038709      0.00459422
      0.00027222     0.000318544
    -0.000304972     5.45553e-05
    -0.000466962    -0.000744722
    -0.000598223    -0.000641996
     -0.00112935     -0.00107119
    -0.000596482    -0.000552728
     -0.00085011    -0.000699795
     0.000342813    -0.000232697
     0.000227554     0.000537388
      0.00153614      0.00119159
    -0.000529487    -0.000576904
     0.000577832     0.000408194
      0.00433413      0.00366919
    -0.000587374    -0.000681862
      0.00370451      0.00467771
    -0.000825398     -0.00084205
    -0.000597172     -0.00065404
    -0.000982972     -0.00129214
    -0.000963633    -0.000841907
    -0.000227293    -0.000471014
    -0.000689171     -0.00072202
    -0.000985141    -0.000923719
      0.00272988      0.00274064
      0.00563548      0.00753795
    -0.000664607    -0.000606111
     -0.00100723    -0.000991586
    -0.000596697    -0.000757522
    -0.000587545    -0.000555523
    -0.000865349    -0.000915749
     0.000571521      0.00146295
      0.00137772      0.00194283
       0.0139351       0.0129001
    -0.000774308    -0.000618484
      0.00812948      0.00858805
     0.000256038    -0.000377858
    -0.000360942    -0.000417906
      0.00155212      0.00152011
    -0.000959296      -0.0009435
     0.000414909     0.000647582
     -0.00100271     -0.00097257
    -0.000626336    -0.000687437
      0.00440672      0.00500326
     -0.00122906     -0.00141018
      0.00100524     0.000392465
    -0.000395265    -4.15633e-05
    -0.000557443    -0.000673585
    -0.000974953    -0.000857394
      0.00199485      0.00172737
    -0.000572373    -0.000572541
      0.00126276     0.000757935
    -0.000394292    -0.000479603
    -0.000860986    -0.000817864
    -0.000641323    -0.000567688
     0.000193373      0.00022087
    -0.000814782    -0.000775835
    -0.000525712    -0.000550149
    -0.000528486    -0.000539425
       0.0107247       0.0110684
    -0.000565532    -0.000704749
      0.00453736      0.00425901
     -0.00110786     -0.00100259
     -0.00105437    -0.000907006
    -0.000530176    -0.000195648
      0.00202053      0.00345754
    -0.000555082    -0.000650523
    -0.000569133    -0.000450374
    -0.000601765      -0.0005363
    -0.000660771    -0.000804511
     -0.00072674    -0.000619266
      0.00103563      0.00058127
     -0.00162163     -0.00161345
    -0.000462513    -0.000312902
    -0.000416271    -0.000517588
    -0.000983392    -0.000964191
     0.000347353      0.00106408
    -0.000556307    -0.000573615
    -0.000845623    -0.000695069
     -0.00043799    -0.000473354
    -0.000796441    -0.000690465
    -0.000520736    -0.000647416
    -0.000380169    -0.000403178
    -0.000731436    -0.000600427
    -0.000634067    -0.000551877
    -0.000204398     0.000107372
      0.00197786      0.00327334
    -0.000375245     -0.00010252
    -0.000859536    -0.000766212
      0.00693815      0.00900414
    -0.000768399    -0.000641794
     0.000638211     0.000503456
    -0.000434838     -0.00070674
      0.00251815      0.00176292
    -0.000998763     -0.00113185
      0.00426822      0.00472101
       0.0195507       0.0184317
      0.00658449      0.00645218
     -0.00043861    -0.000302068
      0.00457617      0.00484719
     -0.00050502    -0.000576814
    -0.000718844    -0.000567424
       9.224e-05     0.000111221
      0.00274951       0.0023211
    -0.000227319     -0.00107525
    -0.000518901     -0.00054591
    -0.000863405    -0.000754021
    -0.000515918    -0.000683147
    -0.000671479    -0.000729262
    -0.000815915    -0.000825382
      0.00728618      0.00578735
    -0.000391107    -0.000657619
     0.000212707     0.000438896
     -0.00129082      -0.0010931
    -0.000667264    -0.000583254
      0.00513077       0.0048136
     -0.00049703    -0.000412375
    -0.000916956    -0.000847137
     -0.00126687     -0.00116718
     0.000201444     0.000490002
    -0.000892099    -0.000816767
      0.00271785      0.00233159
    -0.000677577    -0.000636772
     -0.00125274     -0.00113378
     -0.00102094     -0.00139591
      0.00515201      0.00402306
       0.0134481       0.0128502
      0.00582419      0.00672161
    -0.000684023    -0.000645658
    -0.000603544    -0.000770799
    -0.000683748    -0.000562785
      0.00114896     0.000702827
    -0.000566845    -0.000531035
    -0.000680537    -0.000795832
    -0.000414531    -0.000190657
    -0.000573659    -0.000604205
       0.0068137      0.00524834
     -0.00162918     -0.00171523
    -0.000560629    -0.000708698
    -0.000567068    -0.000550715
    -0.000326449    -3.61666e-05
      0.00273351      0.00299141
    -0.000714413     -0.00078122
     -0.00120424     -0.00110872
    -0.000526153    -0.000406812
    -0.000750774    -0.000692568
    -0.000667348    -0.000762163
    -0.000286311    -0.000705231
    -0.000494376    -0.000661621
      0.00741878       0.0066206
    -0.000684743    -0.000586019
      0.00314299      0.00345052
      -0.0010415    -0.000978141
      0.00616854      0.00630199
      0.00193684      0.00267406
      0.00254451      0.00342874
    -0.000443043    -0.000521129
       0.0011069      0.00123002
    -0.000530207     -0.00130893
    -0.000676295    -0.000698039
     -5.6412e-05    -0.000202116
    -0.000540709    -0.000493783
      0.00102692     0.000490734
      0.00377688      0.00398192
    -0.000547639    -0.000782443
    -0.000579516    -0.000736388
     -0.00060852    -0.000605876
    -0.000710135    -0.000656173
      0.00637007      0.00684478
    -0.000575803    -0.000588382
      0.00462931       0.0042083
      -0.0010771    -0.000903095
