QM Energy	FF Energy
    -0.000409697    -0.000521049
      0.00222452       0.0012619
    -0.000547101    -0.000441091
        0.010705       0.0104317
    -0.000922748    -0.000601551
    -0.000995458    -0.000786505
    -0.000495535    -0.000300406
    -0.000847088      -0.0011168
    -0.000780648    -0.000430559
     0.000792252     0.000261584
    -0.000833876    -0.000640766
    -0.000111396     3.56214e-05
    -0.000504908       -0.000263
    -0.000534972    -0.000340348
     -9.4703e-05      0.00106529
    -0.000529815    -0.000784292
     -0.00133448    -0.000419417
    -0.000477035      0.00015069
     -0.00152781     -0.00106435
     -0.00097779     -0.00144378
        0.001812     0.000563929
      0.00641651      0.00711294
     0.000261322     0.000196767
     -0.00155766     -0.00152375
     -0.00083847     -0.00105806
     -3.4943e-05    -0.000225997
      0.00105071    -0.000551424
       0.0012563     0.000422225
     0.000787856     0.000506418
     -0.00201627     -0.00163059
       0.0040328      0.00258577
     0.000250776     0.000102911
     0.000462999     0.000513168
     -0.00242461     -0.00169299
     -0.00122331      -0.0011728
     -0.00125934     -0.00125113
        0.002413      0.00148288
      0.00203829      0.00180565
    -0.000929309     -0.00162531
    -0.000938551    -0.000347507
     0.000912657     0.000768273
    -0.000190653    -0.000421475
    -0.000689185     -0.00112259
     -0.00181643     -0.00139078
    -0.000655516    -0.000790637
     -0.00156066     -0.00131606
      0.00517949      0.00487305
     -0.00110527      -0.0012414
     0.000719164     1.08442e-05
      7.9274e-05     0.000123968
     -0.00130302    -0.000600503
     -0.00167301     -0.00222563
     0.000350756       0.0013006
    -0.000642191     -0.00146469
    -0.000910993     -0.00244926
     -0.00110295     -0.00097175
    -0.000724008    -0.000978335
       0.0147978       0.0137189
     -0.00106393       -0.001669
     0.000170103     0.000213643
    -0.000530261    -0.000292156
    -0.000604407      -0.0006278
    -0.000814703     -0.00111572
    -0.000254847    -0.000494592
      0.00838017      0.00915169
     -0.00135682     -0.00115902
     0.000835389     -0.00114977
      0.00032348     0.000367628
    -0.000909097     -0.00114669
      0.00294675      0.00641692
      -0.0012415     -0.00153698
     -0.00226679     -0.00106175
     -0.00114271     -0.00143095
    -0.000773082     -0.00122624
     0.000239193    -0.000178634
     -0.00181522      -0.0016493
      0.00122905      0.00204928
     0.000484919    -0.000835519
     -8.5856e-05     2.16997e-05
      0.00764976      0.00734873
      5.4987e-05     -0.00016772
     -0.00125628    -0.000771929
     0.000134301     0.000536093
      0.00471231      0.00364565
      0.00538996      0.00555644
      0.00189833      0.00262194
       0.0196159       0.0175129
    -0.000598038    -0.000804888
     0.000212989     0.000127476
      8.5187e-05     -5.9087e-05
    -0.000453176     0.000209955
     -0.00139306    -0.000951986
      0.00159412      0.00152275
     0.000494523      0.00043295
    -0.000923068    -0.000884884
     -0.00124966      -0.0007014
     -0.00103076    -0.000909718
     0.000775692      2.2415e-05
     -0.00107979    -0.000302035
    -0.000750946    -0.000920254
      0.00186979    -0.000264764
    -0.000167832    -0.000177277
     0.000709192      0.00212831
    -0.000807328    -0.000787805
    -0.000983048    -0.000694581
      -0.0011733     -0.00117439
      0.00203775      0.00190589
    -0.000810112    -0.000545963
      0.00554797      0.00389225
    -0.000130238     -0.00026133
      0.00157965      0.00123844
    -0.000293394    -0.000404999
    -0.000350726     -0.00029099
     0.000930555     0.000618795
      0.00523478      0.00475156
    -0.000862157     -0.00131362
     -0.00132802     -0.00220532
     -0.00046607     -0.00113863
    -0.000246853     -0.00130809
     -0.00132013     -0.00129522
    -0.000411957    -0.000464925
      0.00419321      0.00445508
     -0.00072068     0.000715717
     0.000237456    -4.05938e-06
    -0.000599331    -0.000910947
    -0.000246818    -0.000345041
    -0.000406177    -0.000258775
     0.000518408     0.000360273
    -0.000401734      -6.902e-06
     -6.6702e-05     -0.00018754
    -0.000787633    -0.000661519
     -0.00237599     -0.00195707
      0.00308933       0.0021846
     0.000271026     0.000625166
     -0.00182866     -0.00126799
     0.000233702       0.0010618
      0.00819238      0.00789317
     -0.00143539      -0.0020794
     -0.00116206    -0.000949289
    -0.000295925    -0.000510269
    -0.000518161    -0.000742596
      7.4488e-05    -0.000484886
     -0.00167657     -0.00129959
     -0.00301205     -0.00189475
    -0.000646431     6.59335e-05
     0.000113042     0.000214981
      0.00850652      0.00654935
      0.00599656      0.00700955
    -0.000372112     -0.00051701
     -0.00157572      -0.0013582
      0.00225052      0.00458485
    -0.000347845    -0.000534959
    -0.000574336    -0.000194346
     -0.00036679     -0.00169547
    -0.000458885    -0.000450303
     -0.00148014     -0.00130708
    -0.000900256    -0.000732571
     -0.00103384     -0.00247019
    -0.000233117    -0.000448236
     -0.00101324    -0.000780032
    -0.000238694     -0.00026774
      0.00319951       0.0058032
     -0.00225622     -0.00196367
      0.00113301      0.00159305
      0.00200481     0.000864112
     -0.00300465     -0.00140424
     -0.00118379     -0.00224186
     0.000137779    -7.51726e-05
     -0.00174442     -0.00286241
    -0.000223127    -0.000293604
     0.000728958    -0.000974902
      0.00779469       0.0063022
    -0.000872525      -0.0020319
    -0.000995871     0.000106271
    -0.000674107     -0.00121263
    -0.000478306    -0.000490389
    -0.000772849    -0.000956269
       0.0011643    -0.000349945
      0.00360459      0.00168983
     -0.00126883     -0.00229111
     -0.00141954     0.000112046
    -0.000514939     -0.00112928
    -0.000198978    -0.000303437
      0.00268468     3.18922e-06
     0.000277046     0.000397231
     -0.00162262      3.2419e-05
    -0.000736036    -0.000817475
    -0.000763426    -0.000608402
     -0.00217617     -0.00187466
     -0.00153455     -0.00207953
      0.00125368      0.00152536
     -0.00128983     -0.00243484
       0.0045194      0.00288786
      0.00340263      0.00399224
       0.0061542      0.00599726
    -0.000419191    -8.12715e-05
    -0.000289891    -0.000301302
      0.00684355      0.00585141
    -0.000791189      -0.0013394
      0.00425691      0.00392843
      -0.0014786    -0.000266207
     0.000959431     0.000701052
     -5.9755e-05      9.7944e-05
    -0.000694305     -0.00131811
      0.00276853      0.00272712
    -0.000679307     -0.00146121
     -0.00123977     -0.00127294
     0.000518969    -0.000219413
     0.000231351     0.000197199
    -0.000823959    -0.000562833
    -0.000239004    -3.10067e-05
     -0.00070567    -0.000820872
       0.0065054       0.0061311
      0.00258349      0.00307238
     -0.00121437    -0.000764688
    -0.000128634     -0.00080639
       0.0146246       0.0150374
      0.00187176      0.00168702
      0.00123967       0.0016248
     0.000451858     0.000523521
    -0.000692863    -0.000686059
     0.000412634     0.000333108
      0.00061248     0.000522592
      0.00620337      0.00681823
      0.00131255      0.00174342
     -0.00107407     -0.00129008
    -0.000422634    -0.000404613
     -0.00139117     -0.00107028
     -0.00225474     -0.00192958
    -0.000273848    -0.000498693
     -0.00120013     -0.00170412
     -0.00063456    -0.000537251
     -0.00120044     -0.00105664
       -0.000611    -0.000777804
     -0.00182759     -0.00220222
        0.010117      0.00966359
     -0.00109977     -0.00169155
     -0.00134061    -0.000207867
         0.00434      0.00363846
      0.00534363      0.00395501
       0.0020559      0.00142735
    -0.000823108    -0.000825894
     -0.00119619      0.00130561
       0.0149619       0.0148537
     -0.00257838     -0.00170451
      0.00201289      0.00130876
     -0.00196845    -0.000966583
    -0.000192844    -0.000290211
      0.00532424      0.00633938
     -0.00163581     -0.00146228
    -0.000783649    -0.000918458
     0.000793929     0.000631186
       0.0024128      0.00264347
    -0.000786627    -0.000578075
    -0.000978564     -0.00140453
    -0.000824507     -0.00101002
      8.4782e-05     0.000110493
     0.000653006     0.000559005
      0.00789435        0.004624
    -0.000949696     -0.00123353
     -6.9171e-05     0.000517312
     -0.00154718     -0.00165388
     -0.00190121     -0.00275043
    -0.000762925    -0.000948182
       0.0121959       0.0133467
     -0.00163311     -0.00122868
     -0.00040852    -0.000677828
      0.00362116      0.00337478
     -0.00153052     -0.00108802
     -0.00199227     -0.00156272
    -0.000266522    -0.000995462
     0.000844092      0.00174326
    -0.000262218    -0.000155179
      0.00283005      0.00144078
    -0.000800276    -0.000709911
     -0.00135293    -0.000974415
       0.0011353      0.00206144
       0.0104631      0.00921706
     -0.00014996     7.21196e-05
      0.00156024      0.00210132
      0.00143133     0.000447944
     -0.00118539     -0.00158671
    -0.000771582    -0.000821104
      -0.0010584     -0.00100294
    -0.000699181    -0.000758133
    -0.000923258     -0.00117111
     0.000307523    -0.000696331
     0.000314256     6.50198e-05
      0.00211774      0.00198553
    -0.000422062    -0.000544668
     -6.1357e-05    -0.000132196
     0.000241589     0.000246815
    -0.000744248    -0.000277913
       0.0150556       0.0140686
     -0.00131999    -0.000787721
    -0.000115251    -0.000165092
     -0.00140432     -0.00116469
      0.00464371      0.00263593
    -0.000964286    -0.000614755
    -0.000205682    -0.000653978
    -0.000476111    -0.000972919
    -0.000672928    -0.000324182
     -0.00151626     -0.00114781
    -0.000730186    -0.000711935
      4.2823e-05     5.79186e-05
      0.00324305      0.00288331
      0.00726989      0.00590272
    -0.000997539     -0.00109261
     0.000140864     0.000518425
     0.000198516     0.000179395
     -0.00111503     -0.00116994
    -0.000708034    -0.000650594
      0.00466301      0.00327484
    -0.000898758     -0.00171296
     -0.00155321     -0.00115303
      0.00153225      0.00237046
     0.000137798    -0.000107322
      0.00993373      0.00570976
    -0.000300221    -0.000280574
     0.000922289     -0.00011105
       0.0132971       0.0106848
     -0.00153304     -0.00221471
      -0.0012407     -0.00150847
    -0.000328837    -0.000290976
       0.0028956      0.00288738
    -0.000124366    -0.000132719
    -0.000434894     0.000687849
     -0.00034879    -2.16833e-05
      0.00192802      0.00169904
    -0.000673735    -0.000925402
      0.00198904      0.00144571
      5.5599e-05     5.04874e-06
     -0.00212292       -0.001726
     -0.00140779     -0.00225943
     -0.00123862     -0.00123239
      0.00110567     0.000275271
     -0.00054735    -0.000457762
     -0.00128942     -0.00111092
     -0.00088352     -0.00081622
     0.000462068    -0.000525495
      0.00845462      0.00603372
      0.00590346      0.00704777
     0.000688062    -0.000782907
    -0.000924348    -0.000479127
    -0.000974889    -0.000801706
     -0.00113588     -0.00154435
      0.00242607      0.00200756
     -0.00238901    -0.000940896
    -0.000411457    -0.000332296
      0.00255078      0.00275404
    -0.000322032    -0.000841942
      0.00309061      0.00432649
    -0.000910247    -0.000889574
      0.00375879      0.00206527
     -0.00130172    -0.000719397
    -0.000478469    -0.000581318
      0.00183001      0.00191624
    -0.000864027    -0.000745404
      0.00369884      0.00271352
    -0.000504898    -0.000362155
      0.00447559      0.00396003
     -0.00115736     -0.00157415
      0.00139024      0.00248499
      5.3993e-05      0.00015303
      0.00642423      0.00759672
      0.00243275      0.00138662
      -0.0033869      -0.0011333
     -0.00151447     -0.00122274
    -0.000228259    -0.000484836
     -0.00123519     -0.00129355
    -0.000368587    -0.000287229
     -0.00209269     -0.00153249
     -0.00110228    -0.000959362
     0.000312247     0.000738857
     -0.00119779     -0.00104216
      0.00268653      0.00103043
    -0.000609092    -0.000886251
     -0.00109858     -0.00149956
    -0.000385165    -0.000370599
      0.00464387      0.00334526
      0.00214937      0.00131698
    -0.000609005    -0.000463028
     -0.00141544     -0.00124004
      0.00842292      0.00739075
    -0.000997034     -0.00228112
    -0.000814339    -0.000363639
    -0.000776491     -0.00133231
     -0.00223888     -0.00161592
       0.0130336       0.0148695
      0.00322864      0.00327632
    -0.000187408     3.41635e-05
    -0.000486382     -0.00053569
    -0.000675997    -0.000621312
    -0.000371166    -0.000436182
     0.000404749     0.000377738
     0.000843644      0.00179889
     -0.00128589     -0.00129951
      0.00280078      0.00221472
    -0.000777843    -0.000958457
      -0.0006605     0.000475406
    -0.000521763     -0.00041625
      0.00265399       0.0021041
     0.000457042      0.00111744
    -0.000304969       8.239e-05
     -0.00130693    -0.000998412
     0.000115813     0.000792138
    -0.000583933    -0.000306032
     -6.8073e-05    -0.000942963
    -0.000431089    -0.000593495
    -0.000285136    -0.000297905
     0.000112387      0.00012715
     -0.00192908     -0.00180767
     -0.00144776     -0.00214913
      0.00213275      0.00308375
      0.00505281      0.00490416
      0.00491792      0.00359353
     -0.00011501    -0.000243422
     -0.00062964    -0.000849994
     -0.00125079     -0.00131805
     0.000123398     0.000951403
    -0.000540835    -0.000863266
    -0.000383517     -0.00015612
     -0.00073854     -0.00100832
       0.0045754      0.00320824
      0.00307601      0.00261095
    -0.000660095    -0.000819333
     0.000812256    -0.000246701
     -0.00152845    -0.000385805
     0.000204904     0.000198238
    -0.000515965    -0.000526741
     -0.00029811    -0.000315891
    -0.000486106    -0.000637471
    -0.000989114     -0.00100481
     -0.00131945      -0.0012095
     -0.00106104     -0.00111382
     -0.00132442     -0.00197792
    -0.000675327     -0.00152188
     -0.00112017     -0.00109158
     0.000680288     -0.00108589
      0.00276887      0.00179908
       -0.001437     -0.00149086
       0.0127874        0.014341
     0.000367975    -3.09372e-05
    -0.000421252    -0.000473808
    -0.000242097    -0.000386422
     -0.00107472    -0.000758662
    -0.000799385    -0.000553688
    -0.000689545     -0.00084161
     0.000731676      0.00118034
      0.00395454      0.00468303
    -0.000472529    -0.000388841
     -0.00195351     -0.00134956
      0.00425353      0.00349647
    -0.000128652    -0.000293667
     -0.00044072    -0.000768886
     -0.00048927    -0.000627105
     -0.00133567     -0.00118679
    -0.000750855    -0.000564395
     0.000886911      0.00100987
     0.000982662     0.000201759
      0.00221609      0.00222467
    -0.000751606    -0.000629438
    -0.000306937     -0.00109425
    -0.000309755    -0.000249701
     0.000175278     0.000553606
       0.0110868       0.0133615
     0.000908145    -0.000128287
     0.000511074     0.000885193
    -0.000720125    -0.000488965
    -0.000544935    -0.000553488
      0.00663975       0.0052612
      0.00206794      0.00102291
     -0.00269222     -0.00206184
    -0.000944381    -0.000972329
     -0.00038898     0.000275928
     -0.00118769     -0.00151864
     -0.00197579     -0.00157716
    -0.000837475    -0.000649237
     0.000800063     0.000770718
    -0.000908543    -0.000803868
     -0.00057068      -0.0010685
     0.000776162     6.65132e-05
      0.00275134      0.00184597
      0.00287972      0.00333754
    -0.000662709    -0.000540883
     0.000374311     -0.00100119
    -0.000609565     -0.00155732
    -0.000732537    -5.05239e-05
      0.00143773      0.00147634
    -0.000610204    -0.000522404
      0.00274536      0.00334047
    -0.000799127     -0.00100598
    -0.000169739     1.76357e-05
    -0.000477229    -0.000106907
    -0.000500662    -0.000703651
     0.000562193     0.000169086
     -0.00126182     -0.00115918
      0.00346748      0.00307903
     -0.00021744    -0.000126777
     -0.00085411     -0.00104886
       0.0011438    -0.000105068
    -0.000504196    -0.000542549
    -0.000686203    -0.000333917
     -0.00138143     -0.00101003
      0.00124983      0.00111878
     0.000670117     -0.00113262
       0.0060844      0.00584204
       0.0026153       0.0021213
      0.00309371      0.00239701
     -0.00242207     -0.00185814
     0.000276775     0.000143111
    -0.000493648    -0.000286188
    -0.000402012    -0.000465565
    -0.000747309    -0.000691828
     0.000278315     9.43053e-05
     -0.00172888     -0.00153999
       0.0107736       0.0109331
    -0.000760552    -0.000928539
     -0.00086293    -0.000203064
    -0.000812913    -0.000680296
     0.000347728     0.000109761
      0.00271731      0.00282644
    -0.000827665    -0.000750645
     -0.00113869     -0.00110406
    -0.000194992     -7.8583e-05
      0.00674048      0.00850545
      0.00449052      0.00573673
    -0.000991418     -0.00108636
     -0.00225996     -0.00181575
     -0.00142718    -0.000975439
     -0.00110502     -0.00104854
    -0.000794505    -0.000947338
     -0.00172317     -0.00115548
      0.00455653      0.00498602
      0.00101964       0.0011921
     0.000270512     -0.00164323
      -0.0012213     -0.00214068
      0.00608807       0.0090471
     0.000225661     0.000241583
      -0.0014821    -0.000809455
      0.00456794      0.00410561
     0.000569706     0.000246285
        -0.00161     -0.00126786
       0.0107958      0.00751005
    -0.000548937      0.00114277
      -0.0012953    -0.000656061
     -0.00096366    -0.000944438
     -0.00102815     -0.00114837
     -0.00181185     -0.00271953
      0.00135467      0.00131376
     -0.00148452     -0.00120988
        0.010093       0.0104752
    -0.000884376     -0.00103518
    -0.000823708     -0.00122456
    -0.000457453    -4.46153e-05
      3.2369e-05       0.0001473
     -0.00171179      -0.0014895
    -0.000839689    -0.000876486
     -0.00100315    -0.000834395
     -0.00049686    -0.000505678
     -0.00055319    -0.000313889
      0.00668033      0.00692184
     -0.00114612     -0.00102154
      -0.0013191    -0.000880287
      0.00615885       0.0047025
      0.00257132      0.00198184
    -0.000345906    -0.000628975
     -0.00104321    -0.000956189
     0.000611928     0.000693508
     -0.00054659     -0.00058632
     0.000768152     0.000922726
    -0.000477853      -0.0018182
    -0.000387068    -0.000450927
     -0.00115176     -0.00124931
     -0.00065307    -0.000537344
      0.00052659     0.000440865
      0.00854546      0.00929473
      0.00172978      0.00199199
      0.00472676      0.00592773
      0.00143056      0.00196007
      8.6607e-05    -0.000276532
    -0.000916995    -0.000720337
     -0.00130242      -0.0013517
      0.00235299     0.000693176
      0.00221207      0.00120221
    -0.000125062    -6.42421e-06
      0.00520637      0.00303612
     -0.00091697    -0.000184646
      0.00478865      0.00526869
     0.000128696     0.000267509
       0.0144655       0.0143611
    -0.000737722     -0.00094832
      0.00019461     -9.2724e-05
     -9.0301e-05    -0.000151858
      0.00583354      0.00390202
     -0.00146549     -0.00255264
     -0.00051109      0.00105065
    -0.000332018    -0.000319646
     -0.00102146    -0.000892602
    -0.000280211    -9.19687e-05
     -0.00127779     -0.00107962
      0.00286669      0.00180057
     -0.00193824      -0.0020403
    -0.000839421     -0.00123133
      0.00466812      0.00481468
     -0.00120568     -0.00101706
      0.00134529     0.000187303
      0.00147473        0.001487
      0.00465208      0.00396986
      0.00108691    -0.000382228
      0.00572636      0.00491284
    -0.000248883    -0.000419497
    -0.000589184    -0.000698563
       0.0123843       0.0111065
      0.00235049    -2.59454e-05
       0.0120381       0.0113651
      -0.0014088     -0.00100665
     -0.00151721     -0.00101006
     0.000148092    -9.96979e-06
     -0.00074316    -0.000939856
     -0.00159346     -0.00132042
    -0.000743235    -0.000985623
      0.00282267      0.00277983
     -0.00118557     -0.00237944
     0.000357012     0.000541394
    -0.000955357    -0.000878352
    -0.000393415     -0.00020334
    -0.000285567    -0.000293307
      0.00105035    -0.000158124
      0.00156911      0.00141072
    -0.000843864      -0.0011129
      0.00903684      0.00922012
     -0.00159848    -0.000446202
     -0.00111504     -0.00133774
      0.00651747      0.00709471
    -0.000560251    -0.000537273
    -0.000439823    -0.000324491
      -0.0005079     3.93675e-05
     -0.00239617     -0.00138158
     -0.00105427    -0.000934374
      0.00124776      0.00137296
     -5.5502e-05    -0.000914284
     0.000861503      0.00108877
      5.3776e-05     0.000540569
     0.000241355      0.00171915
     0.000279242       0.0014396
     -0.00165734     -0.00152262
    -0.000501291    -0.000382336
    -0.000219887     -0.00011168
     -0.00016206    -4.89929e-05
       0.0123029       0.0115577
    -0.000590234     -0.00120387
     -0.00138368     -0.00144173
      0.00359793      0.00188542
     -0.00149051     -0.00158675
     -0.00118884      -0.0016993
    -0.000904791     -0.00143004
       0.0001577    -0.000177813
    -0.000207408      -1.158e-05
       0.0113702       0.0118114
      0.00124785     0.000169297
    -0.000776872    -0.000534779
     0.000371419      0.00046473
     0.000785238      0.00119132
    -0.000724753    -0.000961645
    -0.000273706    -0.000469921
    -0.000134469    -0.000125649
     -0.00147603     -0.00131246
    -0.000817892     -0.00152737
      0.00207565       0.0012493
     0.000405209      0.00020197
    -0.000112846    -0.000186784
       0.0179016       0.0165558
    -0.000865782      -0.0006762
     -0.00153282     -0.00141447
     -0.00163535     -0.00147028
     -0.00148216     -0.00119063
      9.0772e-05     9.04825e-05
      -0.0012659     -0.00116403
     -0.00141246     -0.00127111
     -3.0208e-05    -3.72497e-05
     -0.00121331      -0.0011358
     -0.00185849    -0.000411993
     -0.00112669     -0.00118105
      0.00119563     0.000827145
     -0.00041854    -0.000324994
       0.0042199      0.00410507
    -0.000614879     0.000466939
     0.000283467     0.000280133
    -0.000938112      -0.0010674
    -0.000529719    -0.000368746
     -0.00104285     -0.00127106
     0.000297028     0.000643378
     -0.00102127     -0.00102356
    -0.000506938     -0.00021029
     0.000913141     0.000737457
     -0.00107901     -0.00115081
    -0.000229965    -0.000365764
    -0.000596933     -0.00063074
    -0.000274089    -0.000317618
      0.00332334      0.00210433
     -2.7006e-05     2.89971e-05
      0.00154831     0.000424751
    -0.000757294    -0.000644668
    -0.000404532    -0.000882104
      0.00966437      0.00774174
    -0.000447856    -0.000286464
    -0.000843561    -0.000539634
    -0.000727363     -0.00113013
    -0.000627009    -0.000291245
     -0.00181844     -0.00152149
      0.00724209      0.00412463
        0.011064       0.0132273
     -0.00162237     -0.00142498
      0.00321941       0.0014634
    -0.000760013     -0.00139017
     0.000409287    -9.08132e-05
     0.000777315     0.000655131
    -0.000179958     -0.00117555
      0.00155268     0.000868247
    -0.000680449    -0.000420674
     0.000137438     8.17705e-05
     -0.00165724     -0.00122309
     -0.00182622     -0.00129905
      0.00458204      0.00425152
    -0.000800166    -0.000349391
     -0.00139433     -0.00124475
    -0.000786159    -0.000385625
    -0.000671689    -0.000488972
     -0.00211064     -0.00131526
      0.00379263      0.00373177
       0.0044966      0.00324434
     0.000367688     0.000249171
     0.000278446     0.000379893
      0.00054231     0.000410891
      0.00656988      0.00794242
      0.00215398      0.00369867
      0.00553553      0.00860973
      0.00087691      0.00144564
     -0.00194516     -0.00203218
     -0.00167813     -0.00161688
    -0.000196315    -0.000143952
    -0.000674371    -0.000717059
     -0.00152177     -0.00199914
    -0.000281602     -0.00021343
     -0.00202774     -0.00174834
     0.000328472     0.000349356
     0.000129631     0.000173292
    -0.000784898     -0.00235982
      0.00051848     0.000691408
      -0.0014565     -0.00189087
     -0.00131314     -0.00180522
     0.000524478     0.000591019
     -0.00133936     -0.00154691
     -0.00119782    -0.000959427
      0.00121036     0.000788239
    -0.000823055    -0.000826508
     -0.00100576     -0.00121541
     -0.00121646     -0.00150076
      0.00535585      0.00560933
     -0.00306378     -0.00204316
       0.0118294       0.0100254
     -0.00123778     -0.00152147
    -0.000523604    -0.000450722
     -0.00173184     -0.00178541
      0.00290494      0.00348725
     -0.00115693     -0.00171349
      -0.0013035     -0.00115017
     -0.00125085     -0.00141315
     0.000423606     0.000508075
     0.000166566     0.000210707
       0.0150471       0.0137993
    -0.000508928     0.000970906
     -0.00102853     -0.00208907
    -0.000613295    -0.000585936
    -0.000538483    -0.000593292
     0.000634404     0.000527981
     -0.00192611     -0.00151844
     -0.00126777      -0.0019807
      0.00292627      0.00184375
      0.00353568      0.00229665
      0.00071606    -7.78079e-05
     -0.00076652     -0.00058641
      0.00393187      0.00384876
     -0.00021472    -5.85288e-05
     -0.00135697     -0.00100802
      -0.0017972      -0.0016286
     -0.00181113     -0.00154341
     -0.00134608     -0.00114219
    -0.000302036     0.000123134
      0.00180722       0.0017179
        0.003797      0.00339122
     0.000759432      0.00121287
     -0.00118603    -0.000866466
      -0.0012641     -0.00109266
      0.00103894      0.00105456
     -0.00109965    -0.000517133
    -0.000146315     -6.4571e-05
    -0.000794722    -0.000474929
    -0.000133895    -0.000167109
     -0.00102166     -0.00102551
     0.000466374     0.000907616
    -0.000396261    -0.000107248
      0.00771551      0.00827627
     -0.00189701     -0.00157781
     -0.00135325     -0.00149442
    -0.000267385    -0.000361083
     -0.00093846    -0.000993711
      0.00156847     0.000245172
    -0.000849686    -0.000756789
      0.00046256     0.000407818
     0.000227929     0.000134948
    -0.000185392    -0.000194243
       0.0014353    -0.000148764
     0.000321694     5.04758e-05
    -0.000671352    -0.000473606
    -0.000791004     -0.00172742
      0.00253669      0.00161443
     -0.00187627    -0.000989648
    -0.000157326    -0.000169102
    -0.000200291     4.43642e-05
    -0.000428297    -0.000640666
     0.000401092      0.00119449
    -0.000886091     -0.00103828
     -0.00277742     -0.00196916
    -0.000613526     -0.00122151
     -0.00105632     -0.00108409
    -0.000842966    -0.000757728
    -0.000191888     0.000387015
     0.000722109     0.000575921
     0.000194392     8.87535e-05
      0.00262744      0.00214725
      0.00171537       0.0019844
    -0.000274591    -0.000410093
      0.00833932      0.00631911
       0.0103741      0.00957042
      0.00163676      0.00111825
      0.00142332     0.000525361
     0.000458689     0.000383793
    -0.000840666     -0.00072714
      0.00105127      0.00197728
       0.0102407        0.012862
      0.00014468    -4.93336e-05
     -0.00168517     -0.00130436
     -0.00195226      -0.0014243
     0.000333198      0.00177647
    -0.000458528     -0.00045421
    -0.000389027    -9.90389e-05
     -0.00122073     -0.00118998
      0.00239441      0.00302692
      0.00062465     0.000578084
      -0.0010869    -0.000852746
       0.0133358       0.0113665
      0.00441902      0.00521639
    -0.000966733      -0.0013451
    -0.000621269    -0.000770271
     0.000283819     8.43266e-05
     -0.00138836     -0.00121506
    -0.000662613    -0.000863529
     -0.00141927    -0.000952104
     -0.00121768    -0.000275132
      0.00163201      0.00128464
      0.00489576      0.00345757
     -0.00118497     -0.00208533
      -0.0018149     -0.00176511
       0.0167846        0.016101
    -0.000906418    -0.000700776
     0.000837807     0.000561306
    -0.000516574    -0.000829909
     -0.00117436     -0.00138889
    -0.000741349    -0.000435649
    -0.000805966    -0.000524643
     -0.00056924    -0.000715525
     -0.00120184     -0.00190902
    -0.000717706    -0.000645831
    -0.000858212    -0.000749103
     0.000691368       0.0011111
      0.00166909      0.00125268
     -0.00136728     -0.00156728
     -0.00147991     -0.00156808
    -0.000371776    -0.000603567
    -0.000902165    -0.000610087
      0.00319503      0.00378109
      0.00248341      0.00302398
     0.000820671     -0.00116909
      0.00136617    -0.000215316
     0.000282589     0.000163128
      0.00251194      0.00186935
     0.000184733     0.000206888
      0.00289332      0.00396308
    -0.000968944     -0.00121614
      -0.0010878     -0.00105881
     0.000800204      0.00104333
     -0.00145831    -0.000549481
    -0.000478349     -0.00035406
      6.5397e-05      3.1097e-05
     -0.00109599     -0.00111624
    -0.000582069    -0.000606333
     -0.00150396     -0.00263307
    -0.000272816    -0.000192827
    -0.000779753     -0.00115434
     0.000704744     0.000438096
     0.000936723       0.0019906
     -0.00105793     -0.00136131
     -0.00103285     -0.00173878
     -8.9085e-05      0.00127571
      0.00100354      0.00243311
     -0.00152376     -0.00188644
     0.000250622     0.000339247
       0.0019849      0.00169743
     0.000141659     0.000143291
    -0.000194235    -0.000155353
     -0.00253329     -0.00190447
     -0.00122103     -0.00101508
     -0.00111345     -0.00191986
     -0.00164471     -0.00160741
    -0.000552823    -0.000433724
    -0.000951015    -0.000974449
      3.4913e-05    -0.000142943
     0.000443931     0.000316473
     -4.2293e-05    -1.69539e-05
     -0.00124729     -0.00202338
     -0.00148518     -0.00120403
      0.00078218      0.00082843
     -0.00266638     -0.00106652
      0.00031397      0.00032598
    -0.000701929    -0.000415203
    -0.000755808    -0.000860257
       0.0132435       0.0106596
     -0.00200942     -0.00162262
    -0.000290944    -0.000321638
    -0.000675031     -0.00125335
     -0.00014217    -6.51049e-05
     -7.9046e-05    -0.000165697
      0.00402271      0.00305994
     -0.00113995      0.00068748
       0.0010648     0.000575672
     0.000190813     0.000127783
     -0.00126076     -0.00137365
    -0.000785904     -0.00100577
    -0.000298811    -0.000142256
      0.00485711      0.00562717
      0.00117933      0.00218064
        0.001054      0.00212517
    -0.000529006    -0.000568138
    -0.000361655    -0.000153879
     0.000950767     0.000922987
      0.00313026     0.000587278
    -0.000779567    -0.000588617
      0.00956724       0.0077276
     -0.00141057     -0.00186258
      0.00766011      0.00694033
    -0.000778336     0.000442786
     -0.00102022    -0.000874404
     0.000450091    -0.000300349
      0.00868486      0.00900586
      7.9798e-05     0.000111217
     -0.00119092     -0.00186259
     -0.00277885     -0.00154637
      0.00750935      0.00616636
    -0.000157609     2.96337e-06
    -0.000953191     -0.00110221
     0.000730851     0.000744848
      0.00551435      0.00411119
     0.000281133     0.000190522
