QM Energy	FF Energy
     -7.9816e-05    -8.30181e-05
    -0.000996646    -0.000899082
    -0.000568975    -0.000558834
    -0.000416187    -0.000371619
       -2.81e-06    -4.28051e-06
     -3.1713e-05    -3.66423e-05
     -5.1776e-05    -5.71929e-05
     -1.8708e-05    -2.29098e-05
      -4.908e-06    -9.85788e-06
    -0.000406706    -0.000338719
      -1.954e-06    -3.06725e-06
    -0.000630993    -0.000546094
      -2.203e-06    -4.66441e-06
       -5.42e-05    -6.22723e-05
    -0.000144151    -0.000156997
      -8.559e-06    -1.10719e-05
     -8.7815e-05    -9.46925e-05
     -9.0255e-05    -9.20292e-05
    -0.000942674    -0.000945628
      -2.065e-05    -2.50949e-05
     -7.2612e-05    -8.22537e-05
     -2.5874e-05    -2.79993e-05
     -7.7843e-05    -8.56258e-05
    -0.000614582     -0.00046838
    -0.000878414    -0.000838711
     -5.4089e-05    -6.03697e-05
      -2.659e-06    -3.71134e-06
     -7.6128e-05    -8.20427e-05
    -0.000127995    -0.000121169
     -2.1397e-05    -2.55805e-05
     -0.00011046    -0.000114409
      -4.701e-06    -7.20017e-06
     -0.00080721    -0.000737805
      -3.816e-06    -7.65583e-06
     -0.00059707     -0.00058296
    -0.000201554    -0.000201961
    -0.000302544    -0.000293976
      -9.396e-06    -1.08488e-05
      -5.782e-06    -8.00883e-06
     -6.1322e-05    -6.22554e-05
    -0.000888403    -0.000805846
     -1.7069e-05    -2.02497e-05
    -0.000439999    -0.000381941
    -0.000744109    -0.000643429
    -0.000145639    -0.000149186
    -0.000671455    -0.000603197
     -5.9275e-05     -6.5607e-05
      -9.277e-06    -1.12935e-05
     -9.8032e-05    -9.60371e-05
     -1.9737e-05    -2.57019e-05
     -6.8412e-05    -6.81373e-05
    -0.000227532    -0.000210481
     -7.8966e-05    -7.56074e-05
      -5.544e-06    -7.65532e-06
    -0.000417413    -0.000397928
    -0.000205359    -0.000204373
       -8.65e-06    -1.24441e-05
    -0.000272117    -0.000254036
    -0.000232804    -0.000212897
     -9.6071e-05    -8.85636e-05
     -3.1325e-05    -3.69865e-05
     -1.0076e-05    -1.70692e-05
     -1.6303e-05    -2.01975e-05
    -0.000172451    -0.000169658
      -3.669e-06    -5.17788e-06
     -5.8044e-05    -7.41766e-05
    -0.000768594    -0.000733463
      -5.758e-06    -7.03221e-06
    -0.000147185    -0.000153172
    -0.000960745    -0.000968765
      -5.714e-06    -8.25574e-06
    -0.000904477     -0.00082168
     -8.8945e-05    -0.000102454
    -0.000633158     -0.00066398
     -3.9931e-05    -4.62432e-05
     -1.8719e-05     -2.4407e-05
     -1.2182e-05    -1.59418e-05
     -6.4728e-05    -7.21835e-05
    -0.000617712    -0.000566373
     -0.00108762     -0.00112346
       -3.46e-05    -3.99325e-05
     -2.3771e-05    -3.02043e-05
      -4.491e-06    -6.19915e-06
    -0.000137585    -0.000139965
      -3.276e-06    -4.14417e-06
      -7.313e-06    -1.02367e-05
     -2.6863e-05    -3.05652e-05
     -0.00121341     -0.00163019
    -0.000582694    -0.000552817
    -0.000264771    -0.000268564
     -3.5189e-05    -3.85171e-05
     -8.9794e-05     -0.00010922
    -0.000232639    -0.000222143
     -6.4208e-05    -7.55812e-05
     -1.4135e-05    -1.68833e-05
    -0.000732226    -0.000701613
      -2.431e-06    -3.74783e-06
     -2.1032e-05     -2.3463e-05
     -0.00131842     -0.00151491
     -1.0408e-05    -1.44882e-05
      -6.671e-06    -9.69451e-06
     -2.2465e-05    -3.24019e-05
     -0.00104494     -0.00105772
    -0.000954903    -0.000814697
     -2.0933e-05    -2.55561e-05
     -2.4045e-05    -2.65624e-05
     -2.0628e-05    -2.38141e-05
    -0.000237399    -0.000208782
    -0.000982249    -0.000962513
    -0.000396746    -0.000354165
     -9.1922e-05    -9.75173e-05
     -9.3409e-05     -9.9471e-05
      -2.512e-06    -3.81338e-06
      -2.651e-05    -2.99575e-05
    -0.000543637    -0.000505277
    -0.000229139    -0.000238632
     -3.4394e-05     -4.2435e-05
      -4.172e-06    -5.66457e-06
     -1.7152e-05    -1.95327e-05
    -0.000352174    -0.000359588
     -5.2011e-05    -5.99701e-05
       -6.15e-07    -1.83648e-06
    -0.000427578    -0.000413682
      -1.088e-06     -1.6456e-06
    -0.000574406    -0.000558271
    -0.000983361    -0.000971291
    -0.000108806    -0.000114144
     -1.6995e-05    -2.12352e-05
    -0.000699736    -0.000617936
    -0.000312419    -0.000321312
     -4.9957e-05    -6.66503e-05
    -0.000276399    -0.000282586
    -0.000374635    -0.000380085
     -0.00012979     -0.00014281
    -0.000698663    -0.000682418
      -1.255e-06     -1.9446e-06
    -0.000136469    -0.000128925
    -0.000140621    -0.000141557
     -2.3672e-05    -2.82713e-05
      -6.964e-06    -9.62474e-06
      -4.573e-06     -6.1718e-06
    -0.000537709    -0.000485901
     -3.8333e-05    -4.37445e-05
      -1.486e-05    -1.72898e-05
      -8.579e-06    -1.04315e-05
      -5.285e-06    -7.49432e-06
    -0.000210587    -0.000195672
       -1.18e-06    -2.98442e-06
     -3.3442e-05     -4.2972e-05
     -1.5071e-05    -1.90206e-05
      -1.543e-05    -1.80709e-05
     -2.0758e-05    -2.60362e-05
     -4.5389e-05    -5.13543e-05
      -5.623e-05    -6.05458e-05
      -2.054e-06    -3.38447e-06
     -5.4222e-05    -5.64283e-05
     -0.00165658     -0.00195076
      -6.997e-06    -8.52653e-06
    -0.000100095    -0.000106299
      -6.974e-06    -8.03448e-06
    -0.000147201    -0.000184313
      -2.533e-06     -3.6611e-06
     -1.6785e-05    -2.06609e-05
      -1.877e-05    -2.45735e-05
      -8.591e-05    -0.000108649
      -3.006e-06    -4.09683e-06
    -0.000227426    -0.000209867
     -1.2678e-05    -1.72728e-05
     -5.5476e-05    -6.44596e-05
      -2.905e-06    -4.07145e-06
     -4.8137e-05    -5.44212e-05
      -2.221e-06     -3.1051e-06
     -1.6354e-05    -2.04074e-05
     -3.9047e-05    -5.13372e-05
     -2.4802e-05     -3.1317e-05
    -0.000191897     -0.00019746
    -0.000533335     -0.00049405
      -3.326e-06    -4.58599e-06
       -7.76e-07    -2.37377e-06
      -5.383e-06    -7.56781e-06
    -0.000101953    -9.89147e-05
     -1.8886e-05    -2.82288e-05
    -0.000400805    -0.000326709
     -7.5757e-05    -8.46806e-05
    -0.000896457    -0.000873143
     -1.7686e-05    -2.06426e-05
      -1.042e-06     -2.0773e-06
      -3.118e-06    -4.25908e-06
    -0.000189604    -0.000188097
    -0.000789137    -0.000697831
    -0.000583272     -0.00056439
    -0.000150819     -0.00014483
    -0.000175354     -0.00017598
     -2.2084e-05    -2.85007e-05
     -5.2513e-05    -6.23803e-05
    -0.000509667    -0.000478927
    -0.000624322    -0.000617442
    -0.000132304    -0.000146979
      -2.351e-06    -2.99148e-06
      -9.641e-06    -1.44106e-05
    -0.000638424    -0.000589632
    -0.000120595    -0.000114928
    -0.000153647     -0.00015489
      -7.948e-06    -1.07744e-05
     -7.7217e-05    -8.98618e-05
        -2.8e-06    -3.97551e-06
     -0.00118257     -0.00126197
     -1.2694e-05    -1.71947e-05
     -2.4303e-05    -2.84287e-05
    -0.000489432     -0.00049142
    -0.000862181    -0.000749617
      -8.717e-06    -1.22472e-05
     -1.0197e-05    -1.31197e-05
      -2.741e-06     -3.9797e-06
     -4.8561e-05    -5.64445e-05
      -6.279e-06    -7.68529e-06
    -0.000395818    -0.000397737
    -0.000125164    -0.000119307
      -4.976e-06    -7.00022e-06
     -6.5394e-05    -7.00033e-05
      -9.764e-06    -1.21656e-05
     -4.4897e-05    -5.40222e-05
      -1.621e-06    -2.25754e-06
      -2.051e-06    -2.70568e-06
      -2.471e-06    -3.80103e-06
    -0.000737604    -0.000712133
     -1.1117e-05    -1.48521e-05
    -0.000943084    -0.000910974
    -0.000798626    -0.000729649
     -7.6794e-05    -8.55999e-05
     -0.00015038     -0.00014334
     -4.0009e-05    -5.28452e-05
     -0.00079052    -0.000777167
     -3.3795e-05    -3.40738e-05
       -6.07e-07    -2.08715e-06
      -3.477e-06    -4.89884e-06
     -4.3931e-05    -4.90077e-05
       -1.41e-06     -2.0652e-06
      -0.0013682     -0.00133453
      -8.968e-06    -1.30817e-05
      -1.441e-05    -1.83649e-05
      -5.962e-05    -6.61102e-05
      -1.911e-06    -3.99237e-06
     -1.0923e-05    -1.64971e-05
      -1.308e-06    -2.23098e-06
     -5.1905e-05    -6.93916e-05
    -0.000215959     -0.00023904
      -3.418e-06     -4.7154e-06
     -0.00019258    -0.000191168
    -0.000298571    -0.000300825
     -4.1071e-05    -5.04309e-05
      -2.145e-06    -3.22305e-06
    -0.000911281    -0.000873614
     -1.4039e-05    -1.65734e-05
      -6.543e-06    -9.14825e-06
    -0.000551466    -0.000534683
     -1.6393e-05      -1.874e-05
     -1.8225e-05    -2.39634e-05
    -0.000200783    -0.000215099
     -0.00109674     -0.00123745
      -1.142e-06    -3.16443e-06
    -0.000540773    -0.000489798
    -0.000576113    -0.000569235
      -3.824e-06    -5.17412e-06
     -4.1885e-05    -4.83258e-05
     -0.00039369    -0.000355532
     -3.5032e-05    -4.15189e-05
     -0.00013813    -0.000150969
      -8.326e-06    -1.10317e-05
    -0.000485532    -0.000423601
    -0.000148842    -0.000145403
     -6.0821e-05    -5.78445e-05
    -0.000119457    -0.000132494
     -0.00118913     -0.00120081
     -0.00047613    -0.000448324
     -5.2188e-05    -6.15915e-05
    -0.000844952    -0.000828645
     -0.00122345     -0.00131895
     -0.00134492     -0.00133374
    -0.000109536    -0.000120858
      -6.805e-06    -9.12252e-06
     -6.9882e-05    -7.23147e-05
    -0.000617169    -0.000628945
      -5.908e-06    -7.89656e-06
    -0.000133182    -0.000137204
     -0.00110195     -0.00111175
      -1.722e-06    -2.54918e-06
       -8.02e-07    -1.94812e-06
    -0.000532365    -0.000533801
     -6.5998e-05    -8.83635e-05
     -3.8842e-05    -4.93198e-05
      -8.993e-06    -1.14796e-05
      -1.961e-05    -2.98663e-05
    -0.000135858    -0.000134574
       -6.73e-06    -8.45096e-06
    -0.000675732    -0.000664181
    -0.000101322    -0.000114492
     -8.9127e-05    -9.91311e-05
      -5.232e-06    -8.63141e-06
     -8.1414e-05    -9.96341e-05
    -0.000819984    -0.000800311
      -0.0013326     -0.00140438
       -4.67e-06    -6.30557e-06
     -0.00019854    -0.000188651
    -0.000252737    -0.000243386
     -7.8468e-05    -8.03341e-05
    -0.000677657    -0.000623998
      -7.804e-06    -1.02565e-05
     -1.0746e-05    -1.40897e-05
    -0.000803885    -0.000791188
     -1.2421e-05    -1.72587e-05
    -0.000251801    -0.000249249
    -0.000426949     -0.00042897
     -4.9011e-05     -5.4649e-05
     -3.0461e-05    -3.49236e-05
      -5.478e-06    -7.57865e-06
     -1.0826e-05    -1.42603e-05
     -7.7631e-05    -8.49262e-05
    -0.000182344     -0.00015622
      -2.904e-06    -4.04046e-06
    -0.000959326    -0.000949901
      -2.168e-06    -3.42748e-06
      -5.442e-06    -8.13883e-06
     -3.7426e-05    -4.64507e-05
    -0.000811079    -0.000838634
    -0.000141456    -0.000134221
      -4.683e-06    -6.83287e-06
      -1.147e-05    -1.43969e-05
    -0.000458938    -0.000425307
      -1.408e-06    -2.55791e-06
      -2.389e-05    -3.12477e-05
      -7.717e-06    -1.07276e-05
    -0.000635958    -0.000612605
    -0.000631387    -0.000585035
     -4.8576e-05     -5.3642e-05
     -0.00022519    -0.000238653
      -3.793e-06    -5.13036e-06
    -0.000687464     -0.00063638
     -5.8239e-05    -5.99606e-05
     -1.2212e-05    -1.55017e-05
     -2.7154e-05    -3.45499e-05
     -4.1074e-05    -5.08068e-05
    -0.000292894    -0.000246875
    -0.000331912    -0.000316433
     -6.6342e-05    -6.95416e-05
      -0.0013169     -0.00116681
      -4.842e-06    -6.97562e-06
      -6.313e-06    -1.00381e-05
      -1.144e-06    -2.52063e-06
     -1.2894e-05     -1.6557e-05
     -1.5682e-05    -1.92815e-05
     -0.00119285     -0.00112185
    -0.000476543    -0.000477336
      -2.981e-06    -4.11324e-06
     -2.1255e-05     -2.3211e-05
      -7.764e-06    -1.02287e-05
      -3.685e-06    -5.46104e-06
     -8.0643e-05    -9.26261e-05
      -3.467e-06    -5.03802e-06
     -1.6831e-05    -1.90116e-05
    -0.000444628     -0.00042057
     -3.5716e-05    -4.15637e-05
      -4.956e-06    -6.27307e-06
       -9.16e-07    -2.08826e-06
      -4.252e-06    -6.33768e-06
     -1.1621e-05    -1.53535e-05
     -1.2644e-05    -1.61126e-05
    -0.000290426    -0.000279463
      -2.841e-06    -4.08712e-06
    -0.000484654    -0.000478173
    -0.000874091    -0.000760484
     -0.00109133     -0.00125518
     -1.2144e-05    -1.45494e-05
      -1.108e-06    -3.11443e-06
      -5.014e-06    -7.08838e-06
      -4.647e-06    -6.85001e-06
      -2.101e-06    -3.19338e-06
     -0.00101481     -0.00103322
      -8.153e-06    -1.04371e-05
      -2.373e-06     -3.8977e-06
     -9.1408e-05    -9.39133e-05
    -0.000156482    -0.000178557
    -0.000469155     -0.00045712
     -3.9376e-05    -5.11137e-05
      -6.558e-06    -8.77644e-06
     -2.5167e-05    -3.12826e-05
     -4.8793e-05    -6.06978e-05
       -7.72e-07    -1.60655e-06
     -3.3492e-05    -4.11267e-05
      -6.218e-06    -9.76555e-06
    -0.000257499     -0.00025972
     -1.1089e-05    -1.48075e-05
      -2.403e-05    -2.89264e-05
    -0.000120236    -0.000113721
    -0.000124934    -0.000125096
     -3.2432e-05    -3.78058e-05
       -6.26e-07    -1.53693e-06
     -1.5964e-05     -1.8383e-05
    -0.000142227    -0.000148979
     -4.3712e-05    -4.47001e-05
     -7.2988e-05    -7.90486e-05
     -5.5273e-05    -5.35439e-05
    -0.000468925    -0.000433389
      -1.381e-06    -3.95223e-06
     -9.5918e-05    -0.000104385
     -6.4468e-05    -6.87462e-05
    -0.000314121    -0.000304915
    -0.000443129    -0.000416278
      -1.447e-06    -2.96914e-06
     -4.0331e-05    -3.90392e-05
      -2.117e-06    -3.03133e-06
      -3.782e-06    -5.61981e-06
     -7.1479e-05    -7.90167e-05
     -2.7852e-05     -3.2708e-05
    -0.000360339     -0.00036196
     -2.5812e-05    -3.06972e-05
      -1.159e-06    -2.85478e-06
      -6.619e-06    -9.16461e-06
     -2.5141e-05    -2.69575e-05
      -1.853e-06     -2.8799e-06
     -0.00111444     -0.00117843
    -0.000741021    -0.000694734
      -1.941e-06    -3.17729e-06
       -2.42e-06    -3.76145e-06
     -2.9691e-05     -3.4427e-05
      -7.029e-06    -9.07026e-06
    -0.000881746    -0.000812114
      -7.851e-06    -1.11435e-05
        -7.4e-06    -1.05498e-05
      -1.048e-06    -1.93127e-06
      -8.129e-05    -8.50491e-05
      -5.469e-06    -7.90352e-06
     -8.6624e-05    -9.07518e-05
      -3.662e-06    -5.37972e-06
     -7.2908e-05    -7.79413e-05
     -6.3995e-05     -6.9754e-05
     -8.7171e-05    -9.21998e-05
      -5.163e-05    -5.56013e-05
      -6.278e-06    -7.83024e-06
      -3.472e-06    -4.86575e-06
     -1.4728e-05    -1.78237e-05
     -3.6884e-05    -4.29075e-05
    -0.000230729    -0.000214827
      -7.334e-05    -8.39613e-05
    -0.000128136    -0.000130769
     -0.00014336    -0.000147538
      -5.937e-06     -8.4828e-06
     -6.2677e-05    -6.99025e-05
      -3.042e-06    -4.34755e-06
      -1.531e-06    -2.65362e-06
     -0.00104214      -0.0010142
     -1.2817e-05    -1.62395e-05
     -1.1995e-05    -1.42858e-05
    -0.000512622    -0.000512341
      -2.691e-06    -3.79231e-06
      -0.0010479     -0.00101365
     -0.00034492    -0.000348272
     -1.0154e-05    -1.19375e-05
    -0.000537562    -0.000477364
      -5.506e-06    -7.37171e-06
      -0.0011923     -0.00123597
     -9.3589e-05    -9.68952e-05
     -8.9091e-05    -9.29397e-05
     -9.5252e-05    -0.000108557
      -2.829e-06    -3.85073e-06
     -4.4225e-05    -5.09874e-05
    -0.000856418    -0.000854001
     -2.6188e-05    -2.83762e-05
    -0.000256988    -0.000260223
    -0.000479385    -0.000474355
      -4.887e-06    -6.54648e-06
    -0.000439265    -0.000409664
    -0.000144289    -0.000138254
     -1.8433e-05    -2.11817e-05
     -6.5847e-05    -7.12767e-05
      -1.771e-06    -2.72401e-06
    -0.000241246    -0.000222615
       -1.04e-06    -1.75096e-06
     -0.00106881     -0.00108354
      -2.915e-06    -4.44845e-06
    -0.000566252    -0.000526696
      -3.114e-05    -3.67736e-05
     -3.1883e-05    -3.60624e-05
     -4.3053e-05    -4.62391e-05
    -0.000103379    -9.29885e-05
      -3.658e-06    -4.94848e-06
     -2.1331e-05    -3.11852e-05
      -5.448e-06    -7.05809e-06
     -0.00076126     -0.00067353
     -2.8347e-05    -3.25503e-05
    -0.000607405    -0.000678993
    -0.000529249    -0.000560757
      -1.295e-05    -1.72468e-05
    -0.000633151    -0.000584835
    -0.000297115    -0.000267931
      -9.912e-06    -1.31704e-05
      -2.166e-06    -5.17304e-06
     -3.4289e-05    -4.25727e-05
    -0.000825781    -0.000801298
      -6.344e-06    -8.50096e-06
    -0.000472907    -0.000417179
      -1.592e-06    -2.38314e-06
     -1.6141e-05    -1.99092e-05
        -9.9e-07    -1.57257e-06
      -4.088e-06    -5.54236e-06
     -9.4991e-05    -0.000102987
      -1.291e-06    -1.74668e-06
      -1.061e-06    -2.58398e-06
     -0.00116315     -0.00119573
      -9.345e-06     -1.2593e-05
     -0.00011058     -0.00011099
      -3.491e-06    -5.12903e-06
     -1.3933e-05    -1.67614e-05
     -4.9387e-05    -4.79728e-05
     -1.5841e-05    -2.05238e-05
     -0.00110798     -0.00111553
       -1.77e-06     -2.7733e-06
    -0.000410613    -0.000414509
     -1.6146e-05    -2.00821e-05
      -6.801e-05    -7.30272e-05
     -5.4395e-05    -6.54796e-05
    -0.000275395    -0.000263019
      -1.549e-06    -3.57669e-06
    -0.000120858    -0.000123523
      -4.734e-06     -6.2868e-06
     -1.4023e-05    -1.71666e-05
     -4.9432e-05    -5.84569e-05
     -4.3725e-05    -5.26788e-05
    -0.000373638    -0.000351087
    -0.000707073     -0.00067038
      -2.621e-05    -2.86586e-05
    -0.000650483    -0.000613579
      -8.531e-06    -1.19108e-05
       -1.99e-06    -2.97117e-06
    -0.000315892    -0.000301453
    -0.000172527    -0.000162328
     -0.00037216     -0.00034778
      -3.095e-06    -4.60555e-06
     -4.9505e-05    -5.57852e-05
      -1.774e-06    -2.61343e-06
      -8.185e-06     -9.5953e-06
      -8.791e-06    -1.47889e-05
      -3.015e-06    -4.32467e-06
      -7.871e-06     -1.0566e-05
     -7.9737e-05    -8.51808e-05
     -1.5625e-05    -1.87076e-05
     -1.3927e-05    -1.86608e-05
     -3.0165e-05    -3.66079e-05
      -4.768e-06    -6.50597e-06
     -8.7745e-05    -8.91392e-05
       -9.62e-07    -2.60634e-06
    -0.000116151    -0.000129132
    -0.000992799    -0.000809326
      -2.425e-05    -2.76176e-05
    -0.000599515    -0.000553175
     -0.00030171    -0.000290096
    -0.000116907    -0.000127571
     -7.7743e-05    -7.71507e-05
      -5.864e-06    -7.04487e-06
     -4.8808e-05    -5.28331e-05
    -0.000533528    -0.000476366
     -1.1817e-05     -1.5341e-05
      -2.566e-06    -3.71001e-06
    -0.000357795    -0.000343238
      -4.562e-06    -6.40426e-06
      -1.913e-06    -2.76927e-06
     -1.2764e-05     -1.6018e-05
      -6.746e-05    -7.40969e-05
    -0.000168292    -0.000158107
    -0.000817125    -0.000782685
    -0.000180722    -0.000178684
     -0.00108874     -0.00103964
    -0.000365919    -0.000314075
      -8.043e-05    -9.08099e-05
     -0.00110324     -0.00122695
      -9.362e-06     -1.2592e-05
    -0.000772953    -0.000730176
     -2.7443e-05    -2.99145e-05
     -0.00117474     -0.00126301
     -5.1928e-05    -6.14627e-05
      -9.103e-06    -1.37749e-05
    -0.000167099    -0.000171229
      -9.753e-06    -1.42607e-05
    -0.000146574    -0.000141026
      -1.915e-06    -2.89587e-06
     -2.1887e-05    -2.82495e-05
    -0.000108298     -0.00012057
      -2.027e-06    -2.84809e-06
     -3.8818e-05    -4.03034e-05
     -3.1324e-05    -3.70606e-05
      -1.959e-06    -3.12108e-06
      -2.974e-06    -4.53889e-06
     -3.0186e-05    -3.15821e-05
      -4.464e-06    -6.15182e-06
    -0.000197043    -0.000198176
    -0.000785049     -0.00072257
     -7.6817e-05    -7.75424e-05
     -1.0202e-05    -1.35489e-05
    -0.000434957    -0.000355041
       -3.71e-06    -5.41174e-06
     -3.5492e-05    -4.05721e-05
     -3.4063e-05     -3.7382e-05
    -0.000426711    -0.000399333
    -0.000892705    -0.000817111
      -1.986e-06    -2.92916e-06
      -4.337e-06    -5.92457e-06
      -8.119e-05    -8.83314e-05
      -2.096e-06    -3.14958e-06
    -0.000846981    -0.000847706
     -7.6508e-05    -8.23137e-05
     -7.3695e-05    -8.32696e-05
    -0.000479518    -0.000466174
     -7.0779e-05    -8.01566e-05
    -0.000164008    -0.000159855
     -3.1262e-05    -4.71667e-05
     -2.5807e-05    -3.13633e-05
     -2.7168e-05    -3.47889e-05
      -2.548e-05    -2.71238e-05
      -6.308e-06    -7.85511e-06
      -2.559e-06    -3.65268e-06
    -0.000689953    -0.000649551
     -0.00146155      -0.0016154
      -5.644e-06    -7.45166e-06
      -2.711e-06    -3.69164e-06
    -0.000883284    -0.000861406
    -0.000139922    -0.000126631
     -1.6092e-05    -2.10609e-05
    -0.000199437    -0.000192152
     -9.5767e-05    -0.000101582
     -0.00102074     -0.00103995
    -0.000786913    -0.000712851
    -0.000464312    -0.000434405
       -9.86e-07    -1.36525e-06
    -0.000756919    -0.000763052
       -7.21e-06    -1.01622e-05
     -9.2493e-05    -9.88089e-05
    -0.000458852    -0.000374924
     -0.00100924    -0.000970717
      -2.695e-06    -3.75328e-06
    -0.000213987    -0.000203397
      -2.549e-06    -3.74887e-06
    -0.000230102    -0.000222864
      -2.172e-06    -3.12005e-06
    -0.000330519     -0.00028295
     -5.7482e-05    -6.61921e-05
    -0.000151918    -0.000153199
     -4.3488e-05    -4.34627e-05
      -1.266e-05    -1.71079e-05
    -0.000566399    -0.000513318
    -0.000214003    -0.000179461
     -6.8756e-05    -7.65983e-05
     -0.00083898    -0.000829821
      -2.225e-06    -3.13297e-06
      -2.748e-06    -3.64213e-06
     -1.3788e-05     -1.7116e-05
     -0.00013548    -0.000140929
      -0.0005061    -0.000463598
      -4.903e-06    -6.62048e-06
      -8.317e-06    -1.30334e-05
       -7.51e-06    -9.91188e-06
     -2.2052e-05    -2.64951e-05
       -7.07e-07    -1.81339e-06
     -0.00092094    -0.000913299
      -1.019e-06    -1.66269e-06
     -0.00011185     -0.00010804
     -5.5232e-05    -6.05465e-05
      -1.599e-06    -2.80973e-06
     -0.00115518     -0.00108664
     -0.00105924    -0.000944321
      -8.246e-06    -1.30927e-05
     -3.1837e-05    -3.71258e-05
    -0.000463269      -0.0004053
     -1.8627e-05    -2.26768e-05
     -0.00103649    -0.000993067
     -6.6913e-05    -7.11273e-05
      -1.889e-06     -3.0827e-06
      -9.782e-06    -1.28608e-05
      -7.128e-06    -9.49454e-06
     -1.5829e-05     -2.1282e-05
      -9.082e-06    -1.05113e-05
     -3.3494e-05    -4.06351e-05
     -0.00111931     -0.00122264
      -3.366e-06    -4.41727e-06
     -0.00130123     -0.00133463
     -9.7089e-05    -8.85662e-05
     -2.7683e-05    -3.25589e-05
    -0.000967518    -0.000891449
     -2.2804e-05    -2.75189e-05
       -2.21e-06    -3.02643e-06
    -0.000461253    -0.000443398
      -5.492e-06    -7.53268e-06
     -0.00116031     -0.00124332
     -9.4939e-05    -0.000100403
      -1.917e-06    -3.10468e-06
     -0.00015857    -0.000145517
     -4.6479e-05    -5.24464e-05
     -9.2971e-05    -8.64079e-05
    -0.000142003    -0.000137987
      -4.741e-06    -6.35165e-06
    -0.000576745    -0.000532056
     -2.8796e-05    -4.06085e-05
     -0.00104686     -0.00106141
      -1.355e-06    -2.07645e-06
    -0.000471711    -0.000420608
     -2.9872e-05    -4.37684e-05
      -2.747e-06    -3.87077e-06
      -4.256e-06    -5.89408e-06
     -1.9451e-05    -2.74842e-05
     -1.7722e-05    -2.13236e-05
     -4.0314e-05    -4.26962e-05
     -8.6093e-05    -0.000114039
    -0.000750911    -0.000804574
     -0.00110348     -0.00116415
     -0.00028921      -0.0002856
    -0.000159822    -0.000170338
     -1.3113e-05    -1.71458e-05
    -0.000591167    -0.000568883
    -0.000121511    -0.000118661
     -0.00105883     -0.00109105
      -1.999e-06    -3.10557e-06
     -5.3793e-05    -5.90696e-05
      -2.595e-06    -3.68776e-06
    -0.000398554    -0.000372514
     -1.7632e-05    -2.27541e-05
     -4.1833e-05    -5.01106e-05
      -2.249e-06    -3.66014e-06
      -1.561e-06    -2.14896e-06
    -0.000189447     -0.00019251
     -2.3445e-05    -2.94006e-05
     -2.2277e-05    -2.42893e-05
    -0.000283046    -0.000268966
      -8.572e-06    -1.13753e-05
      -1.918e-06     -2.7073e-06
    -0.000474489    -0.000442466
      -1.758e-06    -2.33031e-06
      -7.676e-06    -1.03853e-05
     -6.1148e-05     -7.2475e-05
     -0.00104595     -0.00104631
     -7.1664e-05    -7.72284e-05
      -5.607e-06    -9.78504e-06
    -0.000516347    -0.000451783
    -0.000582817    -0.000510636
    -0.000559275    -0.000546425
      -3.975e-06    -5.54825e-06
     -0.00099052    -0.000919155
    -0.000421908    -0.000411053
      -3.459e-06    -4.82736e-06
    -0.000206124    -0.000203555
    -0.000386004    -0.000379053
    -0.000167978    -0.000178084
      -3.001e-06    -3.77364e-06
     -7.1327e-05     -8.5073e-05
     -2.0405e-05     -2.4656e-05
    -0.000132627    -0.000145175
    -0.000149972    -0.000164829
     -0.00116718     -0.00102507
      -1.634e-05    -2.60146e-05
    -0.000861756    -0.000812018
    -0.000767875    -0.000752906
     -2.8663e-05    -3.48509e-05
     -0.00127644     -0.00119375
      -7.497e-06    -1.04899e-05
      -3.906e-06    -5.43213e-06
     -1.4762e-05    -1.87918e-05
     -9.1298e-05     -9.2597e-05
    -0.000202329    -0.000208988
    -0.000237788     -0.00022231
     -6.5007e-05    -7.38334e-05
    -0.000166201    -0.000164726
    -0.000163462    -0.000177285
     -4.1553e-05    -4.64191e-05
    -0.000194834    -0.000204636
     -4.7197e-05    -5.00309e-05
     -2.5263e-05    -2.60417e-05
     -6.3097e-05     -6.7124e-05
       -8.44e-07    -1.84131e-06
    -0.000150302     -0.00016441
      -1.481e-05    -1.99731e-05
     -0.00032941    -0.000293639
    -0.000308848    -0.000282083
      -6.714e-06    -9.55267e-06
      -1.503e-06    -2.08154e-06
     -1.0205e-05     -1.3236e-05
    -0.000107156    -0.000109494
    -0.000127082    -0.000132776
     -2.4637e-05    -2.99248e-05
     -2.9957e-05    -3.49762e-05
     -0.00072345    -0.000710698
     -4.6205e-05    -5.37776e-05
     -0.00132603      -0.0014505
     -2.0651e-05    -2.87173e-05
    -0.000255109    -0.000221013
    -0.000107003    -0.000117975
      -5.825e-06    -7.67177e-06
     -1.6083e-05    -1.77722e-05
       -9.15e-07     -2.1358e-06
     -6.3482e-05    -6.91734e-05
    -0.000230691    -0.000227111
    -0.000194652    -0.000179588
    -0.000223478    -0.000225409
    -0.000356376    -0.000363491
     -4.1733e-05    -4.40503e-05
       -8.08e-07    -1.89286e-06
     -0.00010729    -0.000118834
     -0.00014235    -0.000147433
    -0.000287201    -0.000230923
    -0.000189818    -0.000175928
      -5.248e-06      -7.693e-06
    -0.000855209     -0.00082912
    -0.000923261     -0.00083394
    -0.000127441    -0.000124738
    -0.000845893    -0.000830008
    -0.000170413    -0.000170337
    -0.000890914    -0.000835447
     -3.6973e-05    -4.21543e-05
     -5.0509e-05    -5.65007e-05
    -0.000948261    -0.000983823
       -7.41e-07    -2.06567e-06
    -0.000423621    -0.000387093
      -8.764e-06    -1.13697e-05
      -8.688e-06    -1.21785e-05
      -2.684e-05    -3.20263e-05
    -0.000116012    -0.000130506
      -0.0003902    -0.000372006
       -7.73e-06    -9.54159e-06
      -4.826e-06    -6.56138e-06
    -0.000489687    -0.000447797
     -6.7973e-05     -7.4518e-05
    -0.000862962    -0.000853899
     -2.4009e-05    -2.91344e-05
    -0.000130307     -0.00014371
    -0.000240045    -0.000253077
      -4.157e-06    -6.16333e-06
     -8.0752e-05    -8.97687e-05
    -0.000219977    -0.000216824
    -0.000687733    -0.000633688
      -5.536e-06    -7.41362e-06
    -0.000224986    -0.000224687
      -6.951e-06    -9.17868e-06
     -7.8578e-05    -8.32357e-05
     -2.0591e-05    -2.64086e-05
      -3.233e-06    -4.78906e-06
      -6.034e-06     -8.0389e-06
    -0.000227883    -0.000215361
    -0.000159532    -0.000162431
    -0.000188705    -0.000203532
    -0.000317831    -0.000267737
    -0.000115804    -0.000115561
     -8.3845e-05    -9.00534e-05
    -0.000372649    -0.000376773
     -8.8985e-05    -9.51906e-05
     -0.00069082     -0.00063912
     -1.6517e-05    -2.30214e-05
    -0.000122888    -0.000117117
    -0.000157346    -0.000155456
    -0.000221047    -0.000219692
    -0.000708837    -0.000705903
      -8.189e-05    -8.79776e-05
    -0.000340544    -0.000330236
     -5.7458e-05    -6.57378e-05
     -9.6283e-05    -8.50219e-05
    -0.000157455    -0.000137395
      -1.652e-06    -2.22692e-06
    -0.000710807    -0.000744269
      -1.708e-06     -3.0037e-06
      -6.502e-06     -8.8317e-06
    -0.000942916    -0.000944429
       -5.59e-07    -1.92784e-06
    -0.000254685    -0.000248326
     -3.9193e-05    -4.47233e-05
     -2.5539e-05    -3.27913e-05
      -4.675e-06    -6.26975e-06
      -1.697e-05     -1.8545e-05
      -6.246e-06    -8.24378e-06
      -2.738e-06    -3.84411e-06
     -6.0615e-05    -7.15353e-05
     -1.7288e-05    -2.28224e-05
    -0.000216505     -0.00020835
      -1.307e-06    -1.81751e-06
    -0.000173439    -0.000175407
    -0.000463388    -0.000442985
    -0.000123544    -0.000130102
     -2.3615e-05    -2.96247e-05
      -9.453e-06    -1.30831e-05
     -2.5172e-05    -3.22306e-05
     -1.1751e-05    -1.51358e-05
      -2.861e-06    -3.74172e-06
      -2.851e-06    -3.92402e-06
     -2.3103e-05    -2.98554e-05
    -0.000553672    -0.000542189
    -0.000894573    -0.000891523
     -4.2686e-05    -4.66162e-05
      -2.809e-06    -4.03708e-06
     -3.7332e-05    -3.97656e-05
    -0.000501898    -0.000487171
    -0.000726593    -0.000778043
      -8.258e-06    -1.00087e-05
     -0.00103601      -0.0010495
      -5.923e-05    -6.34316e-05
     -7.3706e-05     -7.8115e-05
      -1.719e-06    -2.95727e-06
    -0.000174257    -0.000180067
      -3.058e-06    -4.57409e-06
     -3.2705e-05    -3.84433e-05
     -0.00049671    -0.000481665
     -4.4838e-05    -4.91048e-05
    -0.000238231     -0.00023253
     -8.0517e-05    -8.16201e-05
     -9.1758e-05    -0.000101399
     -0.00093487    -0.000906155
     -1.5151e-05    -1.94103e-05
    -0.000291653    -0.000263773
     -1.5367e-05    -1.91667e-05
    -0.000667822    -0.000724787
      -1.067e-06    -1.66706e-06
     -3.7315e-05     -3.9651e-05
     -0.00122145     -0.00123991
       -2.49e-06    -3.53558e-06
     -0.00117388     -0.00145438
      -3.105e-06    -4.57133e-06
     -2.0609e-05    -2.65964e-05
    -0.000148995    -0.000142833
      -6.349e-06    -9.01205e-06
     -0.00160511     -0.00183856
    -0.000176595    -0.000168804
     -0.00090598    -0.000887492
     -1.8176e-05    -2.52708e-05
    -0.000135191    -0.000135814
     -2.3453e-05    -2.99398e-05
    -0.000534399     -0.00049365
    -0.000189692    -0.000195956
    -0.000147652    -0.000147416
      -3.595e-06    -5.37289e-06
    -0.000526052    -0.000494203
     -1.6807e-05    -2.08781e-05
      -3.215e-06    -4.08623e-06
    -0.000582807    -0.000577156
      -3.582e-06    -5.04561e-06
    -0.000178733    -0.000178832
      -2.463e-06    -3.41101e-06
    -0.000942303    -0.000874635
    -0.000104306    -9.90745e-05
     -1.4967e-05    -2.01915e-05
     -8.3082e-05    -9.50032e-05
     -8.3364e-05    -8.22614e-05
    -0.000598161    -0.000497185
    -0.000430501    -0.000379239
      -8.293e-06     -1.0733e-05
    -0.000728486    -0.000659043
       -7.83e-06    -1.01934e-05
      -2.726e-05    -2.74042e-05
     -4.5949e-05    -5.56066e-05
     -1.7316e-05    -2.19964e-05
      -3.613e-06    -4.99731e-06
      -3.835e-06    -5.05863e-06
    -0.000689983    -0.000581549
      -6.968e-06    -9.05583e-06
      -8.397e-06    -1.16156e-05
     -0.00070042    -0.000632303
     -9.7075e-05    -9.96351e-05
     -0.00102556    -0.000964579
       -8.25e-07    -2.73964e-06
       -1.32e-05    -1.74965e-05
     -0.00115812     -0.00102225
