QM Energy	FF Energy
    -0.000516636    -0.000587101
    -0.000867156     -0.00110338
    -0.000625954    -0.000709466
    -0.000160627    -0.000147577
    -0.000190529    -0.000163319
     -0.00080864    -0.000876341
    -0.000476669    -0.000625808
    -0.000377466    -0.000405542
    -0.000221504    -0.000354087
     -4.6183e-05    -7.88547e-05
    -0.000398745    -0.000354246
    -0.000450664    -0.000454226
    -0.000165761    -0.000162235
    -0.000363782    -0.000330088
    -0.000688928     -0.00101813
         -0.0017     -0.00180023
     -9.9521e-05    -9.53715e-05
    -0.000353521    -0.000363872
     -3.9923e-05    -4.54191e-05
    -0.000501469    -0.000511837
    -0.000248783     -0.00024608
    -0.000900999    -0.000916218
    -0.000155392    -0.000157134
    -0.000247142    -0.000218336
    -0.000246011    -0.000358839
    -0.000225931    -0.000230437
    -0.000757667    -0.000886698
     -0.00016333    -0.000275786
    -0.000579896    -0.000574908
    -0.000189492    -0.000290689
    -0.000528597    -0.000521534
    -0.000626482    -0.000750223
     -0.00329364     -0.00336135
    -0.000467792    -0.000494658
    -0.000360316    -0.000435769
    -0.000256122    -0.000540042
    -0.000961698     -0.00111794
       -8.29e-05    -8.20318e-05
    -0.000133282    -0.000238135
     -0.00106686     -0.00104193
     -0.00170258     -0.00161676
    -0.000427087    -0.000425504
     -0.00118703     -0.00115378
     -0.00261827     -0.00231151
     -0.00038304    -0.000576128
    -0.000423325     -0.00046445
    -0.000480343    -0.000573791
    -0.000161471    -0.000178219
    -0.000767287    -0.000871447
    -0.000398948    -0.000420381
     -0.00141264     -0.00134182
    -0.000486486    -0.000499148
     -0.00125905     -0.00156695
      -7.492e-05    -0.000100407
     -0.00125931     -0.00157216
    -0.000565523    -0.000730427
    -0.000577876    -0.000701593
     -0.00187209     -0.00193281
    -0.000177729    -0.000152866
    -0.000166267    -0.000145867
    -0.000385689     -0.00043112
     -4.0802e-05    -4.80475e-05
     -0.00110315     -0.00120666
    -0.000811517    -0.000906502
       -7.61e-05    -0.000104584
    -0.000586665    -0.000622171
     -0.00199011     -0.00171836
    -0.000436022    -0.000455212
    -0.000726077    -0.000695924
     -0.00258506     -0.00228337
     -0.00024374    -0.000206212
    -0.000371693    -0.000344135
    -0.000749284    -0.000871315
     -0.00113368     -0.00131912
     -0.00155906     -0.00165635
    -0.000159455    -0.000228327
     -6.4427e-05    -6.18229e-05
    -0.000214258    -0.000209222
    -0.000628523    -0.000853147
    -0.000410997    -0.000444727
    -0.000926292      -0.0012809
    -0.000338535    -0.000363134
    -0.000901963     -0.00113273
     -0.00228452     -0.00222773
    -0.000371691    -0.000342793
    -0.000208101    -0.000285661
    -0.000119247    -0.000131547
    -0.000293489    -0.000349315
    -0.000508867    -0.000633379
    -0.000371499    -0.000444866
    -0.000153325     -0.00015561
    -0.000143197    -0.000243502
    -0.000354534    -0.000334176
    -0.000171245    -0.000229257
    -0.000328744    -0.000340184
    -0.000233909    -0.000258944
     -6.4924e-05    -7.30982e-05
    -0.000674038    -0.000922871
      -5.804e-05    -5.66162e-05
    -0.000171882    -0.000195392
    -0.000212206    -0.000181587
     -6.8505e-05    -8.53011e-05
    -0.000374728    -0.000337887
     -0.00114476     -0.00133839
    -0.000430448    -0.000442122
     -0.00126183     -0.00195929
    -0.000958714     -0.00095597
     -0.00048593    -0.000630846
      -7.725e-05    -8.76613e-05
    -0.000282629    -0.000259754
     -0.00239257     -0.00245046
     -0.00019426     -0.00022796
      -0.0003528    -0.000344851
    -0.000387521    -0.000373405
     -4.6273e-05    -4.69681e-05
    -0.000164732    -0.000228368
    -0.000709236    -0.000755435
     -4.7943e-05    -5.58284e-05
    -0.000730933    -0.000737715
    -0.000914283     -0.00100706
     -0.00148341     -0.00153193
     -8.4039e-05    -9.03467e-05
    -0.000120393    -0.000170743
    -0.000361974    -0.000317685
    -0.000208099     -0.00019994
    -0.000259975    -0.000250663
    -0.000264698    -0.000293753
    -0.000202381    -0.000200719
    -0.000215139    -0.000332846
     -0.00240401     -0.00256889
     -4.6897e-05    -5.65393e-05
     -8.8319e-05    -9.20885e-05
    -0.000748475    -0.000922313
    -0.000298965    -0.000281316
     -0.00273487     -0.00262806
     -0.00150184     -0.00195068
     -2.8533e-05    -3.80254e-05
    -0.000422492     -0.00040476
    -0.000927442    -0.000971503
     -0.00146521      -0.0014209
     -6.7267e-05    -6.69151e-05
    -0.000136557    -0.000162161
      -0.0006248     -0.00104796
    -0.000372972    -0.000620687
     -8.2807e-05     -9.3859e-05
     -0.00185079     -0.00191525
    -0.000278192    -0.000249796
    -0.000240865    -0.000230862
     -6.4105e-05    -7.88123e-05
     -0.00202038      -0.0020851
     -0.00264255     -0.00226226
     -0.00269327       -0.002614
    -0.000942137    -0.000880314
     -0.00106367     -0.00116114
     -0.00171781     -0.00191318
    -0.000525049    -0.000510979
     -0.00177029     -0.00177071
    -0.000294532    -0.000276842
     -0.00080764    -0.000800255
    -0.000571629    -0.000643305
     -0.00108342     -0.00132512
    -0.000384592    -0.000545822
    -0.000128468    -0.000182439
     -9.0212e-05    -9.37966e-05
     -0.00124328     -0.00134273
    -0.000786134    -0.000748734
    -0.000586218    -0.000661847
    -0.000189044    -0.000292243
    -0.000124606    -0.000121588
     -7.3457e-05    -0.000103481
     -0.00107443     -0.00137595
    -0.000160942    -0.000150907
    -0.000546672    -0.000633342
    -0.000137689    -0.000175996
    -0.000894692    -0.000903381
      -0.0005652    -0.000610214
     -0.00101146     -0.00119377
    -0.000261918    -0.000252271
     -0.00038017    -0.000366125
     -0.00104903     -0.00111126
    -0.000826086     -0.00103985
     -7.6283e-05    -0.000104013
    -0.000424752    -0.000413494
     -0.00013104    -0.000140786
    -0.000396861    -0.000435303
     -7.4484e-05    -7.30757e-05
    -0.000521282    -0.000658717
    -0.000230548    -0.000239613
    -0.000884209     -0.00117731
     -0.00104433     -0.00130596
    -0.000579786    -0.000679591
    -0.000108696    -0.000128231
     -0.00189512     -0.00170715
    -0.000103268    -9.57528e-05
    -0.000971374     -0.00108598
     -0.00042156    -0.000385818
    -0.000109398    -0.000111696
     -0.00055686    -0.000604237
    -0.000326076     -0.00030725
    -0.000377165    -0.000369472
    -0.000178059     -0.00016473
    -0.000484993    -0.000542018
    -0.000956881     -0.00111257
     -0.00030916    -0.000280503
     -0.00015344    -0.000147889
     -0.00128616     -0.00118569
    -0.000412031    -0.000375105
    -0.000290669    -0.000282372
    -0.000148795    -0.000131259
     -0.00186746     -0.00189288
    -0.000197459    -0.000208314
    -0.000239407    -0.000214724
     -0.00093965    -0.000980534
    -0.000641595    -0.000821936
    -0.000147161    -0.000144153
    -0.000529043    -0.000494916
     -0.00111524       -0.001682
    -0.000190053    -0.000205157
     -6.7705e-05    -7.16388e-05
    -0.000513368    -0.000749859
    -0.000389445    -0.000453297
    -0.000561166    -0.000649436
    -0.000124748     -0.00011771
    -0.000370891     -0.00041293
    -0.000653706    -0.000733628
    -0.000371562    -0.000379202
     -7.7751e-05    -7.84775e-05
     -5.6511e-05    -7.87168e-05
     -0.00175058     -0.00174849
    -0.000149765    -0.000146731
    -0.000115344    -0.000124939
    -0.000198311    -0.000180902
    -0.000172181    -0.000229396
     -0.00154315     -0.00145562
    -0.000241971    -0.000551731
    -0.000887661     -0.00111663
     -0.00212562     -0.00217332
     -0.00350699     -0.00306599
     -8.0527e-05    -7.91755e-05
     -8.1958e-05    -8.60423e-05
     -3.4981e-05    -4.04673e-05
     -0.00153397     -0.00166583
    -0.000196498    -0.000224678
    -0.000590647    -0.000629955
     -0.00180238     -0.00175846
     -0.00173811     -0.00175138
     -0.00135333     -0.00133945
     -0.00132931     -0.00138291
    -0.000177125    -0.000179745
    -0.000380292    -0.000369627
    -0.000867513     -0.00103402
    -0.000452651    -0.000418941
    -0.000752736    -0.000734098
    -0.000308779    -0.000468493
    -0.000120955    -0.000114766
    -0.000384856    -0.000391549
    -0.000224361     -0.00023566
      -0.0019269     -0.00250734
     -7.0705e-05    -7.85094e-05
    -0.000273295    -0.000363473
     -0.00151808     -0.00148317
    -0.000294829    -0.000252738
    -0.000116445    -0.000165874
    -0.000439811    -0.000395157
    -0.000200166    -0.000209899
    -0.000611782    -0.000657495
     -0.00184115     -0.00195383
    -0.000149585    -0.000144068
     -0.00176128     -0.00177157
    -0.000396544     -0.00047653
    -0.000139903    -0.000125347
      -0.0022653      -0.0026669
    -0.000158007    -0.000133417
    -0.000117148    -0.000116366
     -0.00242801     -0.00232644
    -0.000961712    -0.000990796
    -0.000311352    -0.000406026
    -0.000264536    -0.000242964
     -0.00121436     -0.00130791
    -0.000813888    -0.000766929
    -0.000241035    -0.000240973
    -0.000374846    -0.000350415
    -0.000170128    -0.000140541
     -0.00041683    -0.000413205
    -0.000265972    -0.000244199
    -0.000248827    -0.000244954
     -4.0922e-05    -5.07439e-05
    -0.000174425    -0.000158405
     -6.3981e-05    -6.51972e-05
     -0.00100922     -0.00105963
     -0.00216061     -0.00230114
     -7.3152e-05    -6.97381e-05
    -0.000214438     -0.00027137
    -0.000702267     -0.00087236
     -0.00070462     -0.00110775
    -0.000590082     -0.00063573
      -9.402e-05    -9.02952e-05
     -0.00125342     -0.00148682
     -0.00206992     -0.00196244
     -0.00182176     -0.00197831
     -0.00062935    -0.000727136
    -0.000463847    -0.000631883
     -0.00100557     -0.00109002
     -0.00011313     -9.9895e-05
     -5.6407e-05    -6.08526e-05
    -0.000246839    -0.000239473
    -0.000316567    -0.000304315
     -0.00100072     -0.00102373
    -0.000549242    -0.000558114
    -0.000592699    -0.000668415
     -6.9756e-05    -9.68915e-05
    -0.000169538    -0.000332585
    -0.000111776    -0.000142712
    -0.000137755    -0.000119281
     -0.00141097     -0.00116903
    -0.000169469     -0.00016139
    -0.000399815    -0.000380409
      -4.375e-05     -4.5329e-05
    -0.000133228    -0.000186245
    -0.000313752     -0.00033958
    -0.000993917     -0.00121378
     -0.00158441     -0.00147382
     -0.00051583    -0.000551056
     -7.9738e-05     -8.3053e-05
    -0.000151473     -0.00019983
     -0.00191623     -0.00206547
    -0.000134208    -0.000138505
     -0.00222701     -0.00201542
    -0.000303649    -0.000304836
    -0.000137584    -0.000115514
    -0.000511249    -0.000554585
    -0.000856728     -0.00105743
     -0.00020266    -0.000234295
    -0.000887184    -0.000768664
     -0.00105289      -0.0012322
     -0.00093939    -0.000957349
    -0.000294607    -0.000309976
    -0.000649237    -0.000936839
    -0.000294714    -0.000333556
      -0.0015502     -0.00149403
    -0.000137136    -0.000142214
    -0.000456328    -0.000671488
     -0.00201569      -0.0020973
    -0.000475215    -0.000483325
    -0.000765086    -0.000812547
     -0.00108417     -0.00132211
    -0.000618583    -0.000763804
    -0.000334555    -0.000330063
    -0.000101623    -9.33819e-05
    -0.000414451    -0.000375979
     -9.7997e-05    -0.000118529
     -0.00154603      -0.0017851
    -0.000625641    -0.000740278
     -7.1372e-05    -8.44455e-05
     -0.00043833    -0.000637793
    -0.000220394    -0.000199433
    -0.000159071    -0.000141896
    -0.000210902    -0.000215544
    -0.000277602    -0.000348052
      -9.524e-05     -0.00010348
    -0.000594187    -0.000659262
    -0.000921125     -0.00106724
    -0.000114393    -0.000116652
    -0.000136589    -0.000127843
      -0.0019779     -0.00177135
     -0.00104237     -0.00102493
    -0.000161069    -0.000167003
     -0.00142101     -0.00140785
    -0.000315397    -0.000361833
     -0.00354404     -0.00390662
    -0.000442192    -0.000433569
    -0.000112801    -0.000126683
    -0.000164909    -0.000171218
     -0.00114048     -0.00125692
    -0.000471851    -0.000446656
     -0.00145957     -0.00146692
    -0.000328841    -0.000303159
    -0.000364325    -0.000415693
    -0.000355498    -0.000340926
    -0.000233734    -0.000200518
     -0.00093543     -0.00110989
     -0.00111936     -0.00125132
    -0.000160279    -0.000155823
    -0.000123355      -0.0001322
     -0.00113895      -0.0013741
    -0.000132145    -0.000140414
    -0.000217183    -0.000215302
     -7.1352e-05    -8.55946e-05
    -0.000888684     -0.00111437
     -0.00166399     -0.00171573
    -0.000153005    -0.000219735
    -0.000313068    -0.000469358
     -0.00050925    -0.000484156
     -8.5643e-05    -9.43648e-05
    -0.000795286     -0.00120116
    -0.000431776    -0.000439616
     -8.1058e-05    -0.000115856
      -6.505e-05    -6.73282e-05
    -0.000205421    -0.000210305
     -0.00127658     -0.00135257
    -0.000878474     -0.00139551
     -9.4589e-05    -0.000181994
    -0.000202979     -0.00018075
     -0.00126493     -0.00157031
    -0.000565402    -0.000743216
    -0.000391645    -0.000362321
    -0.000156439    -0.000159408
     -5.8235e-05    -5.71857e-05
    -0.000228429    -0.000216589
     -0.00120465     -0.00125412
    -0.000385866    -0.000388813
    -0.000500976    -0.000544605
    -0.000476925    -0.000506792
    -0.000498746    -0.000471162
     -0.00122786     -0.00131485
     -8.1871e-05    -0.000108219
      -0.0030225     -0.00282182
    -0.000608556    -0.000613795
    -0.000249472    -0.000266235
    -0.000277427    -0.000268898
    -0.000462263    -0.000437306
     -0.00232797     -0.00238077
    -0.000121859    -0.000182746
     -7.4795e-05    -8.81128e-05
    -0.000120937    -0.000192489
    -0.000807813     -0.00077618
    -0.000614229    -0.000631854
    -0.000137539    -0.000126902
    -0.000321078    -0.000289794
     -0.00177486     -0.00185586
     -6.6825e-05    -7.11125e-05
    -0.000630294    -0.000652911
      -0.0012978     -0.00157469
    -0.000950399    -0.000962097
     -7.2118e-05    -6.89594e-05
    -0.000832528    -0.000859761
     -7.5328e-05    -7.22095e-05
     -8.8933e-05     -9.9065e-05
    -0.000889978    -0.000981545
    -0.000224673    -0.000262898
    -0.000547382     -0.00057977
     -8.2228e-05    -8.83364e-05
    -0.000356056    -0.000401544
    -0.000189259    -0.000192492
    -0.000746636    -0.000837208
     -4.2149e-05    -4.50616e-05
    -0.000266951    -0.000428949
    -0.000153669    -0.000159882
     -9.2081e-05    -0.000105193
    -0.000103437    -0.000104707
    -0.000280656     -0.00035039
    -0.000511547     -0.00058752
    -0.000256895    -0.000247807
    -0.000242207    -0.000234555
     -0.00120561     -0.00113317
     -0.00040052    -0.000389838
     -0.00101633     -0.00121326
    -0.000436569    -0.000453445
      -9.212e-05     -8.0864e-05
     -6.9813e-05    -6.69891e-05
    -0.000116746    -0.000111791
    -0.000763633    -0.000836805
     -9.5892e-05    -9.64819e-05
     -0.00011199    -0.000130792
    -0.000698888    -0.000823879
     -0.00133117     -0.00158755
    -0.000167265    -0.000210879
    -0.000191586    -0.000157486
     -0.00118459     -0.00171317
     -0.00016697    -0.000167988
     -0.00329437     -0.00290082
    -0.000211131    -0.000250543
    -0.000206213    -0.000219328
    -0.000189256    -0.000268874
     -0.00170221     -0.00178054
    -0.000284153    -0.000260811
    -0.000691383    -0.000875121
     -0.00017536    -0.000164796
     -0.00108766     -0.00118558
     -0.00131382     -0.00156936
    -0.000411354    -0.000423471
    -0.000324319    -0.000411217
    -0.000542698    -0.000624461
    -0.000600234    -0.000651454
    -0.000441464    -0.000433209
     -0.00200179     -0.00185571
     -0.00110413      -0.0010879
    -0.000349017    -0.000314489
    -0.000255098    -0.000249906
     -0.00040839     -0.00039521
    -0.000972441     -0.00125189
    -0.000226561    -0.000383354
     -0.00164478     -0.00130275
    -0.000353479    -0.000516965
    -0.000383596    -0.000355576
    -0.000569865     -0.00062432
    -0.000169886    -0.000185159
     -0.00187964      -0.0019717
     -0.00259861      -0.0026388
     -0.00102777     -0.00112971
    -0.000312329    -0.000367391
     -0.00150121      -0.0013968
    -0.000759518    -0.000888668
    -0.000806252     -0.00102283
     -0.00063808    -0.000704728
     -0.00134869      -0.0010412
     -0.00137421      -0.0014115
    -0.000647578     -0.00074677
     -9.2009e-05     -0.00010897
    -0.000396399    -0.000474495
    -0.000277581    -0.000264792
      -0.0054999     -0.00442226
      -5.222e-05    -4.98894e-05
     -5.8345e-05    -6.41739e-05
     -0.00015776    -0.000139801
      -7.716e-05    -0.000131296
    -0.000641231     -0.00065546
    -0.000184454    -0.000180243
    -0.000921719    -0.000983606
    -0.000243124     -0.00030098
    -0.000207753    -0.000187503
    -0.000258151    -0.000231873
    -0.000169178    -0.000177606
    -0.000140695    -0.000139869
    -0.000528986    -0.000525194
    -0.000811142    -0.000835921
     -8.7775e-05     -0.00012214
     -9.0341e-05    -0.000113964
    -0.000893034     -0.00101629
     -0.00014789     -0.00012765
     -6.4269e-05    -6.10104e-05
      -6.338e-05    -7.61854e-05
    -0.000677074    -0.000605746
    -0.000181807     -0.00015962
    -0.000625496    -0.000645763
    -0.000120176     -0.00013121
    -0.000298121    -0.000336507
    -0.000590864    -0.000652936
     -0.00129992     -0.00130613
    -0.000332781    -0.000412043
    -0.000373674    -0.000372869
     -0.00130595     -0.00162095
     -6.4087e-05    -6.60443e-05
     -9.1891e-05    -0.000145785
     -0.00060373    -0.000593709
    -0.000532392    -0.000557925
      -0.0001197    -0.000137911
    -0.000365601    -0.000323431
     -0.00189594     -0.00179105
     -0.00042257    -0.000492958
    -0.000341898    -0.000417564
    -0.000305656    -0.000548319
     -0.00254954     -0.00215376
    -0.000286951    -0.000261079
    -0.000300344    -0.000287198
     -0.00142136     -0.00133982
    -0.000243765    -0.000248393
     -0.00101085     -0.00128833
    -0.000214357    -0.000189374
    -0.000284666    -0.000297336
     -0.00150576     -0.00152246
    -0.000421529    -0.000453623
    -0.000224936    -0.000184188
    -0.000454767    -0.000513568
    -0.000334193    -0.000330311
    -0.000857269     -0.00101589
    -0.000434993    -0.000526051
     -0.00143204     -0.00156575
    -0.000407525    -0.000397534
    -0.000220392    -0.000225076
    -0.000141173    -0.000158716
    -0.000245776    -0.000240626
    -0.000578756    -0.000578078
    -0.000803693     -0.00115632
     -3.7831e-05    -3.79149e-05
    -0.000305477    -0.000288364
     -5.9811e-05    -7.46226e-05
    -0.000235598    -0.000223781
     -0.00244204     -0.00214553
    -0.000507406    -0.000471897
    -0.000261697    -0.000250123
    -0.000188454     -0.00021065
    -0.000750995    -0.000984513
    -0.000263622    -0.000278193
    -0.000205997    -0.000326098
     -2.1438e-05    -2.80666e-05
    -0.000625368     -0.00063214
     -0.00207092     -0.00202468
    -0.000440158    -0.000511706
    -0.000850124    -0.000812667
      -0.0011994     -0.00141197
    -0.000317887    -0.000349932
    -0.000677168    -0.000703401
     -0.00516113     -0.00387146
     -0.00098279     -0.00106422
    -0.000222881    -0.000204234
     -0.00050077    -0.000494299
     -0.00118654     -0.00144391
    -0.000136335    -0.000148271
    -0.000151314    -0.000144128
    -0.000215629    -0.000186781
    -0.000184398    -0.000236301
    -0.000166342    -0.000169948
    -0.000262978    -0.000310413
    -0.000590777    -0.000528286
     -9.9513e-05    -9.36878e-05
     -4.1784e-05     -5.2666e-05
    -0.000302889     -0.00028468
    -0.000337913    -0.000338626
    -0.000208728    -0.000198762
     -0.00113498    -0.000999629
    -0.000566903    -0.000620425
    -0.000382501    -0.000580109
    -0.000686488    -0.000713321
    -0.000615238      -0.0006058
     -0.00107844     -0.00130269
    -0.000959909     -0.00119735
    -0.000938844     -0.00106593
    -0.000232616    -0.000243732
    -0.000796756    -0.000932758
     -0.00143099     -0.00181425
     -4.3013e-05    -5.18315e-05
    -0.000145908    -0.000180419
    -0.000123586    -0.000114528
     -0.00022717    -0.000199441
     -7.4092e-05      -7.915e-05
    -0.000192381    -0.000258321
    -0.000400655    -0.000588131
      -6.168e-05    -7.21582e-05
     -0.00234352     -0.00208345
     -8.2007e-05    -8.78989e-05
    -0.000343905    -0.000516888
    -0.000313466    -0.000276124
    -0.000584695    -0.000638224
     -0.00069392    -0.000770762
    -0.000670955    -0.000703743
     -0.00047877    -0.000435127
    -0.000804288     -0.00092374
    -0.000513157    -0.000562955
     -3.6349e-05    -4.89515e-05
     -0.00157979     -0.00167384
     -7.8271e-05    -9.98142e-05
     -0.00109366     -0.00106547
    -0.000864636    -0.000905368
     -0.00031456    -0.000283738
     -4.5706e-05    -5.38813e-05
    -0.000462071    -0.000469186
    -0.000277029    -0.000261412
    -0.000299863     -0.00029295
    -0.000138305    -0.000171873
     -0.00206343     -0.00191064
    -0.000165666    -0.000174215
    -0.000834806    -0.000971435
     -0.00133388     -0.00158347
      -0.0002623    -0.000245643
    -0.000131879    -0.000121295
    -0.000126565    -0.000160997
    -0.000116482     -0.00011319
    -0.000261889    -0.000244553
     -0.00199703     -0.00258855
     -0.00032248      -0.0002816
    -0.000596589      -0.0006409
    -0.000246159    -0.000297618
    -0.000967131     -0.00117404
    -0.000180494    -0.000180865
     -0.00542066     -0.00404675
    -0.000586438    -0.000776749
     -3.6885e-05    -5.34548e-05
    -0.000221225     -0.00019581
     -0.00339253     -0.00303947
      -0.0022697     -0.00215462
    -0.000149315    -0.000141455
    -0.000217897    -0.000197156
    -0.000168953    -0.000171505
      -0.0033384     -0.00289975
    -0.000120091    -0.000125399
    -0.000324318    -0.000297871
     -0.00131479     -0.00127458
    -0.000199423    -0.000199176
     -5.4628e-05     -6.3434e-05
    -0.000496192    -0.000493131
     -0.00120341     -0.00132528
    -0.000185021    -0.000171497
    -0.000603411    -0.000593578
    -0.000113739    -0.000189167
    -0.000142714    -0.000159821
     -0.00121651     -0.00141735
    -0.000491326    -0.000554366
    -0.000133875    -0.000126013
     -3.2247e-05    -4.02556e-05
    -0.000548114    -0.000841141
    -0.000423301    -0.000529537
     -4.8394e-05    -5.55749e-05
    -0.000136724    -0.000161429
    -0.000569772    -0.000669629
     -8.4835e-05    -0.000160224
    -0.000445428    -0.000424249
    -0.000490553    -0.000536628
     -0.00167075     -0.00194923
    -0.000392235    -0.000795254
    -0.000133017    -0.000231845
      -0.0014703     -0.00171939
    -0.000456922    -0.000435915
    -0.000761222    -0.000815582
    -0.000104756    -0.000102951
    -0.000230055    -0.000199166
    -0.000216665      -0.0002043
    -0.000331183    -0.000322653
     -0.00055273    -0.000593045
     -0.00253719     -0.00285701
     -2.8728e-05     -3.7303e-05
    -0.000894985     -0.00103839
     -8.9403e-05    -8.73489e-05
     -0.00220461     -0.00264275
     -9.8021e-05    -0.000171037
    -0.000100499     -0.00010536
     -0.00166208     -0.00173185
    -0.000232242     -0.00022631
    -0.000287511    -0.000276499
    -0.000796929     -0.00121726
    -0.000230525    -0.000295499
    -0.000557273     -0.00054876
    -0.000585305    -0.000505265
    -0.000520435    -0.000504075
      -0.0015452     -0.00172048
     -0.00015901    -0.000167872
     -0.00059491    -0.000635698
    -0.000581709    -0.000974852
     -6.9009e-05    -8.36289e-05
    -0.000164661    -0.000155524
    -0.000253068    -0.000294319
    -0.000291468    -0.000261258
     -0.00024352    -0.000250918
     -8.7666e-05    -8.66723e-05
     -0.00130513     -0.00142279
    -0.000476813    -0.000453417
    -0.000145544    -0.000162883
    -0.000219124    -0.000232358
    -0.000921742    -0.000918547
     -9.8641e-05    -0.000151307
    -0.000288323    -0.000354272
     -0.00139093     -0.00182136
    -0.000117904     -0.00017848
     -8.1406e-05    -0.000117402
    -0.000773294    -0.000970198
     -0.00044574    -0.000456241
     -0.00016083    -0.000175986
    -0.000308389    -0.000353617
    -0.000312623    -0.000306462
    -0.000146689    -0.000141007
     -0.00214735     -0.00222989
     -9.0926e-05    -0.000153846
    -0.000183156    -0.000173724
    -0.000193018     -0.00016508
     -0.00174859     -0.00204472
    -0.000629228    -0.000582171
     -8.3559e-05    -7.75536e-05
    -0.000214751    -0.000223824
     -0.00188305     -0.00193047
     -0.00148584     -0.00107321
    -0.000203844    -0.000251541
      -0.0001199    -0.000107607
    -0.000734958    -0.000940044
    -0.000405147    -0.000440496
      -9.548e-05    -0.000129148
     -0.00175379     -0.00183469
    -0.000271787    -0.000362708
     -0.00404407     -0.00296245
     -9.4512e-05    -0.000198429
    -0.000422812    -0.000633716
    -0.000205882    -0.000228729
     -7.0805e-05    -7.18252e-05
     -5.4892e-05    -5.88782e-05
    -0.000849206     -0.00101207
    -0.000205305    -0.000244609
    -0.000797309    -0.000833142
    -0.000374107     -0.00048881
    -0.000363568    -0.000471617
    -0.000145395    -0.000131029
    -0.000441964    -0.000417832
    -0.000237118    -0.000223786
    -0.000156518    -0.000209101
    -0.000625921    -0.000601185
    -0.000356125    -0.000385074
     -0.00212036     -0.00186427
     -6.5229e-05    -6.60921e-05
    -0.000624272    -0.000634098
    -0.000582879    -0.000540321
     -5.5812e-05    -5.80386e-05
    -0.000329893     -0.00030959
    -0.000220036    -0.000331868
    -0.000211516    -0.000182225
    -0.000103718    -0.000102933
    -0.000265559     -0.00036042
     -0.00334308     -0.00294371
    -0.000256571    -0.000237166
    -0.000152556    -0.000144902
    -0.000597809    -0.000623495
    -0.000206092    -0.000179459
    -0.000203701    -0.000215213
    -0.000103941    -0.000109115
     -0.00049763    -0.000607382
    -0.000219696     -0.00020852
    -0.000696399    -0.000727429
    -0.000195841    -0.000255372
    -0.000236253    -0.000218192
    -0.000352437    -0.000529627
    -0.000389217    -0.000377102
    -0.000719665    -0.000890688
      -0.0013946     -0.00164807
    -0.000197663    -0.000188937
    -0.000893142    -0.000990846
     -0.00026565      -0.0004726
    -0.000221737    -0.000234207
     -0.00279295     -0.00235012
    -0.000531683    -0.000500404
    -0.000215045    -0.000334276
     -0.00201739     -0.00214475
     -0.00114131     -0.00115913
    -0.000153771    -0.000172322
    -0.000190304     -0.00016218
    -0.000160789    -0.000153699
    -0.000520516    -0.000530367
     -0.00137134     -0.00149139
     -0.00013445      -0.0001325
    -0.000379691    -0.000420398
    -0.000191071    -0.000212455
    -0.000460652    -0.000431616
     -4.5485e-05    -4.88681e-05
    -0.000729585    -0.000874703
    -0.000605013    -0.000688466
     -0.00103873     -0.00102585
    -0.000159947    -0.000316977
    -0.000429472    -0.000457603
    -0.000142175    -0.000121895
    -0.000227293    -0.000221348
    -0.000392913    -0.000512999
     -7.0252e-05    -7.78474e-05
    -0.000149418     -0.00014865
    -0.000683803    -0.000725356
    -0.000500446    -0.000483597
    -0.000661882    -0.000788602
     -6.4833e-05    -6.72272e-05
    -0.000979389     -0.00090497
    -0.000304782    -0.000398951
    -0.000217172    -0.000231417
    -0.000138842    -0.000129223
    -0.000119556    -0.000112399
     -0.00105212     -0.00102835
    -0.000250208    -0.000221842
     -4.4596e-05    -4.93496e-05
    -0.000262827    -0.000300846
    -0.000202101    -0.000167657
    -0.000975164     -0.00107667
    -0.000833132    -0.000998215
     -0.00170862     -0.00200268
    -0.000607153     -0.00065851
     -0.00368032     -0.00371306
     -4.2089e-05    -4.74305e-05
    -0.000464042    -0.000448362
    -0.000144076    -0.000122818
    -0.000974954     -0.00124792
     -0.00405503     -0.00380366
    -0.000532165    -0.000638659
    -0.000131863    -0.000128484
    -0.000323651    -0.000414576
    -0.000178337    -0.000175472
     -0.00303578     -0.00300006
     -7.5704e-05    -7.28761e-05
     -0.00232519     -0.00285746
     -0.00116402     -0.00126947
    -0.000157604    -0.000200269
     -0.00482978     -0.00390354
    -0.000350635    -0.000347071
    -0.000539702    -0.000538743
     -0.00132914     -0.00137884
    -0.000886671    -0.000948984
     -0.00023133    -0.000343945
    -0.000144906    -0.000204051
    -0.000207828    -0.000176298
    -0.000187771    -0.000176194
    -0.000105711    -0.000106684
    -0.000292988     -0.00026669
    -0.000572637    -0.000568775
     -0.00100097    -0.000979385
     -0.00112049     -0.00128256
     -0.00019005    -0.000164231
    -0.000621603      -0.0007433
    -0.000139395    -0.000133506
    -0.000177531    -0.000156608
    -0.000305415    -0.000280169
    -0.000176525    -0.000157875
    -0.000714975    -0.000729958
    -0.000157132    -0.000144835
    -0.000610219    -0.000628972
     -3.0675e-05    -3.85732e-05
    -0.000310773    -0.000294689
      -0.0002714    -0.000276967
    -0.000554781    -0.000627175
    -0.000140895    -0.000127087
    -0.000129574    -0.000141668
    -0.000269255     -0.00025854
    -0.000720484     -0.00073236
    -0.000945652      -0.0011375
    -0.000291541    -0.000305145
    -0.000100068    -0.000107066
     -0.00117072     -0.00121985
     -5.9659e-05    -7.26343e-05
    -0.000281998    -0.000380847
     -0.00071096    -0.000726804
    -0.000264893    -0.000296519
    -0.000136644     -0.00015909
     -0.00016968    -0.000145989
    -0.000359852    -0.000356964
    -0.000144786    -0.000142428
    -0.000144072    -0.000123749
    -0.000173217    -0.000150156
    -0.000120276    -0.000105087
    -0.000370964    -0.000394272
    -0.000176541    -0.000167311
    -0.000380512    -0.000589851
     -6.2558e-05    -6.69373e-05
    -0.000337861    -0.000656474
     -0.00476935     -0.00358588
     -0.00146353     -0.00145385
    -0.000811119    -0.000923629
     -4.5777e-05    -5.12219e-05
    -0.000746191    -0.000707415
     -0.00175219     -0.00195092
     -0.00147984     -0.00172231
     -9.4573e-05    -0.000100225
     -4.1212e-05    -4.47263e-05
     -7.6975e-05    -9.85352e-05
     -0.00129414     -0.00164627
    -0.000105196    -0.000151261
    -0.000141004    -0.000159734
    -0.000669562    -0.000800384
    -0.000807852    -0.000802028
    -0.000182631    -0.000157449
    -0.000104565    -0.000102664
     -0.00142573      -0.0016819
      -0.0001203    -0.000118027
    -0.000101065    -9.92275e-05
    -0.000272806     -0.00034975
     -0.00069168    -0.000978772
    -0.000171516    -0.000153691
      -8.365e-05    -7.67956e-05
