QM Energy	FF Energy
    -0.000180829    -5.28835e-05
     -0.00056423    -0.000400345
     0.000234894     6.01924e-05
       0.0116587       0.0095979
    -0.000766068    -0.000808717
      0.00248863      0.00303461
    -0.000613434    -0.000632869
    -0.000515102    -0.000685609
    -0.000611167    -0.000634894
    -0.000464094    -0.000568392
     -0.00069162    -0.000707517
    -0.000649244    -0.000688661
    -0.000475623     -0.00051699
    -0.000620884    -0.000677328
    -0.000665549    -0.000718869
       0.0177695       0.0155429
    -0.000475932    -0.000536883
    -0.000675849     -0.00068657
    -0.000561864    -0.000565637
    -0.000138528    -0.000324832
    -0.000677327    -0.000687122
    -0.000410663     -0.00038921
     -0.00085577    -0.000990326
      0.00146254      0.00115088
      0.00999926      0.00902614
     -0.00068241    -0.000725495
      0.00021168     0.000115387
    -0.000233567    -0.000390851
    -0.000796276    -0.000853691
     -0.00046708    -0.000466045
    -0.000701569      -0.0007145
    -0.000771826    -0.000904179
      0.00115265     0.000981195
     -7.3627e-05    -4.32293e-05
      0.00442986      0.00525069
    -0.000690628    -0.000737531
     -0.00113628     -0.00111393
       0.0134426       0.0142138
    -0.000655018    -0.000793588
    -0.000778766    -0.000755241
      0.00408069      0.00448753
    -0.000741293    -0.000800711
    -0.000643038    -0.000681875
    -0.000736047    -0.000600387
      0.00542753       0.0049314
    -0.000781289    -0.000785601
       0.0127238       0.0126628
    -0.000629643    -0.000626154
    -0.000671239    -0.000740695
     0.000620556      0.00035816
      0.00813526      0.00821492
    -0.000726683    -0.000756761
     -0.00108575    -0.000978991
    -0.000548902    -0.000552091
    -0.000726638    -0.000711901
    -0.000499073    -0.000533302
    -0.000745371    -0.000856179
      0.00124565      0.00100844
      0.00255768      0.00240449
    -0.000841094    -0.000844616
    -0.000781173    -0.000830558
    -0.000498693    -0.000785787
    -0.000736343    -0.000849255
       0.0041045      0.00385536
    -0.000713979    -0.000736455
    -0.000734528    -0.000726543
    -0.000960187    -0.000985321
    -0.000583926    -0.000597043
    -0.000273092    -0.000251326
    -0.000754305    -0.000858023
      0.00592818      0.00631182
    -0.000645816    -0.000736075
    -0.000628115    -0.000631509
      0.00158193      0.00104152
      7.6926e-05    -0.000221377
     0.000347243     0.000375316
    -0.000591001    -0.000617293
    -0.000951043     -0.00101724
    -0.000295388     -0.00052873
     -8.5698e-05    -0.000118871
    -0.000800248    -0.000884937
    -0.000807444     -0.00087279
    -0.000673856    -0.000681062
    -0.000746677    -0.000786443
      0.00608223      0.00564047
     -0.00054183    -0.000870029
    -0.000751038    -0.000821994
    -0.000460854    -0.000456964
      0.00421432      0.00402085
      0.00052377     0.000302267
      0.00130902     0.000956137
    -0.000681905    -0.000741047
    -0.000734169    -0.000755416
    -0.000694172    -0.000719396
    -0.000226411      -0.0003059
    -0.000504304    -0.000803415
    -0.000634554    -0.000617418
     -0.00071475    -0.000748699
    -0.000893669     -0.00101773
    -0.000724436    -0.000813576
     -0.00117568      -0.0011655
      0.00106374     0.000433642
     -0.00100636     -0.00101387
     0.000659482     0.000386574
    -0.000805809    -0.000821794
     0.000352025     0.000524496
      0.00262091       0.0021211
    -0.000768938    -0.000756463
    -0.000702526    -0.000737141
    -0.000686958    -0.000724961
       0.0010912      0.00100864
      0.00613036      0.00623216
    -0.000721739    -0.000754925
     0.000351216     0.000698455
     0.000608469     0.000593911
    -0.000828159     -0.00099388
      0.00019543     6.57183e-06
    -0.000806145    -0.000862411
    -0.000750882    -0.000727903
    -0.000501887    -0.000510333
    -0.000579493    -0.000603393
      0.00126186     0.000922283
    -0.000493609    -0.000505767
     -0.00114085     -0.00120764
    -0.000371491    -0.000463967
    -0.000525842    -0.000405961
    -0.000654606    -0.000653752
    -0.000403421    -0.000402182
     -0.00071313    -0.000683648
    -0.000731969    -0.000793999
      0.00531061      0.00602502
    -0.000943334     -0.00102201
    -0.000836675    -0.000998273
    -0.000419046     -0.00039183
      0.00190259      0.00168221
      0.00279037      0.00265914
    -0.000487679    -0.000470792
       0.0055729      0.00553186
     -0.00063013    -0.000636565
     0.000220347     0.000158935
     0.000609873     0.000524914
      0.00092839     0.000834688
    -0.000363214    -0.000333282
    -0.000502061    -0.000570702
      0.00539617      0.00538059
     -0.00046969    -0.000704971
    -0.000707426    -0.000688164
    -0.000647966    -0.000692689
    -0.000568896    -0.000613497
       0.0024172      0.00229673
     -0.00119836      -0.0010858
     0.000298727     -0.00017281
      -0.0007921    -0.000825574
    -0.000822766    -0.000728861
      0.00162695      0.00169185
    -0.000377531    -0.000530194
     0.000100727    -8.17039e-05
    -0.000267796    -0.000371277
     -0.00062207    -0.000853984
    -0.000874454    -0.000947762
     -0.00062185    -0.000745508
     0.000658742      0.00018531
      0.00224188      0.00191463
    -0.000647197    -0.000572567
    -0.000609609    -0.000833558
        0.011425       0.0113973
        0.002779       0.0020165
      0.00179025      0.00161029
     0.000607194     0.000557386
    -0.000145541    -0.000178998
    -0.000841164    -0.000935196
      0.00367325      0.00360129
    -0.000723699    -0.000686547
      0.00195333       0.0016478
      0.00386823      0.00315901
     0.000429022     0.000162979
      0.00168013      0.00197021
        0.022333       0.0210696
    -0.000694716    -0.000698113
      0.00229009      0.00195679
      0.00767201      0.00706712
    -0.000664037    -0.000700021
     -0.00052964    -0.000538277
    -0.000924564    -0.000985946
    -0.000935151     -0.00104845
      0.00741913       0.0066304
      0.00474359      0.00504421
    -0.000737578    -0.000852431
    -0.000617127    -0.000676777
    -0.000731538    -0.000869332
     -0.00103487     -0.00105087
    -0.000208068     -0.00031866
    -0.000419985    -0.000481693
      0.00347456      0.00377865
    -0.000139289    -0.000366652
    -0.000782638    -0.000792811
    -0.000644995    -0.000682651
    -0.000441301    -0.000481562
      0.00239163      0.00205071
     -0.00036504    -0.000337931
    -0.000566131    -0.000586501
    -0.000600342    -0.000740881
    -0.000565582    -0.000688053
    -0.000602146    -0.000670322
    -0.000891376    -0.000853691
    -0.000875669    -0.000914836
    -0.000401478    -0.000147201
      0.00409488      0.00327022
     -0.00105482    -0.000935684
      0.00201642       0.0019772
      0.00253918      0.00236445
    -0.000635612    -0.000656931
    -0.000695913    -0.000674554
    -0.000507138    -0.000759939
    -0.000571635    -0.000582776
    -0.000574044    -0.000636029
      0.00440476      0.00389227
    -0.000788047    -0.000892712
      0.00327228      0.00309196
    -0.000749297    -0.000738397
    -0.000548418     -0.00071346
      0.00542953      0.00582757
     0.000397736     0.000324335
    -0.000490612    -0.000493104
    -0.000472778    -0.000456523
    -0.000571336    -0.000598911
    -0.000724976    -0.000764596
       0.0033701      0.00336412
    -0.000416343    -0.000658048
     -0.00062142    -0.000648219
    -0.000485217    -0.000478512
    -0.000742698    -0.000737306
    -0.000533276    -0.000531391
    -0.000510366    -0.000454147
    -0.000652607    -0.000585331
    -0.000537277     -0.00072169
    -0.000665503    -0.000647141
    -0.000852991     -0.00100436
    -0.000606517    -0.000665229
    -0.000515684    -0.000527993
       0.0208437       0.0216549
      5.3316e-05    -0.000103642
    -0.000396265    -0.000416061
     0.000636596     0.000160695
     0.000758547     0.000778967
    -0.000566262    -0.000577011
    -0.000732217    -0.000644173
    -0.000650911    -0.000659489
      0.00460739      0.00413458
    -0.000501959    -0.000680052
      0.00036372     0.000108253
    -0.000705115    -0.000755456
       0.0075207      0.00788229
    -0.000586701    -0.000624361
    -0.000771499    -0.000768564
    -0.000632054    -0.000785277
      0.00221209      0.00161636
    -0.000798853     -0.00081666
    -0.000784765     -0.00091374
    -0.000480152    -0.000465304
    -0.000124338    -0.000462499
    -0.000437667     -0.00043723
     0.000199777     0.000199834
    -0.000702204    -0.000662345
      0.00190817      0.00192442
    -0.000720618     -0.00075337
      0.00668765      0.00714668
      0.00891457      0.00908125
     0.000185146    -0.000209883
    -0.000714349    -0.000738232
     0.000168558    -0.000121085
      0.00154877     0.000987928
    -0.000786183    -0.000822076
    -0.000666343    -0.000866571
      0.00306544      0.00236238
      0.00344051      0.00278017
      0.00349691      0.00276439
    -0.000402729     -0.00069455
    -0.000523945    -0.000430443
    -0.000514202    -0.000739136
       0.0115615        0.010315
    -0.000398169    -0.000351449
      0.00737144      0.00694805
    -0.000718131    -0.000878019
      0.00118973     0.000769748
      0.00307413      0.00278025
     -0.00050808    -0.000504688
      0.00153156      0.00121924
    -0.000623678    -0.000656001
    -0.000737209    -0.000760094
    -0.000670223    -0.000714334
    -0.000570472    -0.000587417
    -0.000673716    -0.000669257
      0.00101008      0.00117582
    -0.000742181    -0.000860477
    -0.000701595     -0.00085776
    -0.000581656    -0.000548361
      0.00658436      0.00640625
    -0.000668413    -0.000641669
    -0.000853571    -0.000802619
    -0.000784409    -0.000875896
    -0.000551696    -0.000572092
    -0.000533539    -0.000559568
      0.00179495      0.00184029
      0.00387133      0.00358108
     0.000941206      0.00125896
    -0.000319226    -0.000485352
    -0.000701419    -0.000779993
    -0.000405607     -0.00038244
    -0.000246137    -0.000423791
    -0.000893371    -0.000981908
    -0.000529541    -0.000551073
    -0.000708862    -0.000715428
     0.000647703     0.000335544
     0.000466681      0.00048055
      0.00435532      0.00405121
      0.00292772      0.00320657
      0.00991899      0.00848733
    -0.000516824    -0.000540902
      0.00136907      0.00161253
     0.000992722     0.000678545
    -0.000442827    -0.000424555
     -0.00105925     -0.00106166
      -0.0002408     -0.00043439
    -0.000120292     0.000258748
    -0.000570542    -0.000583142
    -0.000656068    -0.000667839
      0.00913673       0.0101356
    -0.000366428    -0.000215114
    -0.000905926    -0.000948481
      0.00124071     0.000813339
     -0.00056005    -0.000576655
    -0.000594644    -0.000626292
    -0.000594046     -0.00062895
    -0.000370036    -0.000683491
     0.000330229     0.000355984
      0.00433931      0.00449326
     0.000132621    -4.12702e-05
    -0.000678746    -0.000731629
    -0.000572663    -0.000607775
      0.00137561     0.000819919
    -0.000539982    -0.000517028
    -0.000856594    -0.000920684
     0.000654379     0.000224744
    -0.000536202    -0.000503799
     -0.00059895    -0.000659471
    -0.000867059    -0.000970603
    -0.000721392    -0.000808782
    -0.000871768     -0.00100635
    -0.000803739    -0.000765585
      0.00353266      0.00362207
      0.00339929      0.00297925
    -0.000517316    -0.000526758
    -0.000712357    -0.000830174
      0.00212544      0.00268235
     -0.00043001    -0.000635375
    -0.000424053    -0.000428956
    -0.000881014     -0.00102259
     0.000548747     0.000782976
    -0.000531727    -0.000544603
    -0.000473505    -0.000539384
    -0.000874972    -0.000965975
    -0.000500327    -0.000674148
     -0.00072217    -0.000690007
     -0.00060573    -0.000598958
      0.00511908      0.00475333
    -0.000681654    -0.000608424
    -0.000548435    -0.000532844
      0.00643281      0.00548418
      0.00607915      0.00478967
    -0.000762579    -0.000843562
    -0.000527525    -0.000454811
      0.00176415      0.00238455
    -0.000640111     -0.00081866
    -0.000113538    -0.000270834
     0.000363491     0.000216144
     0.000236026     0.000365283
    -0.000725397     -0.00075868
    -0.000718155    -0.000833781
    -0.000518469    -0.000518331
    -0.000768662    -0.000901025
     0.000446762     0.000149634
     -0.00056259    -0.000574186
    -0.000662439    -0.000665047
      0.00447027      0.00482248
    -0.000482494    -0.000491055
       0.0023459      0.00223363
    -0.000808015    -0.000909181
      0.00243451      0.00210189
      -0.0009401     -0.00112333
      0.00430994      0.00428729
    -0.000162964     -0.00026118
     0.000957746     0.000843956
      0.00784891      0.00750175
    -0.000774728    -0.000889897
    -0.000686972    -0.000705449
       0.0014921      0.00157923
    -0.000733288    -0.000790068
      0.00769233      0.00741095
    -0.000691726    -0.000803821
      0.00277303      0.00261497
    -0.000704413    -0.000772533
      0.00187902      0.00200195
    -0.000675097    -0.000694677
      0.00910773      0.00871094
     0.000374242     0.000155613
     -0.00051522    -0.000518438
    -0.000801218    -0.000883806
      7.5459e-05    -7.18169e-05
    -0.000789813    -0.000865659
    -0.000615625    -0.000851529
      0.00192961      0.00127045
      0.00263071      0.00242806
      0.00508437      0.00416702
      0.00812969      0.00769518
    -0.000307062    -0.000523528
    -0.000835691    -0.000806077
    -0.000400814    -0.000536856
    -0.000479412    -0.000465605
    -0.000334735    -0.000549013
    -0.000825729    -0.000794621
    -0.000660447    -0.000693763
      0.00609939      0.00581365
    -0.000752551    -0.000836962
    -0.000373142    -0.000455329
      0.00163622      0.00159478
       0.0139743       0.0131782
    -0.000575828    -0.000750393
      6.6281e-05     -0.00015165
    -0.000724889    -0.000723018
    -0.000560868    -0.000595398
    -0.000963562     -0.00106232
    -0.000559223    -0.000588532
    -0.000257209    -0.000396316
    -0.000789817    -0.000931621
    -0.000576898    -0.000850696
     -0.00110189     -0.00106151
    -0.000632259     -0.00067326
    -0.000175838     -0.00044476
    -0.000266029     -0.00049209
    -0.000546023    -0.000567041
    -0.000249634    -0.000528942
      0.00349258      0.00330293
    -0.000165393    -0.000510601
    -0.000741479    -0.000842182
      0.00442883      0.00495551
    -0.000674809    -0.000744369
    -0.000535039    -0.000539146
    -0.000564769    -0.000592883
      0.00236063      0.00214182
    -0.000879971    -0.000934223
     0.000120625     9.44407e-05
    -0.000863675    -0.000935613
      0.00895426      0.00821149
    -0.000493455    -0.000490156
     -0.00055558    -0.000571418
    -0.000590235    -0.000638792
    -0.000668659     -0.00073123
     0.000416796     0.000468706
    -0.000551672    -0.000598339
     -0.00048569    -0.000505674
    -0.000115151     7.94635e-05
    -0.000911536    -0.000896293
    -0.000260485    -0.000533857
      0.00426016      0.00472024
       0.0016694      0.00151839
     -0.00064909     -0.00066551
       0.0077981      0.00780008
    -0.000753587    -0.000792967
    -0.000281386    -0.000297297
    -0.000727547    -0.000809021
    -0.000566128    -0.000567918
    -0.000541998    -0.000563424
    -0.000531518    -0.000537495
    -0.000301357    -0.000240956
    -0.000877225    -0.000998567
    -0.000683112    -0.000722148
    -0.000538825    -0.000562812
     -0.00054573    -0.000599143
    -0.000553417    -0.000573813
      0.00181725      0.00122438
    -0.000654817    -0.000680139
      0.00772492      0.00696448
    -0.000766992    -0.000701289
    -0.000797533    -0.000780832
    -0.000441686    -0.000437916
       0.0175911       0.0170861
    -0.000744693    -0.000801303
    -0.000904173    -0.000837274
    -0.000570706    -0.000594398
    -0.000896625    -0.000863701
     0.000347241     0.000545569
     -0.00103417     -0.00103848
    -0.000979675     -0.00102675
    -0.000797582    -0.000860632
    -0.000770599    -0.000663641
    -0.000859998    -0.000780067
    -0.000770913    -0.000848309
    -0.000628386    -0.000862094
    -0.000764227    -0.000757358
      0.00053352     1.70883e-05
     0.000601221     0.000359332
      0.00308996      0.00242871
    -0.000330464    -0.000490864
    -0.000888995    -0.000898071
    -0.000446526    -0.000384809
     0.000831076      0.00077456
    -0.000697157    -0.000754024
    -0.000854778    -0.000962614
    -0.000671597    -0.000693395
    -0.000513089    -0.000560245
    -0.000469808    -0.000469958
    -0.000307458    -0.000615047
     0.000141998    -6.38929e-05
    -0.000399086    -0.000401079
    -0.000614947    -0.000331902
      0.00546825      0.00490591
    -0.000579978    -0.000598622
       0.0106654      0.00980537
    -0.000623863    -0.000639299
    -0.000760481    -0.000713604
      0.00179076      0.00214069
    -0.000713521    -0.000729889
      0.00536341       0.0040444
    -0.000517095    -0.000546996
    -0.000539948    -0.000544924
    -0.000621489    -0.000652714
    -0.000536493    -0.000549587
    -0.000620638    -0.000619483
      0.00162357      0.00151327
      0.00651062       0.0060751
    -0.000853526    -0.000829204
    -0.000593715    -0.000665182
    -0.000520926     -0.00050834
       0.0100086       0.0103838
       0.0019986      0.00158892
       0.0048506      0.00433986
    -0.000340718    -0.000485606
      0.00294667      0.00328411
    -0.000389799     -0.00038063
       0.0190415       0.0186849
       0.0006922     0.000603841
    -0.000896252    -0.000884705
    -0.000609276    -0.000710427
    -0.000803926    -0.000782296
      0.00125201      0.00128083
      0.00279085      0.00282356
      0.00200375      0.00119813
    -0.000123304    -0.000533636
      0.00168208       0.0019529
    -0.000506902    -0.000505281
     -7.6765e-05    -0.000358046
      0.00107477      0.00100313
      0.00223538        0.002078
      0.00512838      0.00412117
    -0.000603866    -0.000630448
    -0.000955697     -0.00092216
    -0.000890663    -0.000994595
     -6.5647e-05    -0.000430111
     -0.00066582    -0.000725082
        0.002155      0.00215425
      5.2603e-05     -0.00018094
    -0.000509166    -0.000495269
    -0.000944889    -0.000935871
      0.00655588      0.00592976
     -0.00065355    -0.000692266
      0.00305941       0.0029688
    -0.000437615    -0.000429118
    -0.000868529    -0.000897498
    -0.000749202    -0.000800109
    -0.000397729    -0.000694634
    -0.000618154    -0.000631329
    -0.000767429    -0.000748442
    -0.000599797    -0.000653441
    -0.000185103    -0.000421437
    -0.000530583    -0.000621695
      0.00512505      0.00471817
     0.000278657    -0.000131081
      0.00363018      0.00310784
    -0.000514657    -0.000568875
    -0.000714375    -0.000658784
      0.00446948      0.00473888
    -0.000435994    -0.000423106
    -0.000624664     -0.00062516
    -0.000671109    -0.000696584
    -0.000225019    -0.000144075
    -0.000403651    -0.000455528
    -0.000353931    -0.000116098
      0.00528507        0.005339
      0.00163176      0.00127234
    -0.000585493    -0.000595832
    -0.000878218    -0.000960954
    -0.000687991    -0.000729175
    -0.000664213     -0.00068439
    -0.000377271     -0.00035047
       0.0025794      0.00212754
    -0.000973869      -0.0010975
     0.000642383      0.00035546
    -0.000164008    -0.000312487
    -0.000566405    -0.000545932
    -0.000443437    -0.000430391
    -0.000341701    -0.000586735
    -0.000209947    -0.000256302
    -0.000678831    -0.000724995
      0.00467715      0.00462645
       0.0107639      0.00881505
      0.00161349      0.00149652
    -0.000336125    -0.000349581
      0.00296855      0.00329878
       0.0138132       0.0127989
      0.00148727      0.00125646
    -0.000731769    -0.000818632
      0.00252578       0.0025549
    -0.000738944    -0.000769688
     0.000275267     0.000114357
    -0.000828753    -0.000880318
     0.000159881    -3.64117e-05
    -0.000703047    -0.000822801
      0.00376253      0.00513558
     -0.00103893    -0.000944572
    -0.000358616     -0.00048799
    -0.000822233    -0.000915113
     -0.00113281     -0.00110759
     -0.00063737    -0.000762344
    -0.000802673    -0.000879387
    -0.000576616    -0.000578666
      0.00016654     0.000112037
     0.000688535      0.00098633
    -0.000610096    -0.000589577
    -0.000692485     -0.00078529
     -0.00070446    -0.000754839
    -0.000763445    -0.000991004
      0.00026148     0.000160593
    -0.000667497    -0.000647823
      0.00550264      0.00495836
      0.00190226      0.00211192
      0.00102927     0.000651971
     -0.00111842    -0.000976585
      0.00290817      0.00283591
      0.00208247      0.00219677
       -0.000539    -0.000550339
    -0.000715739    -0.000788678
    -0.000405478    -0.000378785
    -0.000565541    -0.000576101
     0.000254012      0.00023924
      0.00216371      0.00203092
      0.00280555      0.00436313
      0.00543934      0.00475135
     -0.00054582    -0.000570112
     -0.00101109    -0.000933474
     -0.00047728    -0.000647296
    -0.000700267    -0.000689287
    -0.000806291    -0.000890798
    -0.000713299    -0.000703662
    -0.000744169    -0.000769306
    -0.000923412     -0.00092416
    -0.000127242    -0.000100185
    -0.000534995    -0.000552488
    -0.000705496      -0.0007314
      0.00764991      0.00727333
     0.000504591     0.000801051
     -0.00111208     -0.00113215
    -0.000574934    -0.000599856
    -0.000581981    -0.000551373
    -0.000810437      -0.0008784
    -0.000792555    -0.000756439
       0.0172262       0.0155574
    -0.000799109    -0.000948818
    -0.000771559    -0.000872302
     0.000201905     1.97651e-06
     0.000879285     0.000494745
    -0.000123448    -0.000120098
     -0.00048847    -0.000476146
    -0.000601594    -0.000679566
    -0.000327271    -0.000341811
    -0.000681127    -0.000669823
     0.000249869      6.7641e-05
    -0.000595304    -0.000654912
    -0.000404958     -0.00040532
    -0.000615438    -0.000724935
     -0.00073526    -0.000800733
     0.000505007     0.000454113
      0.00305928      0.00317335
      0.00374306      0.00326552
    -0.000756322     -0.00101062
     -0.00071153    -0.000847061
    -0.000614222    -0.000629149
     0.000884384     0.000521572
    -0.000471031    -0.000427094
     -0.00054888     -0.00055086
       0.0022691      0.00233211
    -0.000675883    -0.000875973
    -0.000562991    -0.000678659
    -0.000773697    -0.000879174
     -0.00075728    -0.000796168
     0.000867334     0.000550038
    -0.000539006    -0.000541547
    -0.000342927    -0.000356236
      0.00205722      0.00235422
       0.0109124      0.00931473
    -0.000651923    -0.000679439
      0.00164493      0.00137552
     -0.00069733    -0.000719967
    -0.000541837    -0.000641054
       0.0118103       0.0126585
     0.000350839     0.000155572
    -0.000537391    -0.000476153
    -0.000115326    -0.000383654
     -0.00066368        -0.00067
      0.00217677      0.00208397
    -0.000595263    -0.000749103
    -0.000853581    -0.000843983
     -0.00035113     -0.00044722
    -0.000880996      -0.0011295
      0.00260041      0.00296656
      0.00774145       0.0074849
    -0.000681816     -0.00083298
    -0.000651319    -0.000696953
    -0.000779222    -0.000884852
      0.00803041      0.00944724
    -0.000714495     -0.00075555
    -0.000640863     -0.00082145
      0.00779031      0.00798371
    -0.000726203    -0.000703387
    -0.000570741     -0.00060032
      0.00138418      0.00136978
    -0.000726638    -0.000777133
    -0.000782245    -0.000912098
    -0.000491359    -0.000827393
    -0.000513402    -0.000734817
    -0.000721554    -0.000775677
    -0.000455761    -0.000449804
      0.00224099      0.00246249
      0.00105987      0.00078075
    -0.000655471    -0.000707465
      0.00492876      0.00540225
     -0.00075666    -0.000820423
      0.00269217      0.00231686
    -0.000638631    -0.000690401
      0.00147036      0.00200573
       0.0180253       0.0179832
      0.00367397      0.00376509
    -0.000911507    -0.000850252
    -0.000818153    -0.000913701
      0.00039796      0.00028374
    -0.000252005    -0.000390632
    -0.000512259    -0.000629424
     -0.00082924    -0.000882083
      0.00788137      0.00770967
       0.0053614        0.004992
    -0.000614863    -0.000617251
      0.00415216      0.00325344
    -0.000650767    -0.000674036
      0.00131563     0.000619125
    -0.000745329    -0.000572024
    -0.000746344    -0.000744782
    -0.000261833    -0.000544586
     -0.00059267    -0.000631097
      0.00565191      0.00561636
    -0.000689377    -0.000692047
    -0.000570636    -0.000590916
      0.00119103     0.000935468
    -0.000509884    -0.000553755
    -0.000614523    -0.000919754
    -0.000435511    -0.000412349
    -0.000644213    -0.000671079
    -0.000723743    -0.000790269
    -0.000609602     -0.00064012
     -6.4293e-05     5.03029e-05
     0.000425081     8.25712e-05
    -0.000499963    -0.000456293
      0.00551307      0.00611008
     0.000403509     0.000477687
    -0.000559502    -0.000561852
    -0.000565045    -0.000592197
      0.00266598      0.00252126
     -0.00114414     -0.00105456
     -6.3203e-05    -6.34892e-05
     0.000478427     0.000330175
    -0.000770219     -0.00096573
       0.0130276       0.0121461
    -0.000500492    -0.000543429
    -0.000557135    -0.000601404
    -0.000701015    -0.000796576
      0.00478845      0.00531753
    -0.000312513    -0.000347068
      0.00105301       0.0010479
      0.00375126      0.00304802
    -0.000696863    -0.000718504
      0.00248835      0.00259747
      0.00989584      0.00950632
    -0.000556404    -0.000565826
    -0.000483266    -0.000484343
       0.0067344      0.00508357
    -0.000719079    -0.000741776
     -0.00047869     -0.00048168
       0.0010932      0.00128299
     0.000676051     0.000360154
     0.000929791     0.000628087
    -0.000521468    -0.000531035
      0.00355658      0.00329757
      0.00625555      0.00518577
      0.00407088      0.00366746
     -0.00072325    -0.000680752
    -0.000587712    -0.000551045
      0.00329419      0.00351069
       0.0036712      0.00277471
       0.0018343       0.0012801
    -0.000488106    -0.000494134
    -0.000713331    -0.000764779
    -0.000104996    -0.000300327
      0.00348051      0.00257589
    -0.000434659    -0.000420553
      0.00364171       0.0031913
    -0.000476257    -0.000531309
    -0.000629845    -0.000650407
       0.0121285       0.0112806
    -0.000104688    -0.000149295
       0.0209213        0.022636
    -0.000497084    -0.000446794
    -0.000524047     -0.00054268
    -0.000851048    -0.000921471
    -0.000289597    -0.000170201
     0.000814352      0.00111851
    -0.000841132    -0.000893515
    -0.000540711    -0.000622282
       0.0022307      0.00239433
      0.00431563      0.00476619
     -0.00027273    -0.000271523
     -0.00104178      -0.0010663
    -0.000469876    -0.000476297
    -0.000626756     -0.00061534
    -0.000651448    -0.000685959
    -0.000991646    -0.000987595
    -0.000586867     -0.00059066
      0.00362252      0.00357165
    -0.000516251    -0.000544288
      0.00844443      0.00784702
    -0.000845783    -0.000988072
    -0.000901062     -0.00099617
    -0.000893333     -0.00097776
    -0.000285674    -0.000315495
     0.000545467     0.000583883
      0.00107055     0.000810758
    -0.000527121    -0.000434984
    -0.000917786     -0.00101299
    -0.000773246    -0.000835412
      0.00221243      0.00232461
    -0.000651223    -0.000682605
    -0.000851488    -0.000832515
      0.00255223      0.00270424
    -0.000427372    -0.000438461
    -0.000634713    -0.000689852
     -0.00100627     -0.00100966
     0.000851085     0.000755099
    -0.000782937    -0.000837155
     0.000441056     0.000596345
       0.0171427       0.0155969
      0.00261221      0.00253186
    -0.000533104    -0.000556383
    -0.000487669    -0.000505612
    -0.000654224    -0.000689329
    -0.000282987    -0.000373291
    -0.000751514    -0.000791731
      0.00935703      0.00829903
    -0.000496474    -0.000648962
    -0.000579809    -0.000583599
      0.00356297      0.00335123
    -0.000535267    -0.000580475
    -0.000713103    -0.000737724
      0.00209475      0.00151234
       0.0062908      0.00648956
    -0.000196543    -0.000318953
     0.000826276     0.000428649
      0.00287187       0.0024331
    -0.000768076    -0.000837391
     0.000960308     0.000364408
     -0.00066652    -0.000780982
    -0.000647144    -0.000691631
    -0.000772273    -0.000745297
    -0.000607766    -0.000632024
     -0.00082696    -0.000795796
    -0.000855119    -0.000961328
     0.000319452     0.000349261
    -0.000807276    -0.000818678
    -0.000436862    -0.000671986
      0.00717392      0.00638594
    -0.000518506    -0.000504354
    -0.000467896    -0.000446914
      0.00106625     0.000848471
    -0.000475114    -0.000303245
       0.0043305      0.00428359
    -0.000944927     -0.00105637
    -0.000929848    -0.000953872
      0.00527738      0.00478393
    -0.000723228    -0.000733583
      0.00275654       0.0025295
      0.00582362      0.00626533
       0.0142568       0.0140047
      0.00183862      0.00132265
      0.00137207      0.00102481
      0.00049632       0.0005019
    -0.000517401    -0.000479168
      0.00297467      0.00319364
     -0.00107671     -0.00102788
    -0.000489502    -0.000459879
    -0.000526046    -0.000478014
     0.000918532     0.000749161
      -0.0006566    -0.000687167
    -0.000775721    -0.000871056
     0.000167706    -0.000142129
    -0.000655949    -0.000612321
      0.00623475      0.00692852
     -0.00077121    -0.000767534
    -0.000884893    -0.000892933
     0.000696047     0.000620145
      0.00163001      0.00183069
      0.00391302      0.00374747
    -0.000559138    -0.000576769
        0.007312      0.00580901
    -0.000610452    -0.000641155
      0.00410324       0.0032162
     0.000787845     0.000796353
    -0.000780809    -0.000885406
    -0.000417771    -0.000539219
    -0.000794246    -0.000697812
    -0.000414297    -0.000396124
      0.00108372     0.000962903
    -0.000856516     -0.00091378
    -0.000882409     -0.00085971
    -0.000346538    -0.000318374
    -0.000572158    -0.000616156
      0.00291774      0.00268456
    -0.000511435    -0.000796556
     0.000240376      0.00019856
    -0.000782652    -0.000947636
     -8.0961e-05    -0.000182072
    -0.000848391    -0.000905191
    -0.000747697    -0.000844443
      0.00389945      0.00396445
    -0.000547769    -0.000552039
       0.0136247       0.0122581
     0.000582073     0.000723254
      7.9589e-05    -3.14777e-05
    -0.000623586    -0.000636245
    -0.000684155    -0.000845616
    -0.000641511    -0.000643528
    -0.000840234    -0.000818739
    -0.000795279    -0.000870478
      0.00348674      0.00328434
      0.00012193    -0.000376457
    -0.000328624    -0.000299895
     -0.00070817    -0.000737833
    -0.000684587    -0.000718108
     0.000636556     0.000526093
       0.0128999        0.012409
     0.000755243     0.000704673
    -0.000465112    -0.000453051
    -0.000174623    -0.000214033
      0.00228793      0.00214839
    -0.000344168    -0.000315072
    -0.000618471    -0.000454847
     0.000396767     0.000300246
    -0.000645452    -0.000677469
      0.00631861      0.00643482
     0.000295125     0.000331312
    -0.000836886    -0.000807165
      0.00105279     0.000586227
      0.00369136      0.00318123
    -0.000847728    -0.000938856
     0.000710549      0.00105218
       0.0142833       0.0142607
    -0.000642371    -0.000694098
    -0.000532999    -0.000547351
    -0.000772745    -0.000774232
    -0.000685336     -0.00087727
    -0.000695651    -0.000788465
     -0.00102209    -0.000973984
    -0.000875814    -0.000811321
    -0.000567006    -0.000465421
    -0.000649599    -0.000655084
       0.0068175      0.00627817
    -0.000645105    -0.000661191
    -0.000907414     -0.00109003
    -0.000773703    -0.000831749
    -0.000525215    -0.000538556
      0.00195946      0.00132326
      0.00156329      0.00124831
      0.00253118      0.00260609
     -0.00021966    -0.000318433
    -0.000380844    -0.000367578
    -0.000626212    -0.000661241
    -0.000367665    -0.000633948
