QM Energy	FF Energy
     -0.00119131     -0.00101427
    -0.000644766    -0.000645495
      -0.0124957       -0.014289
     -0.00111801     -0.00121556
      -0.0108991      -0.0104982
     0.000160108    -0.000108932
     -0.00176154     -0.00201619
     -0.00151842     -0.00174905
      4.0414e-05     -5.5627e-06
      -0.0111269      -0.0106521
    -0.000231689    -0.000350272
    -0.000689559     -0.00075731
     0.000873523     0.000411451
      0.00020568     0.000120195
    -0.000422858    -0.000431717
    -0.000279078    -0.000497742
    -0.000156793    -0.000164156
    -0.000258891    -0.000167858
     0.000727163     0.000581706
    -0.000983996     -0.00116432
     -0.00478316      -0.0037477
    -0.000833197    -0.000891535
     -0.00219282      -0.0021393
     0.000165752     0.000154584
      -0.0119523      -0.0112245
     -0.00102068     -0.00108349
     -0.00109422    -0.000976273
    -0.000864497    -0.000946939
     -0.00134596     -0.00135434
    -0.000781049    -0.000808708
    -0.000554828    -0.000460437
    -0.000264707    -0.000265025
     -0.00162471     -0.00139487
     -6.2192e-05    -0.000178057
     -0.00273235     -0.00312421
    -0.000343603    -0.000467021
     -0.00107085     -0.00107089
    -0.000772855    -0.000712395
      0.00105701     0.000727077
     0.000350475     0.000340553
     -0.00140257     -0.00137921
     -0.00679806     -0.00669126
      -0.0058915     -0.00623942
    -0.000440466    -0.000368671
       -0.012071      -0.0107785
     -0.00461472     -0.00469475
    -0.000483693    -0.000593866
     -0.00415305     -0.00424194
     -0.00190711     -0.00187052
      -0.0126223      -0.0129248
     -0.00125181     -0.00124793
    -0.000902081     -0.00151142
      -0.0196456      -0.0192735
      7.9626e-05    -0.000118141
      -0.0010274    -0.000838778
     -1.3256e-05    -2.25512e-05
    -0.000207664    -0.000171648
      -0.0127099      -0.0127918
     -0.00330614     -0.00299518
     -0.00147778     -0.00146227
     -0.00138573     -0.00197053
     -0.00107037    -0.000932636
     -0.00151389     -0.00147367
     -0.00222731     -0.00240814
     -0.00114467     -0.00123986
     -0.00240344     -0.00197712
     -0.00398227     -0.00345839
      5.4806e-05    -1.01479e-06
      -0.0140777      -0.0136697
    -0.000303672    -0.000467434
    -0.000156217    -0.000133536
    -0.000993142     -0.00110569
     -0.00125428     -0.00132621
     0.000669049     0.000561456
    -0.000549515    -0.000586834
     0.000417864     0.000277043
     -0.00323683     -0.00305364
    -0.000729123    -0.000948704
     -0.00149915     -0.00118334
       2.878e-05     7.63187e-05
     -0.00197003     -0.00212676
     -0.00123381     -0.00106795
     -0.00514637     -0.00528819
      -0.0125152      -0.0128174
    -0.000611633    -0.000403553
     -0.00349847     -0.00383851
     0.000451668     0.000394131
    -0.000278997    -0.000259173
     -0.00607929     -0.00640183
     0.000329837    -2.75882e-06
     -0.00113119     -0.00118803
     0.000343244     0.000294151
     -0.00795354     -0.00810201
    -0.000465828    -0.000589881
     -0.00406598     -0.00365042
      -0.0025739     -0.00270828
     -0.00367044     -0.00386406
     0.000179804    -0.000194207
      -0.0201293      -0.0194082
     0.000503322     0.000256686
      -0.0119961      -0.0120633
     -0.00620884     -0.00578642
      3.2448e-05     1.40953e-05
    -0.000533235     -0.00050222
    -0.000655198    -0.000731184
      -0.0152617      -0.0146993
     -0.00724343     -0.00722889
     0.000138533     7.17439e-05
     -0.00113633       -0.001115
     -0.00429322     -0.00385035
     -7.9919e-05    -0.000172101
     -0.00693247     -0.00770896
     -0.00918164     -0.00859623
     -5.4633e-05    -6.92756e-05
     -7.2932e-05    -7.49419e-05
       4.587e-06    -0.000103866
    -0.000834978     -0.00074188
     -0.00667278     -0.00513573
     -0.00314805     -0.00294661
     0.000261334     0.000181988
     -0.00307452     -0.00304581
    -0.000185886    -0.000156158
    -0.000969983     -0.00138703
      0.00117827     0.000978249
     -0.00128855     -0.00088378
     -0.00394182     -0.00381388
     -0.00336546      -0.0031767
    -0.000927473    -0.000863512
    -0.000713603     -0.00084029
    -0.000971338    -0.000879911
     -0.00394995     -0.00457192
     0.000149207     7.77581e-05
     -0.00426044     -0.00357993
    -0.000520447    -0.000543882
    -0.000169696    -0.000286375
    -0.000964181    -0.000860382
     -0.00169825     -0.00155189
     -0.00210944      -0.0022052
    -0.000545533    -0.000464753
    -0.000304538    -0.000412329
     -0.00179962     -0.00202631
      -0.0123351      -0.0120573
    -0.000815807    -0.000671516
     -0.00122466     -0.00115179
     -0.00099601     -0.00104192
    -0.000757264    -0.000575775
     0.000289072     0.000237623
    -0.000599056    -0.000433809
    -0.000453638    -0.000404565
      -0.0104748      -0.0085243
    -0.000691426     -0.00100426
     -0.00108022    -0.000789191
     0.000197191     2.48645e-05
      -0.0100629      -0.0105124
     -0.00210481     -0.00192819
     -0.00634986     -0.00657212
    -0.000326991    -0.000374233
     0.000211843     0.000138135
      -0.0025794     -0.00295739
     -0.00280199     -0.00277547
    -0.000102916    -0.000141642
      -0.0041122      -0.0037742
     -0.00663856     -0.00625784
    -0.000624527    -0.000570326
       -0.025173      -0.0228628
     -0.00142868     -0.00124107
      -0.0131954       -0.013008
    -0.000641963    -0.000324679
    -0.000185077    -8.38026e-05
     -0.00146885     -0.00195392
     -0.00939626     -0.00964008
     -0.00710532     -0.00635233
     0.000135517     0.000109723
     -0.00115827     -0.00153353
     -0.00166728     -0.00139622
     -0.00639645     -0.00659291
       -0.012618      -0.0129578
    -0.000417933    -0.000410071
     -0.00132637     -0.00195942
     -0.00166146     -0.00181074
     -0.00186674     -0.00185348
    -0.000758621    -0.000564849
    -0.000722224    -0.000368728
     -0.00495655     -0.00561525
     -0.00105277    -0.000990989
    -0.000946773      -0.0010046
    -0.000826048     -0.00072952
     -0.00276205     -0.00280613
     -0.00726509     -0.00741231
    -0.000671575    -0.000993245
      0.00033667     0.000209913
    -0.000632782     -0.00033719
     -0.00499542     -0.00568973
     -0.00200948      -0.0020682
    -0.000575158    -0.000473236
    -0.000676996     -0.00057275
      5.9368e-05    -7.09905e-05
     -0.00837993     -0.00852904
    -0.000190996    -0.000233627
     -0.00288235     -0.00260254
     -0.00107873    -0.000786004
     -0.00656156     -0.00658712
     -6.8771e-05    -0.000238073
    -0.000745677    -0.000658564
    -0.000590449    -0.000443989
     -0.00343026     -0.00393727
    -0.000318244    -0.000291325
     0.000538061     0.000280568
     -0.00147908     -0.00119181
     -0.00688237     -0.00713608
     -0.00343074     -0.00338581
     -9.7703e-05      -0.0001021
     -0.00420329     -0.00429609
     -0.00427603     -0.00473125
    -0.000570084    -0.000524295
     -0.00884322     -0.00902053
    -0.000384267     -0.00037471
    -0.000358843    -0.000386978
     -0.00468421     -0.00508619
     0.000162642     7.16973e-05
    -0.000284966    -0.000134178
    -0.000591855    -0.000657749
    -0.000836205     -0.00084219
     -0.00123597     -0.00140676
    -0.000479001    -0.000348777
      -0.0147581       -0.012514
     -5.6077e-05     -0.00014098
     -0.00634099     -0.00533602
    -0.000649941    -0.000797858
    -0.000704699    -0.000626602
      -0.0136964      -0.0125929
     -0.00246678     -0.00336959
    -0.000644652     -0.00102863
      -0.0021623     -0.00191723
     -0.00194691     -0.00181791
    -0.000486429    -0.000492006
     -0.00045942    -0.000829399
    -0.000888333    -0.000796505
    -0.000969725     -0.00105763
     0.000185915     8.51833e-06
     -0.00245151     -0.00232027
      -0.0106409      -0.0103757
      -0.0124593      -0.0105529
     -2.9163e-05    -0.000362617
      -2.897e-05    -0.000291889
    -0.000363556    -0.000497743
    -0.000538117    -0.000594124
     -0.00332379     -0.00353353
     -0.00161811     -0.00158819
     0.000812592     0.000478585
     -0.00167413     -0.00181687
     -0.00165025     -0.00167522
     -0.00239304     -0.00316086
     0.000422275     0.000307545
     -0.00881737     -0.00947702
     -0.00842915     -0.00844903
       -0.012785       -0.012088
     -0.00293101     -0.00270067
      0.00035128     0.000144049
    -0.000195478    -0.000269069
     -0.00324284      -0.0025159
     -0.00029104    -0.000382585
    -0.000159339    -0.000401541
     -0.00169051     -0.00202517
     0.000376898     0.000255621
     -0.00264728     -0.00257595
     -0.00228307     -0.00249791
    -0.000403281    -0.000440604
     -0.00081767     -0.00132606
    -0.000210071    -0.000173635
     -0.00031035    -0.000428557
    -0.000344034    -0.000259455
    -0.000660548    -0.000906702
     -0.00134072     -0.00143022
      -0.0050061     -0.00374327
     -0.00676935     -0.00583532
     -0.00428673      -0.0037713
    -0.000585252    -0.000720665
     -0.00215864     -0.00291967
     0.000173604    -0.000120869
      1.7894e-05    -9.56633e-05
    -0.000656444    -0.000638877
    -0.000437407    -0.000326457
    -0.000419245    -0.000405351
     -0.00192135     -0.00241747
     0.000183111     0.000140563
    -0.000957687    -0.000930177
    -0.000895072    -0.000757559
    -0.000793831     -0.00119003
     -0.00918605     -0.00937626
     -0.00105963    -0.000894436
      3.1443e-05     -6.4574e-05
     -0.00423967     -0.00403731
     -0.00099015      -0.0017411
     -0.00297783     -0.00326556
      0.00054352     0.000416483
     -0.00290613     -0.00340865
      -0.0152906        -0.01618
    -0.000597284    -0.000731616
    -0.000113227    -0.000103075
     -0.00125225     -0.00175816
     -0.00138419     -0.00141301
     -0.00864312      -0.0074504
     -0.00108323    -0.000947202
    -0.000742847    -0.000708858
    -0.000600446    -0.000550223
     -0.00177425     -0.00128414
     -0.00211024     -0.00156421
     -0.00105981     -0.00106769
     -0.00140476     -0.00184424
     -0.00335118     -0.00397124
     -0.00151186     -0.00135166
    -0.000892432       -0.001011
     0.000535798     0.000132035
     0.000547792     0.000337058
     -0.00577196     -0.00620269
     -6.9485e-05     -7.7939e-05
     -0.00200845     -0.00178985
    -0.000717875    -0.000678989
    -0.000812741    -0.000788672
     -0.00127967     -0.00142333
     -0.00542242     -0.00570782
     -0.00165193     -0.00205411
     0.000850871     0.000555465
     -0.00302054     -0.00310933
      -0.0053761     -0.00569654
    -0.000818106    -0.000601594
    -0.000731893    -0.000683684
    -0.000761459    -0.000832501
     -0.00138763     -0.00179065
      -0.0003828    -0.000417499
     -0.00686152      -0.0069198
     -0.00110671     -0.00125236
    -0.000661704    -0.000848835
      -0.0012304      -0.0013584
    -0.000306063     -0.00020002
     -6.1077e-05    -2.36318e-05
      -0.0109046     -0.00826642
     -0.00257455     -0.00260156
    -0.000872573    -0.000714994
     -0.00724825     -0.00715855
    -0.000490035    -0.000932803
     0.000401161     0.000251661
     -0.00114975    -0.000999778
      -0.0192266      -0.0186937
    -0.000387798    -0.000398598
     -0.00163194     -0.00145563
     -0.00936198     -0.00944867
    -0.000286197    -0.000539374
     -0.00138056      -0.0013782
    -0.000985866      -0.0005792
    -0.000286685    -0.000342262
      0.00028684     0.000163245
     -0.00506154     -0.00450137
     -0.00536963     -0.00585363
     -0.00026335    -0.000371953
    -0.000679431     -0.00068592
     -0.00379494     -0.00351212
    -0.000407496    -0.000355255
     0.000297566     0.000210858
    -0.000566668    -0.000340255
     -0.00313282     -0.00308768
     -0.00143858     -0.00155626
      0.00110248     0.000927518
     -0.00244574     -0.00249654
     -0.00430879     -0.00439835
     -0.00385625     -0.00309473
    -0.000938517     -0.00111323
     -0.00506044     -0.00495451
    -0.000918079    -0.000773037
      2.0253e-05    -1.64363e-05
      5.8266e-05     -0.00031098
     -0.00148531     -0.00154238
    -0.000346528    -0.000330775
     -0.00555042     -0.00534742
     0.000896816     0.000586925
     -0.00234655     -0.00288525
     -0.00219025     -0.00263505
     -0.00442647      -0.0051294
     -0.00277041     -0.00251977
    -0.000507281    -0.000957021
    -0.000931467     -0.00100346
      -0.0013477      -0.0010514
    -0.000526876    -0.000462474
     0.000171642    -4.63017e-05
      -0.0119734      -0.0112914
    -0.000277132    -0.000151903
    -0.000288307    -0.000215987
      -0.0007461    -0.000845677
      1.3999e-05    -7.00799e-05
     -0.00115603     -0.00134138
       0.0002879     2.89736e-05
       0.0006359     0.000414877
     -2.5947e-05    -0.000117973
     -0.00150859     -0.00165371
     -0.00082972    -0.000655699
     -0.00106061     -0.00102179
     -0.00333456     -0.00374091
      -0.0141482      -0.0126476
        -0.00716     -0.00723483
     -0.00389568     -0.00423312
     -0.00101263     -0.00149647
     -0.00021237    -0.000156334
     -0.00203037      -0.0022942
     -0.00118985     -0.00148385
     -0.00732131     -0.00665891
     -0.00657176     -0.00575477
     -0.00217436     -0.00215987
     -0.00184622     -0.00175743
     -0.00532627     -0.00524955
    -0.000275677    -7.14409e-05
     -0.00115916     -0.00100877
      -0.0101079      -0.0103988
    -0.000960576    -0.000857748
     -0.00504003     -0.00523575
     -0.00435997     -0.00385506
     -0.00046374    -0.000313967
    -0.000504567    -0.000608886
     -0.00421623     -0.00344956
    -0.000442771    -0.000462561
     -0.00034729    -0.000292564
    -0.000145482    -0.000174725
     -0.00187569     -0.00223376
     -0.00040176    -0.000387617
     -0.00771017     -0.00755547
     -0.00423432     -0.00398704
      -0.0079345     -0.00811546
    -0.000133751    -0.000252768
      -0.0232637      -0.0226177
     -0.00016645    -0.000147155
    -0.000103721    -0.000151684
    -0.000344528    -0.000429126
     -0.00598483     -0.00616583
     -0.00662272     -0.00730526
    -0.000697357    -0.000667253
      -0.0004202    -0.000612243
      0.00113232     0.000723145
     -0.00292181     -0.00279816
     -8.8217e-05    -0.000204499
     -0.00142455       -0.001662
     0.000196729     0.000103607
    -0.000688112    -0.000908339
    -0.000162507    -0.000146295
     -0.00757052     -0.00759972
     -0.00206156     -0.00224981
     0.000641124     0.000512079
     0.000329299     0.000170085
     -0.00159327     -0.00149112
    -0.000337959    -0.000348952
     -0.00258661     -0.00275891
     -0.00059743    -0.000745777
    -0.000180197    -0.000125651
     -0.00237435     -0.00205457
    -0.000822493    -0.000568639
      -0.0135485      -0.0141996
     0.000103127     8.85496e-05
     -0.00221503      -0.0026077
    -0.000919356     -0.00134053
     -0.00742642     -0.00728305
    -0.000189004    -0.000211971
      -0.0017782     -0.00189966
     -0.00053203    -0.000721826
     0.000524177     0.000415494
    -0.000681747    -0.000679659
    -0.000429308    -0.000371999
     -0.00395892      -0.0043363
    -0.000343349    -0.000276934
     -0.00335941     -0.00332861
     -0.00499022     -0.00429974
     -0.00166901     -0.00163213
    -0.000151666    -0.000220212
     -0.00111062     -0.00124221
    -0.000277695    -0.000381821
     -0.00144317     -0.00156905
     -0.00994202     -0.00877568
    -0.000375272    -0.000315854
     -0.00163992     -0.00158605
    -0.000917358    -0.000904512
     -0.00523692     -0.00644893
      -0.0011918     -0.00123577
    -0.000701839    -0.000362607
    -0.000645562    -0.000703065
     -0.00266213     -0.00278118
      -0.0131666      -0.0122725
      -0.0075436     -0.00768375
      -0.0030859      -0.0033599
     -0.00461577     -0.00428912
     -0.00497892     -0.00449545
      2.0934e-05    -3.08846e-05
     -0.00230303     -0.00172465
    -0.000808165    -0.000849542
     -0.00374156     -0.00519747
     -0.00293008     -0.00298034
     -3.6296e-05    -0.000101167
     -0.00615001     -0.00651341
    -0.000381575     -0.00050844
    -0.000963558    -0.000966331
    -0.000435857    -0.000583821
     -0.00145804     -0.00150471
    -0.000372565    -0.000559311
    -0.000144118    -0.000236861
     -0.00218368      -0.0020028
    -0.000511628    -0.000551403
    -0.000821778    -0.000639361
    -0.000264364    -0.000244772
    -0.000530877    -0.000481065
      0.00063247     0.000220472
    -0.000231841    -0.000375369
      -0.0109724      -0.0113164
    -0.000359265    -0.000468158
      0.00108757     0.000789999
    -0.000948379    -0.000793447
     -0.00178002     -0.00217207
     -0.00309718     -0.00314291
    -0.000353245    -0.000365596
    -0.000190817    -0.000186513
     -0.00035722    -0.000350506
     -0.00255812     -0.00259987
    -0.000731811    -0.000871539
     -0.00144465     -0.00144099
    -0.000211304    -0.000188429
     -0.00115753     -0.00169447
    -0.000667616    -0.000825409
     -0.00132814      -0.0011874
     -0.00101538    -0.000960961
     -3.8074e-05     -0.00052076
    -0.000154469    -0.000152693
      -0.0011019     -0.00117059
    -0.000263745    -0.000173742
     -0.00515221     -0.00481779
     -0.00103799    -0.000657491
      -0.0217863       -0.020799
    -0.000572901    -0.000964774
     -0.00104295    -0.000937634
     0.000285954     0.000143389
    -0.000210314    -0.000226521
     -0.00630675     -0.00616401
     -0.00760547      -0.0067489
     0.000714234     0.000566082
     -0.00384701      -0.0034098
      -0.0062006     -0.00689056
     -0.00675197      -0.0066724
     -0.00944201     -0.00977451
     -0.00101115    -0.000723305
    -0.000130783    -0.000169259
     -0.00253109     -0.00245878
     0.000238827     0.000227704
     0.000475796     0.000282022
      -0.0106287      -0.0100482
    -0.000714761    -0.000652389
      6.4094e-05      2.5101e-05
     -0.00403704     -0.00398393
     -0.00440274      -0.0041623
     -0.00509457     -0.00528802
     -0.00262113     -0.00177504
    -0.000422323    -0.000490023
    -0.000341014    -0.000394202
     -0.00207057     -0.00209518
     -0.00134991     -0.00145621
      -0.0117893      -0.0132136
      -0.0011941     -0.00124639
      -0.0047334     -0.00433831
     -0.00227133     -0.00180733
     -0.00182048      -0.0019201
     -0.00863496     -0.00708372
     -0.00517937      -0.0054085
     -0.00169866     -0.00161356
     -0.00186582     -0.00188366
     -0.00162499     -0.00164426
     -0.00391723     -0.00454815
      -0.0108831      -0.0118763
     -0.00359305      -0.0035172
     0.000451385      0.00012303
     -0.00459726      -0.0040318
     -0.00685645     -0.00615433
      -2.653e-05    -0.000136113
     0.000660723     0.000433171
      -3.302e-06    -9.10832e-05
     -0.00896598     -0.00896882
    -0.000568779    -0.000499865
     -0.00467821     -0.00423685
    -0.000181848    -0.000213977
    -0.000266719    -0.000249462
    -0.000268683    -0.000229114
     -4.3134e-05    -0.000272626
    -0.000404131    -0.000488117
     -0.00136448     -0.00137603
     -0.00070944    -0.000447025
     -9.9089e-05    -9.47117e-05
     -0.00189577     -0.00194907
     -0.00968277     -0.00979043
     -0.00118676     -0.00118004
     -0.00376772     -0.00453461
    -0.000796202     -0.00118604
      3.2813e-05    -0.000315144
     -0.00102472    -0.000670847
    -0.000401753    -0.000271196
      0.00071903     0.000571455
    -0.000156299    -0.000346451
    -0.000737176    -0.000734528
    -0.000579561    -0.000752651
    -0.000910719     -0.00116023
    -0.000155224    -0.000208153
    -0.000528683     -0.00058542
     0.000834789     0.000498027
      -0.0188324      -0.0179642
     -0.00154232     -0.00199219
      -0.0192409      -0.0179163
     -0.00196852     -0.00200595
     -0.00537257     -0.00526554
     -0.00164734     -0.00139591
     -0.00385931     -0.00443349
     0.000174312     0.000151454
     -0.00111824    -0.000856311
     -0.00479115     -0.00488575
     -0.00526533      -0.0045226
     -0.00528187     -0.00530817
    -0.000383143    -0.000426163
     -0.00135243     -0.00146942
     -0.00522931     -0.00473256
     -0.00141279     -0.00156405
        -0.00194     -0.00160546
      -0.0092335     -0.00954612
     -0.00746975     -0.00758416
    -0.000197443    -0.000246182
     -0.00405699     -0.00454399
    -0.000402199    -0.000515304
    -0.000439304    -0.000600109
     -0.00080906    -0.000578659
     -7.0929e-05    -0.000517264
     -0.00631945      -0.0069364
    -0.000645862    -0.000654029
      -0.0044613     -0.00532205
    -0.000638864    -0.000539109
     -0.00790967     -0.00827085
     -0.00259767     -0.00280613
     -0.00097921     -0.00124805
      -0.0113399      -0.0108902
     -0.00717251     -0.00713911
     -0.00348524     -0.00363015
      -0.0102742      -0.0110716
    -0.000308583    -0.000259071
     0.000198927     4.82743e-05
     -0.00174338     -0.00238877
    -0.000261479    -0.000261456
     -0.00235665     -0.00315209
     -0.00747087     -0.00634938
     0.000499874     0.000429633
     -0.00163646     -0.00151105
     -0.00150087     -0.00168194
    -0.000601642    -0.000873547
    -0.000444749    -0.000430717
     -0.00844481     -0.00822721
    -0.000303524    -0.000252253
    -0.000256898    -0.000219252
     -0.00265584     -0.00297284
    -0.000469215    -0.000558212
     -0.00088805    -0.000775895
     -0.00591251     -0.00664267
      -0.0018797     -0.00205673
    -0.000770731    -0.000418665
     -0.00190458     -0.00231158
    -0.000672629    -0.000678428
        1.84e-06    -4.74762e-05
     -4.6008e-05    -0.000492926
     -1.8698e-05    -7.28287e-06
      5.3534e-05    -0.000471759
     -0.00209974     -0.00195916
     0.000620424     0.000535383
     -0.00231059     -0.00258602
    -0.000197454    -0.000261893
     -0.00129009     -0.00143661
      -0.0103797      -0.0104174
    -0.000266396    -0.000291998
     -0.00286309     -0.00288997
     -0.00456156     -0.00507829
     -0.00169999     -0.00208351
    -0.000424896    -0.000404692
     -0.00140732     -0.00113337
     -0.00410935      -0.0041988
    -0.000286552    -0.000633159
    -0.000263722    -0.000415209
      -0.0106705      -0.0105673
     -0.00164372     -0.00132724
     -0.00045188    -0.000411395
    -0.000238908     -0.00026457
      4.0226e-05     3.91008e-05
     -0.00205468     -0.00183675
     -0.00378139     -0.00372874
    -0.000447034    -0.000526763
    -0.000199266    -0.000244304
    -0.000593953    -0.000465955
      -0.0249213      -0.0242414
      -0.0100957      -0.0103215
     -0.00302918     -0.00329586
     -0.00348586      -0.0033141
      -0.0111491      -0.0103144
     -0.00571369     -0.00537179
    -0.000787315    -0.000584393
     -0.00478716     -0.00516373
     -0.00313192     -0.00252202
     0.000350069     0.000243385
     -7.1153e-05    -2.47904e-05
    -0.000867857      -0.0011487
      5.3597e-05     7.44539e-05
    -0.000360888    -0.000319227
     -0.00925525        -0.00917
     -0.00848624     -0.00758714
      -0.0008401    -0.000748235
     0.000386181     0.000287588
     -0.00287288     -0.00336585
     -0.00120242     -0.00107714
    -0.000515756     -0.00053639
      -0.0138314      -0.0140096
     -0.00214318      -0.0023045
     -0.00361916     -0.00386293
     -0.00217071     -0.00219316
    -0.000860458    -0.000810878
    -0.000471048     -0.00043324
    -0.000953569     -0.00101543
     -0.00739478     -0.00712144
    -0.000588319    -0.000685555
     -0.00582977     -0.00564503
       -0.011497      -0.0117029
     -0.00577028     -0.00522592
     -0.00194416     -0.00217531
      5.6867e-05    -0.000226375
      -0.0188992      -0.0179711
    -0.000360796    -0.000598173
    -0.000669646     -0.00050155
     -0.00180623     -0.00198678
    -0.000299166    -0.000313596
       0.0012826      0.00108062
    -0.000907896    -0.000916087
    -0.000947613    -0.000955555
     -0.00301087     -0.00332642
    -0.000854254    -0.000860778
    -0.000586639    -0.000520396
     0.000143195     0.000143922
    -0.000831705     -0.00120546
    -0.000358707    -0.000543306
     -0.00360556     -0.00340355
     -0.00149543     -0.00137817
    -0.000326042    -0.000310385
     -9.4194e-05    -0.000165382
    -0.000199499    -5.80136e-05
     -0.00435466      -0.0041445
     0.000517756     0.000421794
    -0.000857564    -0.000678464
     -0.00274819     -0.00293692
       -0.001161     -0.00169696
    -0.000430725    -0.000462503
     -5.4939e-05    -0.000189755
     -0.00437877      -0.0040759
     -0.00190202     -0.00192313
     -0.00208998      -0.0025282
     -0.00202299     -0.00221206
     -0.00121477     -0.00126391
    -0.000721754    -0.000708501
       8.884e-06    -1.29017e-05
    -0.000295904    -0.000186046
     -0.00796584     -0.00770662
     -0.00881213     -0.00753386
    -0.000599927    -0.000361445
     0.000506602     0.000383407
      0.00031521     0.000213117
     -0.00301188     -0.00279393
     -0.00350464      -0.0034904
      -0.0009948     -0.00102865
      -0.0070699     -0.00632226
     0.000786827     0.000590063
     -0.00428167     -0.00481094
    -0.000738137    -0.000713706
     -0.00431579     -0.00361344
    -0.000659284    -0.000735813
    -0.000591142    -0.000433291
     -0.00137416     -0.00140941
      -0.0008147     -0.00085375
    -0.000262488    -8.75071e-05
     0.000773491     0.000576921
     -0.00956708     -0.00953726
    -0.000467319     -0.00062783
     -0.00438452     -0.00449838
    -0.000603515    -0.000492476
    -0.000805863    -0.000789166
     -0.00463476     -0.00351208
     0.000660325     0.000501423
    -0.000325704    -0.000351355
     -0.00118175      -0.0012605
     -0.00220904       -0.002583
     -0.00259992     -0.00232466
     -0.00233376     -0.00256384
     -0.00504861     -0.00506259
     -0.00160283     -0.00172129
    -0.000128583    -0.000159421
    -0.000477029    -0.000405984
      -0.0169505      -0.0171868
     0.000980328     0.000799136
    -0.000678599    -0.000383006
    -0.000606241    -0.000793824
      -0.0197316      -0.0182313
     -0.00984849      -0.0100532
     -0.00746239     -0.00778969
     -3.7419e-05    -0.000127725
     -0.00147414     -0.00169835
     -0.00165651     -0.00182096
      1.1124e-05    -0.000273985
     0.000513154     0.000305381
     -5.9956e-05    -0.000109252
     -0.00544449     -0.00547495
    -0.000370814    -0.000342229
     0.000521126     0.000371654
     -0.00799593     -0.00627095
     -0.00152021     -0.00230921
     -5.6832e-05    -0.000337413
     -0.00167157     -0.00136103
     -6.6648e-05    -0.000445796
    -0.000730722    -0.000623493
     -0.00051901    -0.000721776
       -0.003604     -0.00389147
    -0.000621171    -0.000629515
    -0.000247597    -0.000312127
     -7.9304e-05    -5.65936e-05
     -0.00094517     -0.00112462
     0.000368632     0.000311756
     0.000810775     0.000436394
     0.000202486     6.06684e-05
      -0.0054894     -0.00545519
    -0.000481243    -0.000544823
     -5.8996e-05    -0.000138272
     -0.00908019     -0.00791224
     -0.00378067     -0.00485914
     -0.00463454     -0.00452996
     -0.00118643    -0.000965613
      -0.0042639     -0.00437599
    -0.000947149    -0.000939424
     -0.00256962     -0.00308179
     -0.00688478     -0.00651924
     -0.00729075     -0.00749946
    -0.000931428    -0.000863251
     -0.00593569     -0.00577962
     0.000304408      0.00017957
     -0.00112921     -0.00123263
     -0.00898853     -0.00744867
       6.868e-05     0.000136868
     -0.00522662     -0.00554905
     -0.00627934     -0.00653805
     -0.00994134     -0.00949219
      7.9712e-05     -0.00019738
     -0.00452859     -0.00451571
     -0.00843464     -0.00771102
    -0.000384502    -0.000395135
      -3.849e-06    -0.000165434
    -0.000176459    -0.000327669
      -0.0006313    -0.000639736
     -0.00149521     -0.00141902
     -0.00119657     -0.00112265
     -0.00383264     -0.00363526
    -0.000920222    -0.000859626
      -0.0110861      -0.0108548
     -0.00237941     -0.00277361
      -0.0209736      -0.0211829
     -0.00207148     -0.00220476
    -0.000806205    -0.000882346
     -0.00450303     -0.00451437
    -0.000612675     -0.00053506
    -0.000201806    -0.000220485
     -0.00118313     -0.00127038
     -0.00603202      -0.0056545
     0.000362975     0.000205558
     -0.00024573    -5.61353e-05
     -0.00072438    -0.000496921
     -0.00386057     -0.00332498
     -0.00417752     -0.00433204
     -0.00904152     -0.00953835
     -0.00268715     -0.00256819
     -7.9234e-05    -0.000135866
     -0.00203635     -0.00236484
    -0.000368075     -0.00039442
    -0.000299452    -0.000423171
    -0.000212654    -0.000277816
     0.000208313     8.68859e-05
     -0.00119093      -0.0010341
     -0.00264019     -0.00250697
     -0.00973894      -0.0093374
    -0.000549957    -0.000454407
     0.000287114     0.000110928
     -0.00585801     -0.00602949
     -0.00333213     -0.00316762
     -0.00128299     -0.00135905
     -0.00762128     -0.00743867
    -0.000368042    -0.000784539
     -0.00224167     -0.00277683
      -0.0269115      -0.0251726
     -2.9146e-05     -0.00023773
      -0.0133252      -0.0126445
      -0.0045733     -0.00519277
      -0.0025885      -0.0025376
     -0.00563611     -0.00594806
    -0.000169838    -0.000239227
     -0.00143577     -0.00147916
     -0.00162199     -0.00167992
    -0.000326395    -0.000302211
    -0.000331178    -0.000292145
    -0.000261276    -0.000240363
    -0.000169584    -0.000137532
     -0.00159743     -0.00164792
     -0.00197951     -0.00188732
    -0.000670581     -0.00111037
     -0.00119387     -0.00140076
      -0.0248186      -0.0229146
     -0.00307757     -0.00303669
     -0.00117713      -0.0012975
    -0.000435754    -0.000245821
     -0.00214712     -0.00242474
      5.3889e-05    -0.000366155
    -0.000928615    -0.000893259
    -0.000291525    -0.000422173
     -0.00457693     -0.00349737
     0.000230296     0.000114283
      -0.0157435      -0.0149823
      -0.0127218      -0.0138723
     -0.00139291     -0.00160348
     0.000139793    -0.000153325
      -0.0019415     -0.00177378
      -0.0105078     -0.00996592
     -0.00361375     -0.00251596
     -0.00554697     -0.00551052
     0.000556326     0.000544938
     -0.00252838     -0.00239974
     -0.00128621     -0.00120937
    -0.000811362    -0.000935605
     -0.00329564     -0.00279115
    -0.000801936    -0.000992923
    -0.000603637    -0.000597772
    -0.000666201    -0.000517043
     -0.00384778     -0.00399615
     -0.00387281     -0.00393178
     -0.00101626      -0.0011854
      0.00054814     0.000327394
     -0.00218289     -0.00248295
    -0.000327072    -0.000383835
    -0.000770827    -0.000857618
     -0.00757599     -0.00685837
     -0.00270102     -0.00218273
