QM Energy	FF Energy
    -0.000259566    -0.000877465
     -0.00108911     -0.00149811
    -0.000469542    -0.000690921
      0.00227969     0.000493766
     -0.00115953     -0.00172357
     0.000187453     5.90558e-05
    -0.000562122    -0.000738198
      0.00259933      0.00169443
     0.000688058    -0.000454242
     -0.00123407      -0.0016518
      0.00491875      0.00249702
     -0.00116319     -0.00169109
     -0.00118136     -0.00177901
      7.7638e-05     -0.00082793
    -0.000542005     -0.00070404
    -0.000500187    -0.000525952
     -3.0317e-05    -0.000886026
    -0.000513524    -0.000626113
       0.0115724       0.0103636
    -0.000225011    -0.000331729
      0.00164962     1.13622e-05
    -0.000866507     -0.00126784
     -6.7599e-05    -0.000891089
     -0.00110139     -0.00125135
     -0.00152366     -0.00183159
    -0.000455387     -0.00049282
    -0.000740042    -0.000651577
    -0.000450168    -0.000528373
    -0.000262307    -0.000256337
      0.00788357      0.00983182
    -0.000940411     -0.00107072
      0.00631227      0.00574219
      0.00247035     0.000970329
      0.00626787      0.00507512
      -5.604e-05    -0.000699459
    -0.000405224    -0.000502239
    -0.000735135    -0.000859044
      0.00237267      0.00128323
    -0.000401658     -0.00130144
     -4.3661e-05    -0.000232392
    -0.000479698     -0.00085392
    -0.000180658    -0.000164204
    -0.000564661    -0.000644081
    -0.000582432    -0.000560908
      0.00449031      0.00294974
    -0.000172668    -0.000232657
      0.00115227     0.000133367
    -0.000494724    -0.000519575
       0.0037178       0.0020779
     0.000574749    -0.000422833
    -0.000472687    -0.000700325
      0.00389336       0.0020025
    -0.000765773    -0.000959004
      0.00260349      0.00153576
    -0.000202524    -0.000292232
    -0.000465605     -0.00049378
      0.00529048      0.00426877
     0.000729163    -4.38057e-05
      0.00104769     2.29793e-05
    -0.000800002     -0.00105527
    -0.000671327    -0.000799229
    -0.000907509     -0.00116886
    -0.000835472     -0.00137809
     -0.00229003     -0.00256991
    -0.000336245      -0.0003532
      0.00346044      0.00208602
       0.0123961       0.0121486
     0.000674353    -0.000363736
    -0.000504609    -0.000940733
      0.00153141     0.000775371
    -0.000653772    -0.000761302
    -0.000511204    -0.000596227
      0.00228833      0.00152343
     0.000339878    -0.000811665
    -0.000910289     -0.00115949
    -0.000674319     -0.00111883
      -0.0006511    -0.000733579
    -0.000867424     -0.00114508
    -0.000942741     -0.00121161
    -0.000396906    -0.000858595
      0.00691717      0.00458392
      0.00805561      0.00634189
     -0.00135217     -0.00211408
     -0.00122502     -0.00141955
    -0.000687996    -0.000874505
    -0.000976466     -0.00110412
    -0.000665896    -0.000816511
    -0.000178412    -0.000996652
    -0.000426107    -0.000447664
    -0.000157099    -0.000871963
    -0.000836947    -0.000982699
     -0.00040098    -0.000518319
    -0.000491406    -0.000586439
    -0.000607683    -0.000968441
     -0.00147502     -0.00176055
    -0.000608503    -0.000666524
     -8.3694e-05    -0.000272221
       0.0058685      0.00593523
       0.0130947       0.0134938
    -0.000557987    -0.000748764
    -0.000435575    -0.000752409
     -0.00102962      -0.0011563
    -0.000314904     -0.00131862
    -0.000683987     -0.00117612
     -0.00057405    -0.000860119
    -0.000224959     -0.00024121
      -0.0011363     -0.00141422
    -0.000934105     -0.00148503
    -0.000311273     -0.00046461
    -0.000131912    -6.40419e-05
    -0.000951831     -0.00116646
    -0.000447835    -0.000645774
      0.00187766    -0.000717847
       0.0024485      0.00194718
    -0.000349932    -0.000340426
     -0.00139216     -0.00205118
    -0.000479055    -0.000522112
     -0.00063667    -0.000684647
    -0.000402281    -0.000508867
    -0.000696973     -0.00104806
     -0.00125002      -0.0013009
     0.000459287    -0.000858162
     -0.00110752     -0.00152866
    -0.000979983     -0.00104772
      0.00213566     0.000363504
     -0.00088801    -0.000894275
    -0.000813441    -0.000976613
     -0.00108443     -0.00127557
    -0.000721552     -0.00102318
      0.00012956    -2.30411e-05
      0.00710311      0.00552048
    -0.000506518    -0.000607679
    -0.000402418    -0.000784538
    -0.000513508    -0.000872163
    -0.000660886    -0.000767444
     0.000779626     -0.00066857
      0.00312662      0.00113553
     0.000733414    -3.64556e-05
     -0.00053854    -0.000774896
      0.00272003      0.00115208
     -0.00105633      -0.0011905
    -0.000451918     -0.00116607
      0.00562083      0.00369346
    -0.000228896     -0.00111559
      0.00735282      0.00705541
    -0.000665492    -0.000812979
     -0.00194864     -0.00266371
      -0.0018756     -0.00201753
     -0.00144206     -0.00153838
     -8.8144e-05    -0.000902367
     -0.00156659     -0.00200632
    -0.000711467     -0.00179878
    -0.000450608    -0.000515135
      0.00113121      0.00100287
       -0.001992     -0.00239067
      0.00916414       0.0076673
     -0.00107095     -0.00114218
      -5.573e-05    -7.48843e-06
      -0.0012017     -0.00133398
    -0.000315255    -0.000222735
    -0.000499323    -0.000881973
      0.00160897      0.00067958
     -0.00152388     -0.00219153
      0.00618115         0.00349
    -0.000638028    -0.000750313
     -0.00118198     -0.00190848
      -0.0011051     -0.00132361
    -0.000292725    -0.000635275
       0.0008658    -1.17525e-05
    -0.000456192    -0.000764648
    -0.000416947    -0.000497062
    -0.000228145     -0.00172198
      0.00558369      0.00393141
    -0.000525944    -0.000592835
    -0.000785815     -0.00101971
    -0.000208569    -0.000306273
     -0.00116097     -0.00147456
     -0.00035748    -0.000452199
    -0.000514058     -0.00068847
     0.000852007     0.000161579
    -0.000419652     -0.00100294
    -0.000698169    -0.000728083
      0.00292769      0.00125855
    -0.000801315    -0.000845963
    -0.000470653    -0.000638846
     -0.00105266     -0.00125529
      0.00701917      0.00428812
      0.00654169      0.00466361
      0.00195474      0.00103323
       0.0139807       0.0124013
    -0.000864016    -0.000872213
     -0.00202489     -0.00220564
    -0.000578327    -0.000717562
    -0.000369976    -0.000605407
    -0.000311414    -0.000351618
    -0.000955545     -0.00111943
    -0.000950327     -0.00117245
      0.00053037    -0.000805862
     -0.00083306    -0.000943563
     -0.00168519     -0.00218871
    -0.000706654    -0.000834775
      -0.0005649    -0.000629212
       0.0184405       0.0166416
        0.006769      0.00560835
    -0.000498681     -0.00081871
       0.0033112      0.00367987
     0.000461234    -0.000249713
      0.00151958     0.000832181
    -0.000379695    -0.000589167
    -0.000612293    -0.000689609
    -0.000384021    -0.000560075
    -0.000654848    -0.000571859
    -0.000868562     -0.00113114
    -0.000245976     -0.00059847
      0.00170393      0.00115957
    -0.000809838    -0.000896555
    -0.000397692    -0.000448739
    -0.000395989    -0.000395558
      -0.0015325     -0.00152139
    -0.000600598    -0.000784196
    -0.000307232    -0.000327003
    -0.000890275     -0.00120446
      0.00615361      0.00346876
    -0.000473185     -0.00123779
      0.00375468      0.00235441
    -0.000396094    -0.000569824
    -0.000537449    -0.000903974
        0.010236         0.01066
    -0.000571307    -0.000850537
      0.00119945     0.000379079
      0.00129428    -0.000475826
    -0.000215062     -0.00107525
     -0.00142159     -0.00168678
     0.000997638    -7.47685e-05
       0.0074491      0.00453139
      0.00165636     0.000380995
    -0.000577302     -0.00115743
    -0.000641225    -0.000669322
      0.00434188      0.00335263
    -0.000555653    -0.000539346
    -0.000430376    -0.000471159
      0.00198892     0.000108676
     0.000609379    -0.000172981
    -0.000642325     -0.00069307
      0.00152404     0.000428915
     -0.00193398     -0.00243718
    -0.000952675     -0.00143949
      2.6157e-05     -0.00110323
     -0.00088765    -0.000884046
    -0.000817124     -0.00115099
    -0.000327135     -0.00032899
         -0.0005     -0.00098009
    -0.000293975    -0.000358284
      0.00203319     9.58504e-05
       0.0033356      0.00330133
     -0.00129241     -0.00126718
     -0.00111539     -0.00127371
      0.00793554      0.00909231
     -0.00174254     -0.00192531
     -7.8138e-05     -0.00080249
     -0.00226415     -0.00242127
    -0.000490064     -0.00182583
      0.00145218      0.00168224
      0.00204326     0.000862101
    -0.000781959    -0.000872951
    -0.000377961    -0.000469251
    -0.000436938     -0.00113779
    -0.000746258    -0.000801748
    -0.000738363    -0.000755953
      0.00568864      0.00297741
    -0.000481429    -0.000542798
     0.000354655     0.000350194
      0.00148081     0.000226235
     0.000379271     0.000110482
       0.0017338     0.000709916
     0.000968223    -0.000522533
     -0.00182383     -0.00228587
    -0.000845025     -0.00111165
     -0.00159546     -0.00183421
    -0.000786447    -0.000855592
      0.00307924      0.00101932
    -0.000945317     -0.00104643
    -0.000452726     -0.00045676
     -0.00126864     -0.00135173
      0.00322772      0.00137327
    -0.000560716    -0.000591977
      0.00164381     0.000190218
      0.00301738      0.00114332
    -0.000879985     -0.00101465
     -0.00015742    -0.000148531
     -0.00052172    -0.000449955
    -0.000571495    -0.000678389
      0.00544594      0.00551674
      0.00814135      0.00652237
    -0.000713074    -0.000743088
    -0.000794398     -0.00108224
     0.000695492    -0.000678597
       0.0019169      0.00034518
     -0.00146919     -0.00163248
       0.0022617      0.00149083
    -0.000187488     -0.00133031
        0.005384      0.00324283
    -0.000357504    -0.000463314
    -0.000772486    -0.000932286
    -0.000194597    -0.000297683
     -0.00046166    -0.000546076
    -0.000403965    -0.000745934
      0.00345458      0.00129542
     0.000248135    -0.000477402
      0.00681827      0.00370434
    -0.000550619    -0.000811701
    -0.000500479     -0.00052751
    -0.000567316    -0.000602919
     -0.00119804     -0.00241036
     -0.00058884    -0.000754893
      0.00065132    -0.000421586
     -0.00131472     -0.00178464
      0.00122034      0.00111666
    -0.000723102    -0.000842856
      0.00335614      0.00305973
     -0.00089953     -0.00102589
    -0.000625602    -0.000788717
    -0.000724147    -0.000895194
      7.0844e-05    -0.000452034
      0.00908646      0.00841555
    -0.000673339     -0.00105117
     0.000242774     -0.00121006
    -0.000606049    -0.000764257
     0.000719264    -7.43992e-05
     0.000973844     0.000149186
    -0.000898183     -0.00107949
      -0.0008454     -0.00102165
      0.00262417     0.000661944
    -0.000283101    -0.000358254
    -0.000734872    -0.000850549
    -0.000430709    -0.000404674
     0.000453642     0.000180442
      0.00429006      0.00306944
     -0.00107923     -0.00187864
    -0.000149569     -0.00144066
     -0.00207726     -0.00212814
      0.00390426      0.00186204
    -0.000361918    -0.000903385
    -0.000753289    -0.000916466
    -0.000337045    -0.000371851
    -0.000838441     -0.00101458
    -0.000479355    -0.000921045
    -0.000966316     -0.00103401
    -0.000750102     -0.00106091
      -0.0008206     -0.00105723
      0.00859984      0.00751499
    -0.000266772    -0.000536554
    -0.000978069     -0.00100463
     -0.00038258    -0.000499544
    -0.000709057    -0.000834946
    -0.000575683    -0.000584896
      0.00719713      0.00829674
      0.00282231      0.00251299
    -0.000745527     -0.00102879
    -0.000229434    -0.000210926
     0.000627078    -0.000164968
    -0.000825538     -0.00116828
     -0.00019347    -0.000451587
    -0.000379988    -0.000667935
    -0.000812995    -0.000976174
     -0.00050567    -0.000602804
     -0.00116254     -0.00125802
      0.00293375      0.00220948
    -0.000416562    -0.000548778
    -0.000666708    -0.000751376
    -0.000696365     -0.00110682
      0.00436728      0.00330678
      0.00843174      0.00738689
      0.00485663      0.00245751
    -0.000304005    -0.000877491
       0.0031273      0.00234653
    -0.000582478    -0.000689786
    -0.000676341    -0.000751391
     -0.00167748     -0.00183443
    -0.000656179    -0.000776094
      0.00888063      0.00893837
     -0.00013753     -0.00128725
     0.000775902    -2.17382e-05
     -0.00068306    -0.000738996
     0.000445497     0.000249725
    -0.000349554    -0.000559122
    -0.000176803    -0.000153913
    -0.000644364     -0.00144972
     -0.00101151     -0.00128441
     0.000206168    -0.000518949
      0.00929262      0.00963232
    -0.000574602    -0.000642876
      0.00323552      0.00269865
    -0.000358762    -0.000475242
    -0.000899939     -0.00112789
    -0.000636997    -0.000862299
     -0.00124794     -0.00160693
    -0.000664316      -0.0018044
       0.0171537       0.0169661
    -0.000189333    -0.000201024
    -0.000215251     -0.00100582
     -0.00051478    -0.000699072
    -0.000724512     -0.00079552
    -0.000427964     -0.00121714
      0.00203276      0.00168402
      3.8156e-05     -0.00073919
      0.00407361      0.00182731
     -0.00199964     -0.00206326
    -0.000449223     -0.00109694
     0.000842849     0.000208429
    -0.000403078    -0.000421395
     -0.00150821     -0.00168483
    -0.000528429     -0.00054883
    -0.000736257    -0.000932291
    -0.000792747     -0.00116604
     -0.00016942    -0.000631169
      0.00431912      0.00360449
    -0.000259163    -0.000280724
    -0.000757668    -0.000827907
    -0.000933417     -0.00138738
      0.00433796      0.00396057
    -0.000688522    -0.000758954
    -0.000825411     -0.00087639
       7.676e-05    -0.000892635
    -0.000679197    -0.000853562
    -0.000261842    -0.000279224
    -0.000371841    -0.000531501
      0.00397192      0.00295185
      0.00083655    -0.000319151
    -0.000479469    -0.000659931
     -0.00173137     -0.00214415
    -0.000842727     -0.00139977
    -0.000569087    -0.000668311
    -0.000383254    -0.000603999
    -0.000764273    -0.000901938
    -0.000138422    -9.32888e-05
    -0.000504902    -0.000649695
      0.00137132      0.00140313
    -0.000198017    -0.000194903
     -0.00039077    -0.000455755
     -0.00060013    -0.000751586
     -0.00222673     -0.00215187
    -0.000284669    -0.000779502
    -0.000370938    -0.000332142
    -0.000392849    -0.000452416
      0.00316189      0.00226896
      0.00356736      0.00279113
     -0.00095514     -0.00106643
      0.00814738      0.00652933
     0.000922221     0.000153691
      0.00189523      0.00156643
     -0.00028269     -0.00029107
    -0.000177409    -0.000324002
      0.00337264      0.00235741
    -0.000760878    -0.000867619
     -0.00109932     -0.00128308
     -0.00141723     -0.00150945
       0.0111852       0.0118322
    -0.000704943    -0.000803858
    -0.000887241    -0.000958536
     -0.00055752    -0.000608786
     0.000183506     -0.00177177
      0.00171994      0.00105639
      0.00352189      0.00255541
     0.000275477     -0.00059495
    -0.000576643     -0.00063261
     0.000277474     -0.00120881
      0.00199216     0.000400599
     -0.00064419    -0.000794645
    -0.000475191    -0.000560392
    -0.000546413    -0.000863163
    -0.000512734     -0.00060392
    -0.000547112    -0.000719899
      0.00174233     0.000945645
    -0.000168072      -0.0004111
      0.00133011     7.00153e-05
    -0.000524118     -0.00127823
      0.00047657     -0.00109074
     -0.00107226     -0.00170773
     0.000333892     5.33896e-05
    -0.000307378    -0.000442948
     0.000139322    -0.000558119
     -0.00120577     -0.00130352
    -0.000498116     -0.00058576
    -0.000411663    -0.000465227
       0.0012519     0.000491472
    -0.000264294    -0.000317635
      0.00389577      0.00284434
    -0.000232479    -0.000255935
     0.000431525      1.1099e-05
       0.0119054      0.00963508
    -0.000337625    -0.000708533
      0.00181648    -0.000109785
      0.00468386       0.0042622
    -0.000168368     -0.00010764
     -0.00111058     -0.00117662
     -0.00140385     -0.00174154
    -0.000370766    -0.000726646
    -0.000902647      -0.0012218
       0.0012298     0.000252184
    -0.000663179    -0.000673137
     -5.7239e-05    -0.000558636
     -0.00037415    -0.000405959
    -0.000956633     -0.00130325
     -0.00107808      -0.0016283
     -0.00116461     -0.00130642
      0.00216325     0.000331443
    -0.000775553    -0.000833808
     -0.00197766     -0.00232598
    -0.000318964    -0.000407255
    -0.000303702    -0.000390543
     -0.00037296    -0.000662181
     -0.00045992    -0.000664642
     -0.00072477     -0.00083621
     -0.00109125     -0.00109576
      0.00327211      0.00241906
      0.00534181      0.00406232
    -0.000793734    -0.000835914
     -0.00056247    -0.000766025
    -0.000725669    -0.000858349
    -0.000537955     -0.00123993
     -0.00119797     -0.00155717
    -0.000153691    -0.000792172
    -0.000115639    -8.91392e-05
     0.000216382    -5.43762e-05
       0.0013471    -0.000105399
    -0.000474437    -0.000531501
    -0.000854681    -0.000940652
    -0.000438165    -0.000641622
    -0.000966906     -0.00120784
    -0.000352809    -0.000744237
      0.00431698      0.00286483
    -0.000863436     -0.00110789
    -0.000866395     -0.00168679
    -0.000796846     -0.00109437
    -0.000336127    -0.000447953
      0.00304194      0.00087741
    -0.000569379    -0.000958391
       0.0102022      0.00805097
      0.00316673      0.00329596
      1.4028e-05     -0.00094315
     0.000447562     -0.00102623
      -0.0005901    -0.000900035
    -0.000413424    -0.000570818
      0.00887521      0.00849983
    -0.000346066     -0.00066743
      0.00941238      0.00833395
    -0.000344582    -0.000367061
      0.00665391      0.00503315
    -0.000372498    -0.000461634
      -0.0013514     -0.00162997
    -0.000719373     -0.00070938
      0.00203338      0.00129767
    -0.000185417     -0.00018707
      0.00057312    -0.000397645
    -0.000422986    -0.000568374
    -0.000346039    -0.000454781
     -0.00156652     -0.00199524
    -0.000820164    -0.000968981
    -0.000734924    -0.000898381
    -0.000110738     -0.00156287
      0.00613717      0.00442372
      0.00827192      0.00680182
     -0.00156936     -0.00171835
    -0.000792318    -0.000903467
    -0.000617196    -0.000846557
    -0.000507772    -0.000508652
       0.0145666        0.012632
    -0.000612648    -0.000710847
      0.00188279     0.000172527
     -0.00115616     -0.00138868
     -0.00013181    -0.000858007
    -0.000494883    -0.000891739
     -0.00104879     -0.00141747
     -0.00116946     -0.00154698
     -0.00087214     -0.00130107
     -0.00125621     -0.00171038
    -0.000390627    -0.000449902
      0.00688786      0.00545007
    -0.000481057     -0.00083029
    -0.000707741    -0.000778234
    -0.000583385     -0.00157346
      0.00179219      0.00143763
      0.00256828     0.000493954
      0.00118774      0.00141715
    -0.000625838    -0.000943756
      0.00181415      0.00140567
    -0.000281886    -0.000381885
     -0.00142913     -0.00139579
    -0.000172073      -0.0010534
     -0.00104681     -0.00119798
      0.00451598      0.00464422
    -0.000274579    -0.000227292
    -0.000424183    -0.000341413
    -0.000489508     -0.00067611
     -0.00145017     -0.00153793
     0.000366104    -0.000435654
    -0.000779381      -0.0014524
      0.00147348    -0.000161731
    -0.000727862    -0.000828437
     -0.00020868    -0.000321428
    -0.000216817    -0.000172623
    -0.000439558    -0.000528394
    -0.000355936     -0.00063255
      0.00541178      0.00283526
     -0.00135248     -0.00138132
      -0.0015141     -0.00173761
    -0.000808098    -0.000892174
     -6.7979e-05    -0.000514091
     -0.00076124     -0.00140882
       -3.64e-05     3.93064e-05
     -0.00120156     -0.00224381
    -0.000926481     -0.00152262
    -0.000922688     -0.00120271
    -0.000309874    -0.000316373
    -0.000763778    -0.000958446
       0.0028151      0.00188277
      0.00373066      0.00170019
     -0.00064466     -0.00072657
      0.00466508      0.00266374
     -0.00175264     -0.00184247
     0.000680169    -0.000268588
    -0.000599113      -0.0015682
    -0.000821236    -0.000912477
    -0.000486645    -0.000589687
    -0.000310861    -0.000448053
    -0.000827168     -0.00150861
    -0.000466791     -0.00105305
    -0.000304118    -0.000885915
    -0.000541602     -0.00058788
     -0.00174838     -0.00188271
      0.00869488      0.00678238
    -0.000242996    -0.000201768
     -0.00155135       -0.001856
    -0.000756998    -0.000946461
    -0.000186493    -0.000494172
     -0.00167485     -0.00215852
    -0.000412231    -0.000447538
      0.00118355    -0.000306294
    -0.000521404     -0.00147159
    -0.000485167     -0.00052887
     -0.00129104     -0.00144661
    -0.000625318    -0.000654876
       0.0101902      0.00791733
    -0.000195218    -0.000379952
    -0.000874665    -0.000933577
      0.00285671      0.00192387
    -0.000186771     -0.00075886
     -0.00140865      -0.0018032
    -0.000291933    -0.000890324
      0.00103817    -0.000684822
    -0.000719776    -0.000822786
       0.0100975      0.00978933
     0.000174519     -0.00154823
    -0.000606586     -0.00167394
      0.00623809       0.0022407
      0.00152401     0.000637432
    -0.000705843    -0.000809689
    -0.000297971    -0.000961561
     -0.00095804       -0.001142
     -0.00114592     -0.00131999
    -0.000350192     -0.00121618
    -0.000626401    -0.000783299
        0.004594      0.00268719
    -0.000742414    -0.000804283
    -0.000501104    -0.000645227
     -0.00104412     -0.00174166
     -0.00198797     -0.00213645
    -0.000730154    -0.000837676
    -0.000549547    -0.000847563
    -0.000362111     -0.00036801
     -0.00142097     -0.00171511
     -0.00125174     -0.00120198
    -0.000215262    -0.000141732
    -0.000585653    -0.000889071
      0.00239704     0.000761747
       0.0105538      0.00884115
     0.000267091    -0.000661241
     -0.00191241     -0.00199684
      -0.0007525    -0.000801889
    -0.000643362    -0.000754099
     -0.00115772     -0.00123943
    -0.000604352    -0.000633743
    -0.000944129     -0.00122495
    -0.000865401     -0.00107615
     0.000435536     -0.00125179
       0.0137965       0.0133089
       0.0034793      0.00414512
    -0.000200837    -0.000641973
    -0.000883468     -0.00114352
    -0.000142838    -0.000205063
      0.00485479      0.00237962
     -0.00160552     -0.00242809
     -0.00135337     -0.00150724
    -0.000204403    -0.000223657
     -0.00101888     -0.00131236
    -0.000476784    -0.000515751
     -0.00100339     -0.00114121
    -0.000716783     -0.00128696
      0.00100793     0.000495907
      0.00894313      0.00929845
    -0.000380427    -0.000350899
    -0.000820402     -0.00110525
       0.0124568       0.0117694
    -0.000555997    -0.000467931
     -0.00161704     -0.00220283
    -0.000151453    -0.000123515
     -0.00050404    -0.000563819
     -0.00261621     -0.00285848
     0.000432392    -0.000889878
      0.00881606      0.00748014
    -0.000667241    -0.000779984
     -0.00103117     -0.00150863
    -0.000247456     -0.00157809
      0.00152439     0.000724376
    -0.000735548    -0.000866373
      0.00774924        0.005776
    -0.000820825     -0.00129638
    -0.000522818    -0.000637048
    -0.000663307    -0.000776594
     -0.00055375    -0.000780279
    -0.000693644    -0.000791267
    -0.000612472    -0.000633893
      0.00204027     0.000933839
     -0.00129659     -0.00196426
     -0.00232264     -0.00254829
    -0.000956166     -0.00098617
      0.00991998      0.00766351
      0.00277324     0.000945105
      0.00816752      0.00758443
    -0.000447769    -0.000428651
    -0.000458586    -0.000648004
     0.000140877    -0.000504445
    -0.000207476    -0.000442686
     -0.00118543     -0.00156744
     -0.00107502      -0.0015758
     0.000232296     0.000179087
       0.0176331       0.0186994
    -0.000697762    -0.000750674
     -0.00116785     -0.00165061
    -0.000696058    -0.000784954
     0.000269925    -0.000711968
     0.000908197     0.000183334
     -0.00183746     -0.00235975
    -0.000685781    -0.000918491
    -0.000713847    -0.000843411
     -0.00202859     -0.00205883
      0.00184845     0.000393132
    -0.000184483     -0.00119303
      0.00165247    -0.000396611
    -0.000746452    -0.000882696
     -0.00108474     -0.00138626
    -0.000168186    -0.000190983
     -0.00157523     -0.00220615
     -0.00104059     -0.00150931
     -0.00102076     -0.00150238
    -0.000500677     -0.00062107
    -0.000374691    -0.000586743
     -0.00020662    -0.000301429
    -0.000608255     -0.00105354
    -0.000722051    -0.000674385
    -0.000529581    -0.000765803
      0.00125833      0.00010302
      0.00662397       0.0049556
      0.00117781    -9.28256e-05
     -0.00113766     -0.00126936
      0.00618959      0.00413717
      0.00288557      0.00201167
    -0.000823009     -0.00119564
    -0.000637769    -0.000962777
       0.0023356      0.00119334
       0.0033395       0.0019599
    -0.000308955    -0.000364786
      0.00731021      0.00607891
    -0.000950398       -0.001311
    -0.000755655      -0.0011913
    -0.000704937    -0.000851954
    -0.000804585    -0.000918445
      6.3258e-05    -0.000897034
      0.00122374     0.000723566
    -0.000910763     -0.00167654
     -0.00074042     -0.00108473
     -0.00048488    -0.000665813
     -0.00186207     -0.00199725
     -0.00132742     -0.00213316
    -0.000530675    -0.000658622
    -0.000568384     -0.00154306
     -0.00134972       -0.001594
     0.000933817      0.00078142
    -0.000111654    -0.000967825
    -0.000878841     -0.00109185
      0.00146685     -0.00021486
    -0.000515359    -0.000580053
     -3.6343e-05    -0.000303197
     0.000120616    -0.000144971
    -0.000589917    -0.000803786
    -0.000183313    -0.000194366
    -0.000931634     -0.00103999
     -0.00104213     -0.00112713
    -0.000774054    -0.000958049
     -0.00229466     -0.00259794
    -0.000307975    -0.000335516
    -0.000728086     -0.00117268
        0.011174       0.0115759
    -0.000533691    -0.000586906
    -0.000887929    -0.000951117
    -0.000386438    -0.000555807
    -0.000221458    -0.000216547
    -0.000356886    -0.000435548
     0.000248352    -0.000800513
     -0.00034806      -0.0010673
       -7.92e-05    -0.000312946
    -0.000809092    -0.000894149
      0.00127824     0.000470425
      0.00217094      0.00050749
    -0.000244289     -0.00044367
    -0.000854213     -0.00144808
      -0.0007447    -0.000895787
    -0.000468712    -0.000490158
    -0.000172109    -0.000639972
     -0.00103685     -0.00129014
        0.010799      0.00747741
    -0.000921765     -0.00156712
    -0.000772667      -0.0011153
    -0.000816851     -0.00151566
    -0.000404462    -0.000443247
      0.00681105      0.00541751
      0.00135586     0.000308866
     0.000272586     9.20516e-05
    -0.000906875     -0.00106918
      0.00361582      0.00183135
      0.00838407      0.00665571
     -0.00132355     -0.00145414
     0.000679876    -0.000336826
    -0.000534754     -0.00100894
    -0.000253259    -0.000260398
      0.00155696    -0.000223206
    -0.000473328    -0.000443105
    -0.000653618    -0.000740393
    -0.000267979    -0.000245643
     -0.00070172    -0.000776123
     -0.00160582     -0.00193366
     -0.00098803       -0.001013
     -0.00146059     -0.00150746
    -0.000685756    -0.000625451
    -0.000484888    -0.000548524
     -0.00165178     -0.00190534
      0.00529273      0.00519108
      0.00854384       0.0058428
    -0.000646849    -0.000729517
    -0.000132107    -0.000899587
      0.00132037     0.000304032
       0.0120914       0.0105643
    -0.000902359    -0.000803295
      -0.0012101     -0.00160915
        0.002595     0.000855976
     -0.00218759     -0.00238989
      0.00071195    -4.92861e-05
    -0.000408592     -0.00110733
     -0.00129971     -0.00228529
     -0.00056897    -0.000796115
       0.0037144      0.00293194
     -0.00132605     -0.00184882
         0.01192       0.0120995
      0.00247326     0.000466431
     -0.00044664    -0.000588977
     -0.00103527      -0.0010673
      0.00407059      0.00195211
    -0.000425242    -0.000523717
    -0.000871249     -0.00126374
      9.3866e-05    -0.000295734
    -0.000626692    -0.000879088
    -0.000467351    -0.000446366
    -0.000678267    -0.000925539
    -0.000745394     -0.00116256
    -0.000874978      -0.0011597
      0.00566731      0.00326938
     -0.00194105     -0.00217196
     -0.00142254     -0.00197425
     -0.00109468      -0.0017163
    -0.000546175    -0.000866011
     -0.00145014      -0.0015528
    -0.000385386    -0.000334948
     -0.00071043     -0.00080136
    -0.000643801    -0.000721351
    -0.000440681    -0.000515306
     -0.00115316     -0.00139836
     -0.00121361     -0.00129742
     -0.00131742     -0.00178113
    -0.000359595    -0.000528609
    -0.000688494     -0.00078744
    -0.000181753    -0.000192057
     -0.00214177     -0.00234693
      0.00438253      0.00319335
    -0.000497514    -0.000543147
    -0.000145054     -0.00054914
      0.00366878      0.00153354
    -0.000699099    -0.000959171
      0.00210743      0.00188129
      0.00676036      0.00595174
    -0.000657669    -0.000669348
      0.00548252      0.00491794
      4.5072e-05     0.000163398
    -0.000465768    -0.000849274
    -0.000722539    -0.000807911
      0.00733979      0.00455889
     -0.00056577    -0.000615057
    -0.000837815     -0.00113313
      0.00550827      0.00501876
      0.00027023       0.0001607
     0.000559006    -0.000707926
    -0.000542749     -0.00123753
      0.00888204      0.00535736
    -0.000348809    -0.000480925
    -0.000309252    -0.000387976
    -0.000855687     -0.00104484
     0.000278031    -0.000659036
      0.00198923      0.00152026
    -0.000419561    -0.000477182
    -0.000164769    -0.000385289
    -0.000730504    -0.000909398
       0.0015004     0.000624968
     0.000789017     0.000586502
     -0.00162591     -0.00178432
    -0.000409628    -0.000411899
      0.00048059    -0.000765598
    -0.000981593     -0.00155762
      0.00511717      0.00511537
    -0.000618282    -0.000869684
      0.00383503      0.00173474
    -0.000670161    -0.000581138
      0.00126114    -0.000201733
       0.0091493      0.00850369
      0.00292562      0.00203035
     -0.00169158      -0.0017547
     -0.00167004     -0.00214499
     0.000354114    -0.000428154
     -0.00113436      -0.0014781
     -0.00114032     -0.00130123
    -0.000184283    -0.000237508
    -0.000814971     -0.00160673
    -0.000614884    -0.000822716
    -0.000598942    -0.000666442
     -0.00148606     -0.00220706
     -0.00083277     -0.00124982
     -0.00106149     -0.00158673
      0.00141721    -5.86057e-05
    -0.000205884    -0.000461476
    -0.000366459    -0.000431461
    -0.000789153    -0.000925452
      0.00587164      0.00386417
    -0.000235901    -0.000355487
      0.00122537     0.000649577
    -0.000979262    -0.000995476
    -0.000832437     -0.00159324
     -0.00123212     -0.00130384
    -0.000932377    -0.000988532
    -0.000441241    -0.000717198
    -0.000161541    -0.000758331
    -0.000639515    -0.000736349
     -0.00100376     -0.00116781
    -0.000556906    -0.000999316
      0.00242336     0.000470899
      0.00223587     0.000841065
     0.000284266     0.000102806
    -0.000425533    -0.000609065
     -0.00101089     -0.00107046
      0.00112641    -0.000619947
    -0.000511968    -0.000563493
    -0.000669234      -0.0015474
    -0.000777861    -0.000976917
    -0.000289531    -0.000457162
     0.000636332    -0.000514401
     0.000344696    -0.000892164
    -0.000544698    -0.000609265
     0.000259123    -0.000208945
      0.00374975      0.00338819
    -0.000736572    -0.000856639
    -0.000587152    -0.000620981
      9.4633e-05     -0.00111923
    -0.000752366     -0.00100196
    -0.000331088    -0.000348233
    -0.000678787    -0.000895025
    -0.000683251     -0.00075724
    -0.000547268    -0.000862226
     -0.00130794     -0.00192556
      0.00628955      0.00370619
    -0.000461034    -0.000605956
    -0.000740089    -0.000938196
      0.00600407      0.00476097
    -0.000767499    -0.000954717
     -0.00114698     -0.00133793
      -0.0011836     -0.00152996
    -0.000132115    -0.000515206
