QM Energy	FF Energy
    -0.000110247    -0.000128931
     -8.9893e-05    -9.71918e-05
     -1.3272e-05    -2.04761e-05
    -0.000911525     -0.00103581
     -4.9721e-05    -8.82795e-05
     -0.00023069    -0.000121258
    -0.000245435    -0.000147175
    -0.000997943     -0.00103904
     -0.00015477    -0.000183522
     -4.6404e-05    -6.17694e-05
    -0.000562053    -0.000815671
      -5.815e-05    -9.51919e-05
     -6.7443e-05    -9.85025e-05
    -0.000405603    -0.000437483
      -3.087e-05    -3.86148e-05
      -3.837e-06    -7.05599e-06
    -0.000423686    -0.000511495
      -2.259e-06    -6.09458e-06
     -0.00153505     -0.00173314
      -2.546e-05    -1.74817e-05
    -0.000323221    -0.000455128
     -5.3228e-05    -6.52185e-05
    -0.000278033    -0.000333167
    -0.000103477    -0.000143437
    -0.000149355    -0.000143639
      -5.139e-06    -6.08715e-06
    -0.000216691    -0.000147632
      -2.104e-06    -4.21752e-06
     -1.1769e-05    -1.13729e-05
     -0.00230586     -0.00167818
     -5.8451e-05    -7.43694e-05
     -0.00143797     -0.00136346
    -0.000417988    -0.000575227
     -0.00123011     -0.00170364
    -0.000256371    -0.000242093
     -1.0189e-05    -7.61274e-06
     -1.8617e-05    -2.27099e-05
       -0.001232     -0.00123201
     -0.00039569    -0.000474431
    -0.000258765    -0.000194755
      -2.679e-05    -4.24045e-05
     -1.0856e-05    -5.14482e-06
     -2.3643e-05     -2.1911e-05
      -1.004e-05    -9.38388e-06
     -0.00129512     -0.00119595
     -1.9354e-05    -1.28089e-05
    -0.000322414    -0.000465986
        -4.6e-06    -7.15528e-06
    -0.000751156    -0.000898658
      -0.0004289    -0.000475354
     -1.0003e-05      -1.635e-05
    -0.000965374     -0.00117017
     -2.9921e-05     -3.6251e-05
    -0.000892632    -0.000860356
       -9.59e-07    -2.74099e-06
    -0.000118706    -6.91936e-05
     -0.00102715    -0.000962778
    -0.000433369    -0.000474856
    -0.000680639     -0.00076781
     -1.9714e-05    -3.81939e-05
      -3.279e-06     -7.6158e-06
     -5.4252e-05    -6.87751e-05
    -0.000148695    -0.000166645
    -0.000134691    -0.000155464
     -8.2742e-05    -4.71275e-05
    -0.000769768    -0.000638179
     -0.00222498     -0.00180708
    -0.000217427    -0.000260226
      -3.849e-05    -6.00175e-05
    -0.000586532    -0.000687478
     -1.9577e-05    -2.57795e-05
      -8.878e-06    -1.13038e-05
    -0.000601373    -0.000474098
    -0.000306669    -0.000360976
     -3.2087e-05    -3.47033e-05
    -0.000269602     -0.00031047
      -6.574e-06    -8.57218e-06
     -7.2903e-05      -7.964e-05
    -0.000121027    -0.000124691
    -0.000155709     -0.00015434
    -0.000889761     -0.00112854
     -0.00109712     -0.00153595
    -0.000370764    -0.000422029
      -4.263e-05    -5.08568e-05
      -8.416e-06    -1.51918e-05
     -1.5347e-05     -2.1568e-05
      -5.014e-06    -1.02839e-05
     -9.0509e-05    -0.000149889
      -8.866e-06    -9.45823e-06
     -6.0101e-05    -8.94516e-05
     -1.1583e-05    -2.35518e-05
      -3.172e-06    -7.99886e-06
      -1.693e-06    -4.04293e-06
     -7.7634e-05    -8.78306e-05
     -8.9473e-05    -8.80358e-05
      -5.386e-06    -7.47827e-06
    -0.000199786    -0.000103549
     -0.00133219     -0.00126031
     -0.00220724     -0.00200367
     -1.8274e-05    -2.20567e-05
    -0.000369081    -0.000372737
      -7.925e-06    -1.32166e-05
     -0.00033837    -0.000379204
    -0.000122502    -0.000132153
     -9.3008e-05    -0.000112273
     -1.9976e-05    -1.14154e-05
      -5.329e-05    -6.23573e-05
    -0.000366228    -0.000358402
     -4.7436e-05    -4.03694e-05
     -8.5712e-05    -4.00464e-05
     -3.8217e-05    -4.51808e-05
     -2.5252e-05      -3.346e-05
    -0.000503495    -0.000740774
    -0.000903363    -0.000607822
     -1.7282e-05    -8.93687e-06
     -7.7785e-05    -0.000101642
     -2.5666e-05    -1.48863e-05
     -1.9687e-05    -1.31142e-05
     -6.2439e-05    -4.10708e-05
     -3.7193e-05    -5.62048e-05
      -9.554e-06    -1.40303e-05
    -0.000369108    -0.000492548
    -0.000142608     -0.00013134
     -1.5432e-05    -1.81392e-05
    -0.000495815    -0.000555077
     -3.4763e-05    -3.25594e-05
      -5.419e-05    -6.72437e-05
     -1.4096e-05    -1.84773e-05
     -1.2577e-05    -1.95061e-05
    -0.000381067    -0.000201136
    -0.000748956     -0.00137393
     -1.1401e-05    -1.53727e-05
    -0.000175999     -0.00020684
     -3.3813e-05    -5.69136e-05
      -3.327e-06    -6.87788e-06
    -0.000285418     -0.00035533
    -0.000426191    -0.000532689
    -0.000326328    -0.000260701
     -1.1834e-05    -2.01366e-05
    -0.000996769     -0.00110068
     -2.6984e-05    -2.95902e-05
     -0.00038209     -0.00044646
     -0.00103052     -0.00102923
    -0.000399309    -0.000433931
     -0.00110646     -0.00181428
     -3.5594e-05    -4.11909e-05
    -0.000246032    -0.000262307
     -4.1914e-05    -5.07056e-05
     -1.3012e-05     -1.8948e-05
    -0.000158195    -0.000214264
    -0.000212225    -0.000231098
    -0.000207454    -0.000246846
     -4.7088e-05    -2.87458e-05
    -0.000765132    -0.000703242
     -7.2974e-05    -8.64388e-05
    -0.000659211     -0.00193456
      -5.336e-06    -8.51949e-06
     -1.4704e-05    -5.08449e-06
     -1.2551e-05    -1.98032e-05
     -4.6672e-05     -3.2587e-05
      -3.518e-05    -4.95107e-05
    -0.000439168     -0.00062427
    -0.000180895    -0.000202724
    -0.000725228     -0.00106257
      -8.823e-06    -1.75423e-05
    -0.000109733    -0.000145789
     -1.9794e-05    -2.81652e-05
     -1.4068e-05    -2.59175e-05
    -0.000413864     -0.00034056
     -7.3599e-05    -6.04181e-05
     -8.3456e-05    -4.37194e-05
    -0.000240114    -0.000348836
     -0.00106834     -0.00114483
      -4.966e-06    -9.32589e-06
     -1.1709e-05     -2.0776e-05
      -1.378e-05     -1.3172e-05
     -9.7615e-05    -9.56778e-05
      -8.093e-06    -1.07201e-05
      -8.262e-06    -1.11538e-05
    -0.000314374    -0.000350524
     -7.1811e-05    -9.32603e-05
      -7.797e-06    -1.17962e-05
    -0.000456185    -0.000611382
      -6.434e-06    -6.30084e-06
     -4.1237e-05    -4.00334e-05
     -2.3008e-05    -2.84832e-05
     -0.00144574     -0.00171278
    -0.000872521      -0.0011438
    -0.000799249    -0.000831028
     -0.00165303     -0.00243835
      -4.865e-06    -6.16012e-06
    -0.000315577    -0.000328467
     -2.7397e-05    -2.30315e-05
      -0.0001053     -8.2155e-05
     -1.7164e-05    -1.34729e-05
       -7.84e-06    -1.20377e-05
    -0.000112682    -0.000129004
    -0.000196774    -0.000264891
     -2.1534e-05    -2.92517e-05
     -0.00012949    -0.000164615
     -1.7692e-05    -2.11035e-05
        -2.6e-06    -3.75835e-06
     -0.00209136     -0.00212969
     -0.00134226     -0.00132957
     -1.7429e-05    -2.96596e-05
     -0.00105978    -0.000807628
    -0.000376717    -0.000399777
    -0.000503262    -0.000427563
     -5.1717e-05    -5.79593e-05
     -0.00012322    -9.05419e-05
     -3.0721e-05    -3.95332e-05
     -3.0446e-05    -2.22821e-05
     -3.9841e-05    -4.63949e-05
     -4.6183e-05    -5.19106e-05
    -0.000607643    -0.000487027
     -3.0972e-05    -2.50431e-05
     -1.6805e-05    -1.46249e-05
      -3.973e-05    -3.21492e-05
      -1.527e-05    -1.92733e-05
      -8.111e-06    -1.43794e-05
    -0.000121706    -5.34853e-05
     -9.9918e-05      -0.0001099
    -0.000710765     -0.00108685
     -7.3365e-05    -0.000112027
    -0.000612527    -0.000717078
     -9.3226e-05    -8.33779e-05
    -0.000117111    -9.45524e-05
     -0.00170614     -0.00189834
    -0.000172798    -0.000189617
    -0.000903035    -0.000927699
    -0.000464699    -0.000580328
    -0.000242518    -0.000303303
     -2.7687e-05    -4.20127e-05
    -0.000270081    -0.000273868
    -0.000797092     -0.00122931
    -0.000954466      -0.0010111
     -6.2553e-05    -7.47481e-05
     -4.1437e-05    -2.51165e-05
     -0.00125683     -0.00119575
     -1.0526e-05    -6.41498e-06
      -5.155e-06     -6.4439e-06
    -0.000466913    -0.000607047
    -0.000415053    -0.000370652
     -1.5504e-05    -1.08894e-05
    -0.000561982    -0.000523458
     -9.2836e-05    -0.000111572
    -0.000304323    -0.000309039
    -0.000282004    -0.000303994
      -1.198e-05    -1.03913e-05
    -0.000114097    -9.12049e-05
      -4.129e-06    -4.92756e-06
     -5.2378e-05     -7.0884e-05
      -7.144e-06    -7.88352e-06
    -0.000429306    -0.000550619
     -0.00105951    -0.000921838
      -8.484e-06    -1.03866e-05
     -2.9402e-05    -3.06038e-05
     -0.00223035     -0.00140229
      -6.838e-05    -8.49637e-05
    -0.000211095     -0.00016604
     -7.6738e-05    -8.81622e-05
    -0.000270561    -0.000363073
    -0.000853231    -0.000598473
     -0.00110237     -0.00114626
      -3.578e-06    -6.53463e-06
     -1.3668e-05    -9.85363e-06
    -0.000314949    -0.000322724
      -5.328e-06    -5.78553e-06
      -1.095e-05    -1.22053e-05
     -0.00101989     -0.00130748
      -6.667e-06    -7.37827e-06
    -0.000303563    -0.000138718
    -0.000508022    -0.000599815
    -0.000289641     -0.00015558
    -0.000598252     -0.00058547
    -0.000205028    -0.000267927
    -0.000110849    -0.000144985
     -8.8886e-05    -9.45829e-05
     -7.6902e-05     -7.7947e-05
        -5.8e-06     -9.6669e-06
    -0.000861689     -0.00108593
     -2.7811e-05    -4.12368e-05
     -6.1056e-05    -3.42181e-05
       -2.31e-05    -2.65499e-05
     -0.00058288    -0.000748324
       -6.52e-06    -6.57809e-06
    -0.000503989    -0.000575214
    -0.000728523    -0.000798528
      -6.888e-06    -1.16339e-05
    -0.000129002    -5.45489e-05
     -2.6334e-05    -2.26447e-05
      -7.665e-06      -1.436e-05
      -0.0013678     -0.00120903
     -0.00128264     -0.00137084
      -6.997e-06    -9.87816e-06
     -3.7382e-05    -4.34786e-05
     -0.00051002     -0.00053933
    -0.000436304    -0.000502198
     -2.0027e-05    -2.68179e-05
     -0.00069276    -0.000720794
    -0.000270772    -0.000308663
     -0.00102651     -0.00115381
     -5.3979e-05    -4.01765e-05
      -9.545e-06    -1.25089e-05
      -1.696e-06    -3.61091e-06
     -3.3139e-05     -3.6939e-05
    -0.000112249    -0.000159631
    -0.000457756    -0.000547336
    -0.000498381    -0.000555315
     -0.00123703     -0.00151735
    -0.000174337    -0.000112708
      -5.937e-06    -1.02079e-05
      -7.923e-06    -7.81506e-06
     -0.00031505    -0.000372123
     -1.8114e-05    -1.80959e-05
    -0.000505211    -0.000613653
    -0.000114669    -0.000142738
    -0.000536499    -0.000426649
      -4.765e-06    -8.71375e-06
     -0.00104887     -0.00102427
     -3.1329e-05    -3.19961e-05
     -0.00010932    -0.000102363
     -1.1663e-05    -1.69411e-05
    -0.000637513    -0.000639001
     -0.00192612     -0.00129446
     -8.4954e-05    -0.000104874
    -0.000247466    -0.000322633
      -6.544e-06    -1.18342e-05
    -0.000417905    -0.000367333
    -0.000586765    -0.000505213
       -4.85e-05    -6.42509e-05
      -5.925e-06    -8.99037e-06
    -0.000398832    -0.000495637
     -5.1221e-05    -2.95518e-05
      -6.352e-06     -7.7029e-06
     -1.4601e-05    -9.34403e-06
     -0.00047556    -0.000501741
     -0.00109047    -0.000940603
    -0.000119497    -0.000164682
    -0.000297611    -0.000385484
     -7.2676e-05    -8.12396e-05
    -0.000938469     -0.00106711
     -0.00017018    -0.000193556
     -9.7286e-05    -0.000100458
      -5.588e-06    -6.91224e-06
     -3.1349e-05    -4.06831e-05
     -7.1521e-05    -8.00717e-05
     -1.9873e-05    -1.75265e-05
     -2.2183e-05     -2.5815e-05
     -1.5417e-05    -3.07351e-05
      -0.0019134     -0.00191725
    -0.000100465     -8.0207e-05
      -3.857e-06    -5.06709e-06
      -5.725e-06    -1.08375e-05
      -7.425e-06    -1.32043e-05
      -7.647e-06    -1.24745e-05
     -0.00201567     -0.00143361
     -0.00102497    -0.000647131
    -0.000223652    -0.000162267
     -3.5187e-05    -2.02089e-05
    -0.000563911    -0.000605448
    -0.000273956    -0.000274385
     -7.0964e-05    -7.21414e-05
     -1.0959e-05    -2.19843e-05
     -5.1311e-05    -4.14442e-05
       -9.82e-06     -1.2482e-05
     -1.7348e-05    -1.85495e-05
    -0.000754604    -0.000861447
    -0.000126764    -8.35731e-05
     -1.5118e-05    -1.86552e-05
     -3.1956e-05    -4.23569e-05
     -0.00101307    -0.000746421
    -0.000925826     -0.00159995
     -0.00078244     -0.00102005
    -0.000294632    -0.000327573
     -0.00112269     -0.00118847
      -6.164e-06    -1.25748e-05
      -1.701e-06    -3.36056e-06
    -0.000382512    -0.000431996
      -3.623e-06    -7.81141e-06
     -0.00197621     -0.00149818
    -0.000296922    -0.000331966
    -0.000767847    -0.000770671
      -6.844e-06    -7.77998e-06
    -0.000358804    -0.000215626
    -0.000156553    -0.000149293
      -1.036e-05    -4.84375e-06
    -0.000238205    -0.000253985
     -6.3458e-05    -7.66163e-05
    -0.000353641    -0.000360432
     -0.00187448     -0.00196261
     -1.1343e-05    -1.37649e-05
    -0.000922982    -0.000837337
      -2.595e-06    -5.85181e-06
     -5.9426e-05    -6.96031e-05
     -9.8257e-05    -0.000163359
       -6.53e-05    -8.98682e-05
    -0.000352748    -0.000343889
      -0.0025585     -0.00216134
     -1.2539e-05    -8.85585e-06
    -0.000100008    -0.000131968
     -2.6419e-05    -4.16357e-05
      -1.065e-05    -1.12472e-05
    -0.000399541    -0.000426552
      -0.0007009    -0.000417729
    -0.000103885    -0.000155885
    -0.000966572      -0.0011391
     -4.0929e-05    -5.02511e-05
    -0.000185127    -0.000202388
    -0.000365078    -0.000371292
      -3.088e-06    -4.58805e-06
    -0.000213646    -0.000193029
     -1.3684e-05    -1.20736e-05
       -6.85e-06      -1.163e-05
     -6.3677e-05    -7.52886e-05
    -0.000311957    -0.000254753
     -0.00138211       -0.001389
      -3.782e-05    -1.94217e-05
      -8.495e-06    -1.06753e-05
      -9.212e-05    -0.000108468
     -0.00105228     -0.00120541
     -6.9934e-05    -4.64848e-05
     -1.1513e-05     -1.7144e-05
     -0.00023244    -0.000274374
      -8.354e-06    -1.59035e-05
     -1.1795e-05    -7.14271e-06
     -6.3412e-05    -7.09264e-05
     -0.00109759     -0.00096092
    -0.000218794    -0.000339857
     -0.00021091    -0.000129625
    -0.000345052    -0.000374644
    -0.000370329    -0.000430007
      -2.669e-06    -5.44575e-06
      -4.429e-06    -6.72058e-06
      -5.588e-06    -9.38031e-06
    -0.000112931    -4.94553e-05
     -1.0374e-05     -1.3624e-05
    -0.000616038    -0.000474901
     -1.3509e-05    -9.30054e-06
      -5.809e-06    -9.11473e-06
     -1.1529e-05    -1.36975e-05
     -9.0228e-05    -0.000100101
     -5.1872e-05    -6.73318e-05
      -8.375e-06    -7.21133e-06
     -1.6617e-05     -1.0624e-05
    -0.000838897     -0.00070304
    -0.000989734    -0.000681243
     -1.9901e-05    -3.08887e-05
      -0.0012663     -0.00110573
    -0.000646201    -0.000700524
    -0.000899559    -0.000716167
     -1.1215e-05    -6.61161e-06
    -0.000108157    -6.49194e-05
     -0.00105869     -0.00101572
     -8.3714e-05    -0.000115492
     -1.9698e-05    -2.45087e-05
     -2.4818e-05    -2.86306e-05
     -0.00239107     -0.00196782
      -4.596e-06    -8.65668e-06
     -1.6809e-05    -1.98738e-05
     -4.5629e-05    -4.70645e-05
    -0.000550161    -0.000618927
    -0.000764028    -0.000639952
    -0.000878804    -0.000842548
    -0.000134224    -0.000186271
     -0.00013508    -8.35168e-05
    -0.000274286    -0.000379979
    -0.000565799    -0.000615987
     -1.0624e-05    -1.29437e-05
     -8.1527e-05    -4.35516e-05
    -0.000121319    -0.000191036
      -6.659e-06    -7.91526e-06
     -3.7318e-05    -3.86152e-05
    -0.000720414    -0.000691786
    -0.000242175    -0.000165102
    -0.000319141    -0.000426416
    -0.000245552    -0.000286193
    -0.000726559      -0.0007511
      -5.805e-05    -9.88621e-05
    -0.000501965    -0.000414781
      -2.873e-06    -6.55095e-06
    -0.000181062    -0.000217456
      -7.903e-06     -1.2337e-05
     -1.9697e-05    -2.18741e-05
      -3.024e-06    -6.26752e-06
      -0.0003704    -0.000394296
     -1.5629e-05    -1.56467e-05
     -0.00112214     -0.00121536
     -4.6245e-05    -2.18356e-05
    -0.000415934     -0.00026797
      -0.0011991     -0.00163589
     -1.5486e-05    -2.72176e-05
    -0.000465773    -0.000595434
     -0.00134301    -0.000785304
     -1.3655e-05    -7.11343e-06
       -7.59e-06    -1.23974e-05
     -3.8135e-05    -5.42313e-05
      -8.982e-05    -0.000100404
     -4.3151e-05    -6.52118e-05
    -0.000397971    -0.000549615
     -1.8881e-05    -2.08852e-05
    -0.000129028    -0.000124294
     -1.2596e-05    -8.68784e-06
     -5.0315e-05     -7.7185e-05
     -5.6118e-05    -9.50692e-05
     -1.9726e-05    -2.54685e-05
    -0.000484013    -0.000577768
     -3.2214e-05    -4.44347e-05
    -0.000171164    -0.000184949
      -3.199e-06    -6.23753e-06
      -7.676e-06    -1.07914e-05
    -0.000196816    -0.000129592
     -2.4583e-05    -2.21118e-05
     -2.0844e-05    -3.63651e-05
      -5.766e-06    -7.56893e-06
    -0.000920177    -0.000828884
     -0.00107614    -0.000823828
     -2.6981e-05    -2.20501e-05
    -0.000161077     -0.00017109
      -8.888e-06    -1.45175e-05
    -0.000253582    -0.000283453
     -3.5986e-05    -5.20286e-05
     -0.00023701    -0.000305483
     -1.2802e-05    -6.03285e-06
    -0.000264147    -0.000140102
    -0.000263582    -0.000321258
      -2.949e-06    -6.02067e-06
      -4.616e-06    -7.58664e-06
       -8.64e-06    -1.79059e-05
     -5.6737e-05    -6.78088e-05
    -0.000143277    -0.000129399
     -0.00077634    -0.000965115
     -3.8311e-05    -4.81732e-05
    -0.000155315    -0.000175506
     -2.3929e-05    -3.50303e-05
      -2.622e-06    -6.19612e-06
     -0.00045619     -0.00061245
     -3.8761e-05     -5.6429e-05
    -0.000681104     -0.00180808
     -0.00107536     -0.00056362
    -0.000116931    -0.000155821
    -0.000375868    -0.000481738
     -2.0494e-05    -3.93878e-05
      -9.998e-06    -1.43559e-05
     -0.00188973     -0.00139374
     -3.2478e-05    -4.09115e-05
     -0.00140633     -0.00163881
      -7.986e-06    -5.74755e-06
     -0.00126306     -0.00150432
       -2.37e-06    -4.61617e-06
     -7.8593e-05    -9.60578e-05
      -2.894e-05    -3.80306e-05
    -0.000672426    -0.000408379
     -1.2482e-05    -6.13438e-06
    -0.000453922    -0.000432467
    -0.000183113     -0.00011232
      -3.486e-06    -7.16275e-06
    -0.000102592    -0.000127878
     -5.7027e-05    -4.99266e-05
     -1.5671e-05    -2.01684e-05
    -0.000287721    -0.000388525
      -0.0010953     -0.00121384
    -0.000780812     -0.00159146
      -2.331e-05    -3.15921e-05
     -2.1841e-05    -2.68134e-05
     -1.3791e-05    -2.17614e-05
      -9.641e-06    -1.08315e-05
    -0.000656156     -0.00215674
     -1.2791e-05    -1.54337e-05
    -0.000265532     -0.00035353
     -5.5579e-05     -5.8241e-05
    -0.000273953    -0.000282362
     -1.9635e-05     -3.3774e-05
     -2.6015e-05    -4.88593e-05
     -6.4581e-05     -7.4251e-05
    -0.000116998    -0.000137762
    -0.000164258    -0.000190612
     -1.1208e-05    -1.16267e-05
     -0.00106059     -0.00127483
    -0.000107119    -7.95812e-05
      -1.124e-05    -1.28013e-05
     -0.00026023    -0.000299584
    -0.000733408    -0.000804448
    -0.000635554    -0.000707536
    -0.000564973    -0.000394022
     -2.9118e-05    -4.17667e-05
    -0.000760694    -0.000545716
      -3.633e-06    -5.92512e-06
     -3.3807e-05    -3.30817e-05
     -7.6205e-05    -0.000120505
     -5.4058e-05    -6.79994e-05
     -0.00113306     -0.00100052
     -2.9606e-05    -1.42522e-05
     -4.6558e-05    -2.79765e-05
     -2.7685e-05    -2.37689e-05
      -1.881e-05    -2.58011e-05
    -0.000275357    -0.000358881
    -0.000142862    -0.000157373
     -0.00056633    -0.000693929
     -1.3715e-05    -1.70652e-05
      -4.344e-06    -7.20918e-06
      -8.188e-06    -4.44287e-06
      -2.215e-06     -4.5664e-06
      -8.953e-06    -1.41286e-05
    -0.000945951     -0.00130606
     -2.1043e-05     -2.1307e-05
     -3.7768e-05    -4.76573e-05
     -1.7207e-05    -1.95544e-05
    -0.000298777    -0.000297129
    -0.000352716    -0.000334429
     -0.00044984    -0.000394484
     -0.00016231    -0.000200753
    -0.000415662    -0.000487106
     -2.2249e-05    -3.16198e-05
     -2.7175e-05    -1.35079e-05
    -0.000207407    -0.000257756
    -0.000741533    -0.000748523
    -0.000868769     -0.00108262
      -7.163e-06    -8.42616e-06
    -0.000959811     -0.00113142
     -2.2054e-05    -2.94092e-05
    -0.000319798    -0.000425473
     -0.00015265    -0.000223342
     -2.2337e-05    -2.46535e-05
      -7.266e-06    -9.93315e-06
     -1.6364e-05    -1.94375e-05
    -0.000124002    -0.000118923
    -0.000218221    -0.000198884
     -3.6781e-05    -6.36602e-05
      -7.093e-06    -8.88862e-06
     -5.1515e-05    -5.49083e-05
     -0.00120318     -0.00167779
     -1.1459e-05    -5.52146e-06
     -8.9182e-05    -0.000104952
     -3.1917e-05    -3.40423e-05
     -1.3454e-05    -2.41166e-05
    -0.000335166      -0.0003752
     -3.0563e-05    -1.99811e-05
    -0.000364545    -0.000427309
    -0.000344436    -0.000360934
      -3.699e-06    -6.59701e-06
     -1.7419e-05    -2.61063e-05
      -6.403e-06    -1.18354e-05
     -0.00127005     -0.00131078
      -5.466e-06    -9.77611e-06
      -9.472e-06    -9.27121e-06
    -0.000747317    -0.000672073
     -4.3524e-05    -6.30182e-05
    -0.000157204    -0.000174785
    -0.000226958    -0.000254071
    -0.000395381    -0.000478723
     -1.7047e-05    -2.15449e-05
      -0.0021252     -0.00146621
    -0.000409983    -0.000510646
    -0.000227071    -0.000258931
    -0.000852952     -0.00132474
    -0.000665319    -0.000676163
     -1.4973e-05    -1.85108e-05
    -0.000148119    -0.000173183
     -5.6624e-05    -7.26779e-05
      -9.991e-05    -8.72192e-05
    -0.000296799    -0.000288931
      -4.994e-06    -1.16801e-05
    -0.000798214     -0.00113968
     -2.4301e-05    -2.88768e-05
      -9.127e-06    -1.03022e-05
     -6.6886e-05    -0.000112513
     -5.9504e-05    -6.76883e-05
      -4.183e-06    -8.62013e-06
     -1.7538e-05    -3.64849e-05
      -1.592e-05    -7.91864e-06
     -3.9894e-05    -6.45417e-05
     -2.0585e-05     -2.0621e-05
    -0.000100498    -5.49826e-05
     -2.5251e-05    -3.78644e-05
    -0.000375964     -0.00056274
     -0.00163661     -0.00131021
    -0.000394312    -0.000440419
     -3.2005e-05    -4.11373e-05
     -2.1857e-05    -2.21163e-05
     -4.4322e-05    -3.64429e-05
      -7.803e-06    -1.10401e-05
      -5.468e-06    -7.12639e-06
     -5.7103e-05    -6.59157e-05
     -3.8997e-05    -4.87808e-05
    -0.000366331     -0.00049354
    -0.000950912     -0.00269522
     -0.00131743     -0.00110466
     -2.9979e-05    -4.73551e-05
     -8.4623e-05    -9.81866e-05
    -0.000178014    -9.19267e-05
    -0.000554934    -0.000787056
    -0.000165085    -0.000207009
     -2.0346e-05    -3.02733e-05
      -9.398e-06    -5.76968e-06
     -5.0518e-05    -8.27804e-05
      -4.253e-06    -6.05938e-06
    -0.000163145    -0.000128595
     -4.7777e-05    -7.69218e-05
    -0.000496506    -0.000286879
     -0.00191227     -0.00207783
     -3.5426e-05    -1.63837e-05
     -3.8315e-05    -4.72479e-05
     -0.00165847      -0.0024483
     -4.3595e-05    -3.17343e-05
    -0.000202234    -0.000203153
     -1.3399e-05     -7.2304e-06
     -1.4018e-05    -1.42989e-05
    -0.000149649    -0.000170734
    -0.000419251    -0.000482582
     -0.00134183     -0.00167189
      -6.286e-06    -8.99484e-06
     -3.8474e-05    -5.82813e-05
    -0.000516164    -0.000522005
    -0.000454912    -0.000599681
     -2.7717e-05    -3.91925e-05
     -0.00111226     -0.00121034
     -5.7843e-05    -9.52361e-05
      -2.903e-06    -6.03142e-06
      -7.781e-06     -1.2235e-05
    -0.000205386      -0.0001349
      -8.545e-06    -1.08335e-05
      -4.867e-06    -7.46607e-06
    -0.000568084    -0.000494192
     -9.0044e-05    -0.000130866
    -0.000103087    -0.000122215
     -1.2478e-05    -1.61046e-05
     -0.00133883     -0.00189503
    -0.000806237    -0.000894219
     -0.00158257     -0.00143641
     -1.0896e-05    -7.75524e-06
     -1.0324e-05    -1.14527e-05
    -0.000242776    -0.000242961
     -3.3572e-05    -3.34248e-05
     -3.5964e-05    -4.83273e-05
    -0.000114538    -0.000134542
    -0.000499728     -0.00046707
     -0.00222304     -0.00251488
      -6.702e-06    -7.64977e-06
    -0.000268993    -0.000269495
     -1.1833e-05    -1.66931e-05
    -0.000101272    -0.000143037
    -0.000638607    -0.000557715
     -8.7951e-05    -0.000112225
     -7.0474e-05    -6.68264e-05
     -6.3276e-05    -8.16304e-05
     -6.8242e-05    -8.17612e-05
    -0.000349839    -0.000493591
    -0.000512705    -0.000595465
    -0.000463721    -0.000609232
      -6.979e-06    -1.17252e-05
     -2.9289e-05    -4.29735e-05
     -3.3574e-05    -1.50854e-05
    -0.000386494    -0.000421536
     -4.2755e-05    -6.91459e-05
     -0.00014009    -0.000145806
     -2.5346e-05    -3.78395e-05
      -7.105e-06    -1.42116e-05
      -2.882e-06    -4.92308e-06
      -4.741e-05    -5.59926e-05
    -0.000112032    -8.17041e-05
     -8.0204e-05    -7.60243e-05
    -0.000610246    -0.000712337
     -0.00127121     -0.00146698
     -0.00066446    -0.000752304
      -8.787e-06    -1.44853e-05
    -0.000787742    -0.000948834
    -0.000795674    -0.000907499
     -8.7699e-05     -7.5703e-05
     -3.8294e-05    -4.93456e-05
    -0.000902661    -0.000973377
    -0.000941603     -0.00102867
       -6.67e-06    -7.88528e-06
     -0.00127898     -0.00117986
      -2.637e-05    -5.01141e-05
     -4.9655e-05    -8.96898e-05
     -2.5198e-05    -2.68295e-05
    -0.000166088    -0.000120148
     -0.00015016     -0.00023312
    -0.000571643    -0.000546044
    -0.000186044    -0.000211415
     -1.9039e-05     -2.5013e-05
      -3.454e-06    -6.24625e-06
     -3.2826e-05    -4.29596e-05
    -0.000298139    -0.000349424
     -7.7586e-05    -4.87632e-05
    -0.000158529     -0.00018084
     -9.1743e-05    -9.78836e-05
    -0.000541517    -0.000265084
    -0.000408975    -0.000441043
     -3.1409e-05    -3.54819e-05
    -0.000341814    -0.000399522
     -2.2367e-05    -2.90312e-05
    -0.000333426    -0.000225126
    -0.000364912    -0.000230366
     -3.3715e-05    -4.16063e-05
      -9.458e-06    -5.15922e-06
    -0.000175426    -0.000233213
      -5.855e-06    -8.55766e-06
     -3.6933e-05    -4.18751e-05
     -9.9757e-05    -0.000116168
      -6.269e-06    -7.23862e-06
     -5.0417e-05    -6.92284e-05
     -0.00235961     -0.00180754
      -5.264e-06    -7.56621e-06
      -7.445e-06    -1.09256e-05
    -0.000194701    -0.000127374
       -6.02e-06    -5.05105e-06
        -7.5e-06    -1.16786e-05
    -0.000580451    -0.000601323
    -0.000436103    -0.000430674
    -0.000121532    -9.68593e-05
      -3.822e-06    -6.92176e-06
    -0.000414093    -0.000559541
    -0.000397522    -0.000528457
     -5.3785e-05    -3.96986e-05
    -0.000216058    -0.000217533
     -2.5073e-05    -3.01372e-05
     -1.0535e-05    -8.36592e-06
     -2.4211e-05    -4.32789e-05
     -3.6064e-05    -4.25571e-05
     -0.00147298     -0.00178147
    -0.000309774    -0.000365155
     -5.1569e-05    -6.00597e-05
     -6.2872e-05     -8.5354e-05
     -1.1603e-05    -1.50983e-05
    -0.000802788     -0.00127675
    -0.000321648    -0.000274758
    -0.000285753    -0.000153278
      -7.711e-06    -1.02215e-05
    -0.000855653     -0.00112497
     -0.00152167     -0.00159087
     -1.6124e-05    -2.39954e-05
    -0.000516633    -0.000557314
     -4.1395e-05    -7.34354e-05
     -2.8182e-05    -2.27514e-05
    -0.000488295    -0.000592781
      -9.376e-05    -5.51753e-05
     -3.6353e-05    -3.65056e-05
      -5.628e-06    -4.40318e-06
     -1.1731e-05    -1.59973e-05
     -7.5794e-05    -0.000100328
       -8.52e-06    -8.27401e-06
     -1.2878e-05    -1.79582e-05
     -2.4963e-05     -2.4457e-05
     -7.9774e-05    -7.29078e-05
     -9.1041e-05    -9.25003e-05
     -0.00140339     -0.00087192
     -0.00100431     -0.00109698
      -1.438e-05    -1.74786e-05
    -0.000151738    -0.000222054
    -0.000954439    -0.000990941
       -0.001677     -0.00161298
    -0.000209259    -0.000166757
     -8.6976e-05     -9.5822e-05
    -0.000422166    -0.000488219
     -6.5572e-05    -8.04132e-05
    -0.000452638    -0.000524312
     -9.2957e-05    -0.000118185
    -0.000323311    -0.000337878
     -9.5074e-05    -8.88688e-05
    -0.000947612    -0.000870318
     -7.7498e-05    -0.000107869
     -0.00251135     -0.00182093
    -0.000404667    -0.000534822
     -1.5801e-05    -1.86188e-05
       -9.58e-06    -1.01506e-05
    -0.000560783     -0.00080514
      -4.845e-06    -8.13354e-06
     -9.5586e-05    -0.000116136
    -0.000587277    -0.000541396
     -1.1004e-05    -2.12368e-05
       -1.43e-05    -1.47975e-05
     -3.0831e-05    -3.44267e-05
    -0.000197408    -0.000233435
     -2.5765e-05    -4.11641e-05
    -0.000850808     -0.00115809
    -0.000206542     -0.00020893
     -8.9441e-05    -0.000104163
    -0.000260554    -0.000275609
     -5.7921e-05    -6.15137e-05
     -4.4974e-05    -6.07315e-05
      -9.764e-06    -5.67965e-06
       -3.23e-06     -5.0062e-06
      -7.418e-06    -8.66835e-06
     -2.0262e-05    -1.74069e-05
    -0.000165213    -0.000156014
     -7.9621e-05    -6.90537e-05
     -4.8856e-05    -6.70344e-05
     -9.3808e-05    -7.18261e-05
     -1.4749e-05    -1.76311e-05
     -1.9828e-05    -9.76493e-06
     -7.9548e-05    -9.68846e-05
     -0.00126232     -0.00135288
      -6.324e-06    -7.46538e-06
    -0.000167895    -0.000224945
     -0.00058288    -0.000697306
     -2.4881e-05    -4.05877e-05
    -0.000718696    -0.000574733
     -0.00115059     -0.00146154
     -1.2582e-05    -2.33511e-05
     -0.00130556    -0.000884547
     -0.00019438    -0.000101447
    -0.000106831    -0.000108653
      -4.264e-06    -7.57703e-06
     -0.00080618     -0.00092577
       -5.58e-06    -6.91014e-06
      -4.407e-05    -5.07229e-05
     -0.00118803     -0.00120636
    -0.000425135    -0.000416722
    -0.000193673    -0.000249005
    -0.000233851    -0.000255329
     -0.00134745     -0.00169318
     -5.3403e-05    -4.13925e-05
     -5.6933e-05    -2.99548e-05
     -3.0769e-05    -3.46484e-05
    -0.000625699    -0.000690903
    -0.000710056    -0.000410944
     -6.6111e-05    -4.00753e-05
    -0.000444374    -0.000388444
     -3.5677e-05    -4.36548e-05
    -0.000708276    -0.000728224
    -0.000653303    -0.000517476
    -0.000409913    -0.000466643
     -1.8055e-05    -9.77276e-06
    -0.000274949    -0.000314389
     -6.3548e-05    -0.000106618
     -0.00156627    -0.000937543
      -1.211e-05    -1.87618e-05
    -0.000651229     -0.00107058
    -0.000183686    -0.000113033
    -0.000312325    -0.000438696
     -0.00170697     -0.00170367
    -0.000908495     -0.00105614
     -3.3874e-05    -4.18371e-05
      -7.587e-05    -9.91956e-05
    -0.000341118    -0.000275495
     -1.7026e-05    -2.52282e-05
     -1.3848e-05    -1.88495e-05
    -0.000108755    -5.11861e-05
    -0.000160539    -0.000184652
     -7.9222e-05    -7.35178e-05
     -1.1117e-05    -1.30913e-05
    -0.000213116    -0.000242654
     -8.4329e-05     -0.00010235
     -0.00013178    -0.000142592
    -0.000252791    -0.000338744
       -8.16e-06    -1.64874e-05
     -4.8863e-05     -4.1253e-05
      -7.565e-06    -1.26074e-05
     -0.00113594     -0.00148504
      -2.631e-06    -5.72951e-06
      -0.0004839    -0.000420962
     -9.6185e-05    -0.000101511
     -0.00013857    -0.000136136
    -0.000110896    -0.000100296
     -1.8001e-05    -2.81237e-05
       -8.49e-06    -1.64126e-05
     -3.5753e-05    -5.98503e-05
     -3.7337e-05    -3.48557e-05
      -2.692e-05    -3.36846e-05
    -0.000234398     -0.00021013
    -0.000584566    -0.000817776
    -0.000627948    -0.000725676
    -0.000571589    -0.000528856
      -9.816e-06    -1.58231e-05
      -9.577e-06    -1.15074e-05
    -0.000620587    -0.000763001
      -2.679e-06    -6.08949e-06
    -0.000154032    -0.000179702
     -1.5671e-05    -2.98177e-05
     -1.3263e-05    -1.56905e-05
    -0.000505771    -0.000533008
    -0.000642514    -0.000715662
     -1.0441e-05    -1.30981e-05
    -0.000267854    -0.000180518
    -0.000997433     -0.00086678
     -1.3479e-05    -2.45915e-05
      -5.217e-06    -6.91724e-06
    -0.000415612    -0.000461484
     -8.1797e-05    -8.19597e-05
      -6.994e-06    -5.43363e-06
     -4.8452e-05    -5.39782e-05
      -3.741e-06    -5.59222e-06
    -0.000286353    -0.000219871
    -0.000480167    -0.000544982
    -0.000875017     -0.00101077
      -2.201e-06    -4.64395e-06
     -9.9999e-05    -8.23232e-05
     -0.00174401      -0.0016994
     -3.5058e-05    -4.57938e-05
     -1.4298e-05     -2.4106e-05
     -8.1554e-05    -7.78453e-05
    -0.000190524    -0.000184717
