QM Energy	FF Energy
    -0.000429662    -0.000384173
      8.1733e-05     0.000119054
    -0.000301513    -0.000156504
    -0.000924474     -0.00122401
     -0.00535687     -0.00439725
      -0.0198506      -0.0180912
    -0.000429443    -0.000330667
     -0.00893268     -0.00852955
     -0.00108139    -0.000828204
     -0.00283353     -0.00274237
     -0.00154535     -0.00146465
    -0.000113121    -0.000137042
       -8.38e-06    -8.29237e-05
     -0.00677976     -0.00664297
     -0.00188168     -0.00243769
     -0.00512043     -0.00795808
     -0.00364317     -0.00349787
     -0.00737023     -0.00582347
      -0.0151561      -0.0131983
     -0.00123546    -0.000901421
     -0.00481786     -0.00562181
     -0.00414908     -0.00381486
     -0.00438839     -0.00436311
    -0.000598032    -0.000914537
    -0.000456933    -0.000800788
     -0.00301626     -0.00310851
    -0.000930903     -0.00108374
    -0.000842316    -0.000867205
     -0.00290347     -0.00429386
     0.000190995    -0.000148972
    -0.000173995    -0.000239094
     -0.00555813     -0.00523531
      -0.0150581      -0.0168471
      5.7997e-05     -0.00012072
    -0.000249892     -0.00061333
     0.000166806     -1.1242e-05
     -0.00454322     -0.00455767
    -0.000293486     -0.00037968
       -0.010216     -0.00992671
    -0.000912577    -0.000993747
     -0.00737418     -0.00679213
     -0.00570555     -0.00541575
    -0.000985764     -0.00120924
       -0.014586      -0.0139063
       0.0003104       6.603e-05
       -0.008077     -0.00703435
     -0.00139749     -0.00116655
     -0.00083375     -0.00107165
     0.000448143      0.00032393
     -0.00346092     -0.00283371
      9.2487e-05     1.55562e-05
    -0.000637204    -0.000884104
      -0.0166415      -0.0172775
    -0.000167823    -0.000361895
     -0.00900423     -0.00931935
     -0.00285237     -0.00284943
     0.000100043    -9.32973e-05
    -0.000183871    -8.75961e-05
      -0.0125498      -0.0121147
      -0.0013541     -0.00188892
     -0.00278025     -0.00282939
     -0.00189681     -0.00256204
     -0.00014439    -0.000104622
     -0.00107195     -0.00121569
     -0.00728843     -0.00816983
     -0.00275965     -0.00272652
    -0.000620542    -0.000915785
    -0.000386258    -0.000647428
    -0.000181593    -0.000255424
     -0.00174194     -0.00145245
     -0.00032349    -0.000398076
    -0.000842176     -0.00151625
    -0.000708085    -0.000615515
    -0.000137157    -0.000201867
     0.000136543     7.50882e-05
    -0.000890584    -0.000987309
    -0.000625335    -0.000959598
     -0.00558129     -0.00589425
    -0.000324009    -0.000680011
      -0.0153863      -0.0134775
     -0.00236766     -0.00244465
       -0.011043       -0.010124
    -0.000198504    -0.000244874
     -0.00053155    -0.000279519
      0.00023806     7.07088e-05
     -3.8713e-05    -0.000171372
     0.000177126     6.58675e-05
    -0.000364691    -0.000322442
     0.000160057     0.000180432
      -0.0245333      -0.0230911
    -0.000283409    -0.000396225
    -0.000453473    -0.000402896
     -0.00707559     -0.00538717
     -0.00113134     -0.00160069
     -0.00060391    -0.000472168
      -0.0276655       -0.026299
     -0.00168221     -0.00194695
     -0.00584997     -0.00618342
     -0.00093612    -0.000781703
    -0.000598265    -0.000651876
     -0.00450523     -0.00402132
    -0.000122315    -7.41998e-05
     -5.2391e-05    -0.000101119
      -0.0051103     -0.00436935
    -0.000308634    -0.000230796
      3.4727e-05     -5.9751e-05
     -0.00241798     -0.00299134
      -9.477e-06    -0.000298343
     -0.00112171    -0.000772434
    -0.000336273    -0.000292082
    -0.000118126     -0.00030834
     0.000395457     5.88215e-05
     -0.00649226     -0.00699353
    -0.000661777    -0.000399704
      -0.0143702      -0.0161396
      -0.0030228     -0.00399695
    -0.000394269    -0.000319299
    -0.000471991    -0.000535184
    -0.000656814    -0.000590919
    -0.000227261    -0.000329242
     -0.00051473    -0.000789439
     0.000439964     0.000222925
     -0.00145017     -0.00140466
      -0.0106774      -0.0100527
     -0.00223695     -0.00233272
      5.2329e-05    -0.000142476
     -2.8901e-05    -4.16995e-05
     -0.00189978     -0.00158395
    -0.000344795    -0.000433084
     -0.00369891     -0.00510358
    -0.000239474    -0.000285748
     -0.00296931     -0.00410307
     -8.9132e-05    -4.04868e-05
     -0.00269582     -0.00302146
     -0.00198062     -0.00152755
    -0.000160788    -0.000105345
    -0.000113073    -8.98761e-05
    -0.000114797     6.57047e-05
      -0.0205573      -0.0208944
      -0.0120758      -0.0119591
     -0.00189322     -0.00177664
    -0.000256693    -0.000197693
      -0.0044652     -0.00367972
     -5.7332e-05     2.44361e-05
     -0.00280562     -0.00344613
    -0.000625181    -0.000391869
     -0.00539208     -0.00415202
    -0.000832567    -0.000821549
     0.000181759      0.00011678
      7.4874e-05     6.96378e-05
     -0.00134049     -0.00201148
     0.000366808     0.000199655
    -0.000450587    -0.000534463
     -0.00101922    -0.000900197
    -0.000194599    -7.75194e-05
     -0.00208303     -0.00195848
    -0.000281884    -0.000172901
    -0.000505628    -0.000526639
     0.000318498     0.000227309
     -0.00294613     -0.00283217
    -0.000209435    -0.000148249
     -0.00153682     -0.00124242
     -0.00160773      -0.0016244
     -3.1396e-05    -0.000122286
     -0.00022489     -0.00034189
     -0.00394248     -0.00416355
    -0.000857893    -0.000788238
    -0.000201426    -0.000365622
    -0.000868306    -0.000706527
     -0.00112251     -0.00156874
     0.000336856     0.000286799
     -0.00682576     -0.00843641
     -0.00862163      -0.0104097
    -0.000209887    -0.000240174
    -0.000590424    -0.000591799
    -0.000173737    -0.000264407
    -0.000746348     -0.00116239
      -0.0154495      -0.0141628
    -0.000595786    -0.000538358
     0.000139269    -5.48907e-05
     -0.00530416     -0.00573126
       -0.031196      -0.0301639
     -0.00408575     -0.00508053
     -0.00160353     -0.00124576
      -0.0139363      -0.0136172
      -0.0110668      -0.0140424
     -0.00403552     -0.00470175
     0.000141705    -4.48316e-05
      3.5158e-05    -0.000189635
    -0.000749403    -0.000630032
    -0.000117788    -3.43803e-05
    -0.000302347    -0.000163327
      -0.0027485     -0.00300015
     -0.00242143     -0.00258482
     -0.00208038     -0.00214723
     -0.00020085    -1.65114e-05
     -0.00162437     -0.00171769
    -0.000665804    -0.000781274
     -0.00331047     -0.00358572
     -0.00547922     -0.00411982
     -0.00205273      -0.0018558
     -5.3069e-05     7.13645e-05
      -0.0001676    -0.000185047
     0.000102947     0.000113504
      -0.0204148      -0.0193585
    -0.000717571    -0.000484086
     -0.00166736     -0.00201903
    -0.000985519     -0.00105385
     0.000298527     0.000216232
     -0.00110248     -0.00116356
      2.7717e-05    -0.000240238
     -0.00156587     -0.00280943
       -0.004046     -0.00421492
     -0.00535298     -0.00508995
     -0.00263693     -0.00304778
      -0.0044093       -0.006363
     -0.00335504     -0.00259586
    -0.000771242    -0.000847349
     -0.00696537     -0.00728392
    -0.000559385     -0.00069131
      -0.0183811      -0.0180453
    -0.000196413     -0.00022796
      5.4962e-05      8.1531e-05
    -0.000826059      -0.0010623
     -0.00105999      -0.0014103
     -9.9452e-05    -0.000173488
    -0.000306802    -0.000426834
       -0.016567      -0.0151688
     -4.5352e-05    -6.25008e-05
    -0.000722152    -0.000637988
    -0.000715571    -0.000425681
     -0.00489793      -0.0064154
     0.000451073     0.000326963
      -0.0109099       -0.011052
      0.00016378     4.00173e-05
     -0.00120265     -0.00185499
      -0.0131207       -0.013197
     -0.00010799    -0.000315645
     -0.00252515     -0.00253803
     -0.00207531     -0.00204297
      9.4396e-05     0.000190956
     -8.8789e-05     1.48985e-05
    -0.000509534    -0.000447486
     0.000117319     0.000167541
      -0.0019462     -0.00170896
     -0.00350572      -0.0033213
     -0.00129148     -0.00113718
     -0.00126872     -0.00128838
    -0.000145905      -0.0002069
    -0.000471642    -0.000665825
      -2.415e-06    -3.97342e-05
    -0.000432277    -0.000434476
      -0.0141015      -0.0131423
     -0.00103937    -0.000606775
    -0.000282718    -0.000291852
     -0.00119477     -0.00107354
     -0.00524767     -0.00500774
     -0.00851696     -0.00837445
    -0.000579743    -0.000521134
     -0.00123917     -0.00158801
     -0.00057196    -0.000517178
     -0.00029326     -0.00031978
     -0.00080659    -0.000860202
    -0.000557688    -0.000881503
    -0.000141542    -0.000250177
     -0.00315529     -0.00298799
     -0.00363078     -0.00388459
     -0.00734074     -0.00819838
      -0.0031237       -0.003547
      2.0904e-05    -0.000196005
     -0.00039039    -0.000412285
    -0.000359445    -0.000292913
     -0.00349339     -0.00246899
     0.000223409     0.000308645
     0.000191253     5.85422e-05
     0.000106363    -0.000116569
     -0.00910013     -0.00867637
    -0.000199831    -0.000460005
    -0.000199827    -0.000139069
     -3.6191e-05    -7.12296e-05
     0.000449857      0.00035909
     -0.00173694     -0.00192676
    -0.000640114    -0.000618244
      -7.349e-06    -0.000172747
     -0.00945405     -0.00907401
      3.8948e-05    -0.000226284
     -0.00574079     -0.00691863
    -0.000493925    -0.000691118
    -0.000886907    -0.000675806
    -0.000159493    -0.000177582
     -0.00154917     -0.00141129
     0.000346922     0.000301363
     -0.00231455     -0.00214367
    -0.000229533    -0.000319102
     -0.00218242     -0.00251577
     -0.00458369     -0.00429003
    -0.000101908    -0.000304014
     0.000263642    -0.000109344
     -0.00512506     -0.00452565
     0.000127901     2.34412e-07
    -0.000250979    -0.000397789
     -0.00417485     -0.00401796
      2.1255e-05     -0.00012899
     -0.00464842     -0.00476901
     -0.00462985     -0.00449668
     -0.00118887     -0.00134124
      -0.0042848     -0.00337511
     0.000281346     0.000215083
     -0.00222021     -0.00356151
     -0.00693999      -0.0071498
     -0.00692886     -0.00626421
      7.8587e-05    -0.000101966
     -0.00767011     -0.00799347
     0.000142677     0.000144865
      -0.0081591     -0.00912205
     0.000115358     2.38914e-05
    -0.000668908    -0.000693928
    -0.000191881    -0.000214444
    -0.000490651    -0.000594677
     -0.00817531     -0.00775957
    -0.000397463    -0.000420682
     -0.00158021     -0.00126261
      -0.0014324     -0.00127138
    -0.000326232    -0.000763057
    -0.000112825     2.81669e-05
    -0.000347792    -0.000588455
     -0.00435492     -0.00416882
     -0.00252951     -0.00191039
     -0.00073684    -0.000690436
     0.000236134      0.00021056
      -0.0114255      -0.0116946
     -2.1623e-05     0.000225519
     -0.00115376     -0.00074676
    -0.000534614    -0.000585262
     -7.1538e-05    -0.000123276
    -0.000817255     -0.00135916
     -0.00160588      -0.0014174
     -0.00142529     -0.00133427
     -0.00229809     -0.00298794
     -0.00517026     -0.00597323
     -0.00124974     -0.00159647
     -0.00401022     -0.00644041
     -0.00659705     -0.00690276
     -0.00623934     -0.00668775
    -0.000178081    -0.000398976
     -5.0456e-05    -0.000131495
     -0.00103815     -0.00105376
    -0.000420248     -0.00042842
     -0.00471289     -0.00507734
    -0.000646954    -0.000531454
     -0.00200701     -0.00184942
    -0.000604094    -0.000530388
      -0.0046912     -0.00424406
    -0.000323428    -0.000447787
    -0.000396854    -0.000405208
      3.3569e-05    -0.000101127
      -0.0236527      -0.0233435
     -0.00496269     -0.00424026
    -0.000412072    -0.000205521
    -0.000690354    -0.000827275
     -0.00152342     -0.00117379
      -0.0127293      -0.0113613
       2.574e-06     8.01759e-05
      0.00013742     0.000100438
      -0.0115491     -0.00912898
     -0.00181728     -0.00161545
     -0.00469086     -0.00698852
     -0.00279563     -0.00278451
     -0.00167582     -0.00181184
     -0.00160164     -0.00141297
    -0.000326468    -0.000391107
    -0.000188719    -0.000356425
     -3.4878e-05      7.6709e-05
    -0.000379901    -0.000476042
     -0.00339016     -0.00368182
     -0.00865432     -0.00827197
     -0.00017789    -0.000140956
     -0.00604106     -0.00706838
    -0.000561897    -0.000689913
    -0.000422734    -0.000551041
     -0.00267739     -0.00169749
     -0.00186202      -0.0021257
     -0.00283862     -0.00199828
    -0.000103103    -0.000202854
     -0.00338826     -0.00341246
      -0.0120346      -0.0122749
     -0.00404097     -0.00420376
     0.000303128     7.09229e-05
    -0.000439163    -0.000285798
      -5.126e-05     7.33464e-06
     -0.00177018     -0.00202621
     -0.00347647     -0.00341551
     -0.00102381    -0.000831308
     -0.00363463      -0.0035173
      -0.0100692      -0.0104961
     -0.00102746     -0.00108452
    -0.000783639     -0.00070286
      -0.0109164      -0.0100496
    -0.000546797    -0.000514769
      4.3969e-05    -0.000133333
      -0.0171445      -0.0157152
    -0.000311967    -0.000418195
     -0.00864142     -0.00888365
    -0.000714954     -0.00113491
      -0.0015494     -0.00133744
    -0.000131843    -0.000113748
    -0.000468001    -0.000390521
    -0.000510312    -0.000443314
     -0.00602874     -0.00507781
    -0.000831403    -0.000896783
     0.000121868     0.000125627
      -0.0106292     -0.00990232
     -0.00063208    -0.000376958
     -0.00264572     -0.00245551
    -0.000351879    -0.000287331
     -0.00069754    -0.000979774
     0.000143415     0.000177504
    -0.000243514    -0.000339665
     0.000170032     8.07084e-05
     -0.00256235     -0.00254879
     -0.00099559      -0.0011221
    -0.000348903    -0.000298218
      0.00012493     0.000132646
     -0.00629092     -0.00570752
    -0.000432422    -0.000531312
      -0.0109626      -0.0094664
     -0.00476733     -0.00469619
     -0.00323654     -0.00286269
      -0.0167775      -0.0160168
      6.3768e-05    -7.14263e-05
     -0.00304321      -0.0037879
     -0.00204336     -0.00231671
     -0.00228476     -0.00252695
     -5.7687e-05    -0.000222368
      -0.0026439     -0.00246049
       -0.005704     -0.00500996
      -0.0101901     -0.00997434
    -0.000230181    -0.000463397
    -0.000124697     -6.0333e-05
      -0.0170179      -0.0172449
     -0.00734988     -0.00700576
    -0.000375405     -0.00036359
     -1.4105e-05    -0.000101293
    -0.000253304    -0.000403546
    -0.000567638    -0.000415447
      -0.0111292      -0.0114362
    -0.000142636    -0.000389851
    -0.000295764    -0.000568364
    -0.000428899    -0.000284602
    -0.000551464    -0.000446525
     -7.3704e-05    -0.000100317
     0.000287721     0.000107575
     -0.00208698     -0.00209592
        -0.01297      -0.0134202
     -0.00611478     -0.00689025
     -0.00939407     -0.00998373
     -0.00880542     -0.00717202
      1.8295e-05     -7.2613e-05
    -0.000548927      -0.0010973
     -0.00262675     -0.00274644
     -0.00444271      -0.0050411
     -0.00820047     -0.00852464
    -0.000206819    -0.000141445
      0.00016519     9.84633e-05
     -0.00125128     -0.00158828
     -0.00636161     -0.00612014
      -0.0186327      -0.0188859
     0.000396687     0.000348088
     -0.00101194    -0.000871912
       -0.002022     -0.00217863
     -0.00403974     -0.00470512
      -0.0300093       -0.027171
    -0.000557308     -0.00107944
    -0.000121973     3.77206e-05
    -0.000325989     -0.00041316
     -0.00188703     -0.00213532
    -0.000291439    -0.000332828
     -0.00995974      -0.0127364
     0.000152027     0.000224466
     -0.00166935     -0.00158517
    -0.000427839    -0.000176572
    -0.000997796     -0.00127944
     -0.00167678     -0.00138999
     -7.6728e-05     4.43362e-06
    -0.000229115    -0.000315281
     -0.00476912     -0.00540811
    -0.000957448     -0.00147027
     -0.00013924     -0.00020058
     -0.00519577     -0.00511006
      4.4651e-05      2.1451e-05
    -0.000431277    -0.000392318
     -5.2962e-05     -0.00015452
     -0.00175686     -0.00109899
     -0.00149333     -0.00180913
    -0.000285646    -0.000230611
    -0.000174692    -0.000309068
    -0.000572535    -0.000328469
     -0.00270674     -0.00275683
     -0.00018522    -0.000332682
     0.000131064     8.41895e-06
     -0.00290067     -0.00322542
     -0.00123023     -0.00117298
    -0.000404199    -0.000394473
     0.000149987     0.000100927
      -2.084e-05    -0.000105244
     -8.1223e-05    -0.000293047
     -0.00113531     -0.00136493
     0.000234145     3.96694e-05
     -0.00077674    -0.000841178
     -0.00113857     -0.00112606
    -0.000301351    -0.000320597
    -0.000424325    -0.000416416
     -0.00718968     -0.00763594
     -0.00455713     -0.00384154
    -0.000588198    -0.000656881
      -0.0150642      -0.0138471
    -0.000482747    -0.000410014
       -0.010169      -0.0109444
    -0.000368612    -0.000216254
     -2.9026e-05    -6.08972e-05
    -0.000174428    -0.000291864
       1.718e-05    -0.000192744
    -0.000174749    -0.000246658
     -0.00237651     -0.00257068
      -0.0182963      -0.0168423
    -0.000724685     -0.00111398
       -0.012902      -0.0125117
     -0.00114442     -0.00116715
    -0.000115863    -0.000311255
    -0.000914552    -0.000739557
    -0.000236462     -0.00017176
     -0.00032659    -0.000278991
     -0.00047714    -0.000292808
    -0.000552745    -0.000606861
      7.8394e-05     5.88462e-06
    -0.000724841     -0.00110813
     -0.00063834     -0.00064919
    -0.000748621    -0.000679913
      2.2368e-05     -0.00010043
     -0.00328125     -0.00285444
     -0.00245677     -0.00240325
    -0.000667551    -0.000820053
     -0.00870942     -0.00691953
     -0.00050255    -0.000547517
      -0.0247708      -0.0226559
     -0.00467305      -0.0035652
    -0.000329993    -0.000398513
     -0.00248697      -0.0032636
      -0.0062131     -0.00582193
     -0.00614285     -0.00643098
     -0.00981945     -0.00974207
      -0.0119694      -0.0126792
     -0.00339848     -0.00369571
      -5.303e-05     -3.8554e-05
     -0.00672825     -0.00645216
    -0.000411946    -0.000748725
     -0.00658401     -0.00640887
     -0.00494261     -0.00416316
    -0.000135376    -0.000249566
     -0.00470656     -0.00505653
     -0.00138078     -0.00139318
     -0.00885692     -0.00830793
    -0.000443115    -0.000527803
    -0.000144219    -6.30665e-05
       5.381e-05    -9.18332e-05
    -0.000209445    -0.000472402
    -0.000571188    -0.000554078
     -8.9088e-05    -0.000182095
     -0.00152287     -0.00119837
    -0.000605645    -0.000873469
      -0.0129342      -0.0122742
     0.000124265     3.29105e-05
     -0.00154409     -0.00139628
     -0.00203783     -0.00179131
    -0.000510947    -0.000829431
     -0.00123269     -0.00109407
     -0.00364872      -0.0032901
     -3.1767e-05    -0.000154794
    -0.000332392    -0.000405418
     -0.00800956     -0.00762827
    -0.000371686    -0.000377269
    -0.000942503    -0.000871184
      1.7584e-05    -7.21194e-05
     -0.00054601     -0.00022455
    -0.000120097     -0.00045783
     -0.00295845     -0.00380657
      -0.0176798      -0.0183871
     -0.00791234     -0.00870739
     -0.00044863    -0.000398864
     0.000304241     0.000171816
     -0.00266057      -0.0025517
      6.0102e-05     0.000102274
      -0.0102202       -0.010335
     -0.00498146     -0.00508722
     -0.00118768    -0.000992569
     -0.00389152     -0.00331429
     -0.00184811     -0.00151524
      -0.0208981      -0.0190869
     -0.00147864     -0.00159157
     -0.00670198     -0.00784319
     -0.00161499     -0.00142008
     -0.00767264      -0.0068243
      -0.0107052      -0.0106312
     -0.00653973     -0.00679662
    -0.000331132    -0.000343942
     -0.00274417     -0.00295426
    -0.000679981    -0.000717774
     0.000209339     0.000205399
     -0.00531104     -0.00391506
     -0.00156769     -0.00169109
      -0.0055763      -0.0061699
    -0.000306995    -0.000167815
      -0.0237459      -0.0231861
     -0.00440027     -0.00473185
     -0.00339574     -0.00342587
      -0.0118053      -0.0146122
     -0.00100055     -0.00068972
     -3.6109e-05    -9.98725e-05
     -0.00276243      -0.0029131
     -0.00274379     -0.00320571
     -5.5691e-05    -0.000124998
     -0.00131862     -0.00157148
    -0.000214405    -0.000381614
    -0.000397543    -0.000692452
    -0.000388105    -0.000203755
    -0.000104247    -0.000305251
     -0.00669044     -0.00513369
    -0.000846153    -0.000518728
    -0.000863061    -0.000568138
      -0.0187364      -0.0166573
      -0.0121297      -0.0126621
     -6.5774e-05     -0.00037735
      -0.0209269      -0.0183732
      -0.0028294     -0.00317587
       6.114e-06     4.18442e-05
     -0.00159974     -0.00174482
      0.00013026     0.000110491
      5.9434e-05     5.08935e-07
     -0.00473938     -0.00407149
     0.000170758    -5.36259e-06
     -0.00114596     -0.00184761
      -0.0113936     -0.00960365
    -0.000218612    -0.000573285
     -3.1877e-05    -2.32448e-05
    -0.000423664    -0.000278428
     -0.00694917     -0.00738636
     0.000104955    -7.95363e-06
     -0.00177019     -0.00242218
     -0.00650169     -0.00636358
     -6.5922e-05     8.66652e-06
    -0.000195034    -0.000305647
     -0.00144965     -0.00203349
      -0.0323143      -0.0313223
      -0.0159226      -0.0150899
     -0.00035252    -0.000373493
    -0.000388344    -0.000283656
     -0.00170887      -0.0020147
     0.000240426     0.000216544
    -0.000925453     -0.00144168
    -0.000180767    -0.000385198
      -0.0138791      -0.0144861
    -0.000201295    -0.000332393
     -0.00105093     -0.00135635
    -0.000531579    -0.000668448
     -0.00312656     -0.00315061
      -0.0128039      -0.0173218
     -0.00479921      -0.0051536
     0.000203481     0.000294493
    -0.000274718    -0.000156968
      -0.0105824      -0.0112641
    -0.000630703    -0.000460273
     -0.00131991    -0.000940195
    -0.000311324    -0.000504958
     -0.00150369    -0.000829291
     -0.00130142    -0.000907815
    -0.000238748    -0.000146032
     0.000170736     -0.00015081
     0.000181923     0.000231582
     -0.00552436     -0.00607293
     -0.00925172     -0.00994796
    -0.000291174    -0.000315838
      -0.0122423      -0.0101198
    -0.000569514    -0.000520385
      -0.0192083      -0.0192176
    -0.000940721    -0.000745592
     -0.00404867     -0.00450975
     -0.00635241     -0.00639713
    -0.000211604    -0.000193486
      -0.0038396     -0.00404345
    -0.000816538    -0.000989211
     -2.5821e-05    -0.000158998
     -0.00947757      -0.0092594
    -0.000375698    -0.000498292
     -0.00284951     -0.00395912
     -0.00226906     -0.00184363
     -0.00213644     -0.00150683
     -0.00062317    -0.000355234
     -0.00515379     -0.00358017
     -0.00104292    -0.000555245
      -1.629e-05    -0.000174237
        -0.00039    -0.000277447
    -0.000207137    -0.000297934
     -0.00379752     -0.00357534
     -0.00118625     -0.00130352
     -0.00192217     -0.00115039
     -0.00669939     -0.00700349
     -0.00799379     -0.00719437
      0.00014668     6.46822e-05
     -0.00242367     -0.00226032
     -0.00150518      -0.0016928
     -7.8496e-05    -0.000357756
     0.000173689     0.000133616
    -0.000423843    -0.000666256
     -0.00243794     -0.00260495
     -0.00149393     -0.00194453
     -0.00067383    -0.000576541
    -0.000625335    -0.000685464
       3.387e-06     2.51631e-05
     0.000165895     0.000231741
      8.7721e-05     9.23653e-05
     -0.00272105     -0.00286408
     0.000232536      0.00016759
    -0.000119194    -0.000198889
      -0.0003943    -0.000515088
     -3.3439e-05    -8.56388e-05
      -0.0067867     -0.00855337
    -0.000538476    -0.000624233
     0.000176009     7.05485e-05
     -0.00177088     -0.00321675
     -0.00107685     -0.00122006
     -0.00207557     -0.00217216
     -0.00140826     -0.00113583
    -0.000598832    -0.000662352
    -0.000536385    -0.000417832
      -0.0111717      -0.0109542
     -0.00198747     -0.00196077
     -5.3763e-05    -0.000129503
    -0.000838269    -0.000895804
     0.000130706     0.000156738
     -0.00877399     -0.00922514
    -0.000360951    -0.000425155
    -0.000112909      -8.822e-05
    -0.000346743    -0.000378401
    -0.000924988    -0.000992411
       -0.011854      -0.0128637
     -0.00410789     -0.00332801
     -0.00151769     -0.00225997
    -0.000339807    -0.000148372
     -0.00327083     -0.00407146
     -0.00299187     -0.00244183
     -0.00285101     -0.00309552
    -0.000348559    -0.000492828
     -0.00835782     -0.00753743
     0.000131545      0.00017341
    -0.000348102    -0.000671852
      -0.0204352      -0.0213304
     0.000509141     0.000368073
     -0.00659749     -0.00599455
     -0.00186825     -0.00131566
     -0.00124917     -0.00111239
     -0.00368397     -0.00369532
     -0.00976367      -0.0124489
      -0.0171245      -0.0173722
     -0.00842918     -0.00729008
     0.000445436     0.000325796
      3.1054e-05     -4.3087e-05
     -0.00551388     -0.00580299
    -0.000774505    -0.000511758
     -0.00282004     -0.00350558
    -0.000331179    -0.000215442
    -0.000147013    -0.000420723
    -0.000218904    -0.000190358
    -0.000522753    -0.000511907
     0.000248306     0.000154745
     -0.00104689     -0.00119707
     -0.00352307     -0.00421334
     -0.00572301     -0.00500637
     -0.00112759    -0.000747671
     -0.00021761    -0.000208407
     -0.00640566     -0.00476623
      -0.0116882      -0.0122188
    -0.000204181    -0.000231459
     -0.00214158     -0.00172782
     -0.00276827     -0.00350066
    -0.000503413     -0.00107597
     -0.00033415    -0.000398287
     -0.00208359     -0.00189057
     -0.00547007      -0.0057279
    -0.000208713    -0.000494369
      -0.0082741     -0.00785798
     -7.6598e-05     -0.00015376
     -0.00916614     -0.00942596
     -0.00430308     -0.00432759
     -0.00012299    -0.000258811
    -0.000530301    -0.000492949
    -0.000813744    -0.000537902
     -0.00106759     -0.00124076
     -0.00329833     -0.00475582
     -0.00163396     -0.00223542
     -0.00369295     -0.00227656
     -0.00749535     -0.00806974
    -0.000695677    -0.000700294
     -0.00106977     -0.00179074
      -0.0152784      -0.0184918
     -0.00837925     -0.00806735
      -4.279e-05    -0.000175931
     -0.00536512     -0.00509797
     -0.00250319     -0.00227647
     -0.00271934     -0.00260934
     -0.00226551     -0.00225765
    -0.000889572    -0.000781531
      -0.0101871      -0.0103956
     0.000157687    -1.12798e-06
      0.00035986     0.000288793
     -9.0569e-05    -0.000210748
     -0.00449309     -0.00493449
    -0.000872238     -0.00106545
    -0.000497926    -0.000506536
     -0.00480407     -0.00476079
    -0.000310422    -0.000261426
     -0.00301415     -0.00382082
     -0.00271653     -0.00297638
     0.000135221    -0.000168635
     -0.00231243     -0.00250896
     -0.00131972    -0.000895515
    -0.000715497    -0.000797696
    -0.000371003    -0.000442163
    -0.000568974    -0.000648336
     -0.00539683     -0.00600835
    -0.000204829    -6.97963e-05
    -0.000594083    -0.000564929
     -0.00370407     -0.00274286
     -0.00256128     -0.00249604
      -0.0016561     -0.00166818
     -0.00114865     -0.00137712
     0.000175742     3.81784e-05
     -0.00417055     -0.00462551
     -0.00402681     -0.00473023
      -0.0119825      -0.0111649
     -0.00062867    -0.000829102
      0.00021178    -2.84229e-05
     0.000145329     4.43048e-05
    -0.000134248    -0.000150564
     0.000125655     1.46295e-06
      2.1385e-05     2.08647e-05
      -0.0118921      -0.0137194
     -9.2403e-05    -0.000169671
     -0.00493979      -0.0053091
    -0.000283397     -0.00029441
    -0.000808174      -0.0006679
       -0.024083      -0.0259604
    -0.000117191    -1.54199e-05
    -0.000358236     -0.00033264
     -8.6393e-05    -9.37491e-05
     -0.00106992    -0.000970398
      1.3032e-05    -0.000172503
     -0.00214528     -0.00156082
      -0.0115227      -0.0125391
     0.000317825     0.000280927
     -0.00435082     -0.00424498
    -0.000153313    -0.000326203
    -0.000753647    -0.000652948
     -0.00364508     -0.00368308
    -0.000673654    -0.000530282
     -0.00104162    -0.000697907
      -0.0112864       -0.011496
     0.000185488     0.000328088
     -0.00326051     -0.00308359
     -0.00113556     -0.00104423
      -0.0133231      -0.0121502
    -0.000633925    -0.000546549
       -0.002116     -0.00266972
     -0.00265665      -0.0023554
     -3.0482e-05    -2.14742e-05
      -0.0116617      -0.0109248
     -0.00163835     -0.00120766
    -0.000327985    -0.000547367
      9.2652e-05     0.000255995
       6.524e-05    -1.87501e-05
     0.000334287     0.000247869
    -0.000256968    -0.000199246
    -0.000232134    -0.000356423
     0.000114096     0.000117889
     -0.00433204     -0.00459134
     -0.00167498      -0.0018575
      -0.0205201      -0.0185554
     -4.3714e-05     2.80215e-05
     -1.2294e-05     2.78476e-05
    -0.000706241       -0.000648
     -0.00468393     -0.00578866
     -0.00526768      -0.0052142
     -0.00909243     -0.00727914
    -0.000838861    -0.000808053
     -0.00743653     -0.00803548
     -2.9281e-05    -3.64901e-05
     -0.00616122     -0.00618881
     -0.00662538     -0.00726201
     -0.00182627     -0.00211985
     -0.00072639    -0.000766121
     -0.00238459      -0.0024648
    -0.000321584    -0.000482479
     -0.00151543     -0.00112999
     -0.00240876      -0.0026994
     -0.00021845    -2.45246e-05
     -0.00175442     -0.00173672
      8.0635e-05    -9.41863e-05
    -0.000383794    -0.000333829
    -0.000181103    -0.000326732
     -8.2308e-05    -7.08932e-05
      -0.0112208      -0.0121659
     -0.00215517     -0.00227767
     -0.00112965    -0.000993367
     -9.9321e-05     2.57509e-07
      -0.0100494     -0.00877186
    -0.000820124    -0.000753323
     -0.00523665     -0.00402521
      -0.0077667     -0.00848444
    -0.000918961     -0.00126718
     -0.00235388     -0.00275177
     -0.00399566     -0.00419574
    -0.000520761     -0.00075673
     0.000444834     0.000318085
     -3.9847e-05     6.40856e-05
     -0.00253407     -0.00285286
    -0.000159697    -0.000204907
     0.000105351     0.000113055
    -0.000939791    -0.000870723
     -0.00296672      -0.0027273
    -0.000567434    -0.000288749
    -0.000924652     -0.00102622
      5.0362e-05     8.47144e-05
        9.88e-05    -2.77113e-05
     -0.00550291     -0.00534438
      -0.0102662     -0.00915425
     -0.00320205      -0.0030076
    -0.000635357    -0.000729276
     -5.5908e-05    -0.000247128
     -0.00143038     -0.00139878
      -0.0237773      -0.0226636
     -0.00352648     -0.00523444
     -0.00235172     -0.00271875
    -0.000230528    -6.29704e-05
    -0.000408479    -0.000451272
     -0.00114738     -0.00142011
      3.7996e-05     9.84258e-05
    -0.000384714    -0.000414326
     -0.00822267     -0.00805419
     0.000234134     0.000157878
    -0.000589576    -0.000712899
       5.311e-06    -0.000117597
     -0.00114109     -0.00100558
    -0.000453849     -0.00106707
      -0.0107339       -0.010414
     -0.00094913     -0.00118869
      -0.0013253     -0.00148059
     0.000183969     0.000202327
    -0.000844451    -0.000815513
    -0.000891804     -0.00100657
    -0.000118093     2.70144e-05
     -0.00999869     -0.00914921
    -0.000386183    -0.000291111
     -1.9751e-05     3.51142e-05
      -0.0193239      -0.0197866
     -0.00429754     -0.00500653
     -0.00237923     -0.00186659
    -0.000629565    -0.000989116
     -0.00890617     -0.00706728
    -0.000220733    -0.000260432
    -0.000918211     -0.00118817
     -0.00473525     -0.00404741
     -0.00800652     -0.00678943
    -0.000122549    -0.000245055
    -0.000914041    -0.000908751
    -0.000872847     -0.00104143
    -0.000674192    -0.000454641
     0.000460152     0.000256109
     -0.00123768     -0.00131858
    -0.000169155     -0.00033525
    -0.000531094    -0.000446076
     -0.00926131     -0.00908717
     -0.00101361      -0.0016029
     -0.00536186     -0.00750754
      -0.0005147    -0.000734156
    -0.000387703    -0.000417043
      9.3241e-05     6.79902e-05
     -0.00227863     -0.00277132
       -0.020678      -0.0197911
     -0.00171231     -0.00301325
    -0.000115512    -0.000131184
      8.3576e-05    -5.29609e-05
     -0.00236652     -0.00246732
    -0.000160983     -0.00023321
      4.8227e-05    -0.000133251
      -0.0265338      -0.0261217
