QM Energy	FF Energy
      -0.0004973    -0.000666912
    -0.000971549     -0.00101908
     -0.00111562      -0.0011817
     -0.00079265    -0.000835727
    -0.000277525    -0.000301194
    -0.000600898    -0.000686446
    -0.000241317    -0.000269317
     -0.00017694    -0.000416779
      0.00383205      0.00351266
    -0.000720591    -0.000823001
    -0.000767117    -0.000797773
    -0.000664832    -0.000719313
    -0.000526451    -0.000543623
    -0.000633537    -0.000726944
    -0.000580636    -0.000628001
    -0.000441403    -0.000649171
    -0.000707624    -0.000748734
      0.00261133       0.0022288
      0.00223722      0.00290334
    -0.000730188    -0.000994688
    -0.000631134    -0.000655535
       0.0121151       0.0132062
    -0.000702611    -0.000773526
    -0.000569333    -0.000585097
    -0.000803151     -0.00103081
    -0.000520147    -0.000539753
    -0.000902227     -0.00100459
      0.00695771      0.00700163
    -0.000818192    -0.000887021
      0.00494101      0.00358243
      0.00674332      0.00808351
     -0.00083515    -0.000910634
    -0.000846494    -0.000934342
    -0.000721921    -0.000774065
    -0.000534919    -0.000534406
    -0.000578178    -0.000820437
       0.0011653     0.000993059
      0.00368426      0.00337858
     0.000227144    -0.000211491
     -0.00025882    -0.000605397
    -0.000650856    -0.000801404
    -0.000728247    -0.000794573
    -0.000435515    -0.000435532
      0.00429501      0.00453378
      0.00392266      0.00271563
    -0.000853967    -0.000927236
    -0.000882522    -0.000895559
      -0.0010215     -0.00102564
    -0.000550795    -0.000576635
    -0.000958016    -0.000998503
    -0.000966744     -0.00100979
     -0.00102361      -0.0010564
    -0.000757392    -0.000890057
    -0.000554066    -0.000566136
      0.00259826      0.00240336
    -0.000757748    -0.000809088
     0.000169854    -0.000349863
      0.00141361      0.00147944
     0.000693291     0.000230537
    -0.000226997    -0.000791657
    -0.000528486    -0.000552654
     0.000381009     0.000157117
      0.00559061      0.00514888
    -0.000595443    -0.000874518
      0.00107026      0.00117586
       0.0158148        0.015614
      -0.0001962    -0.000412549
      0.00269447      0.00315654
    -0.000211709    -0.000313088
       0.0052506       0.0066741
      0.00110036      0.00117822
      0.00160158      0.00121337
        0.000177    -0.000327346
    -0.000689214    -0.000639771
    -0.000966676      -0.0010389
     0.000605052     0.000148727
      0.00678136      0.00572513
    -0.000598625    -0.000651514
      0.00454088      0.00416915
    -0.000830746      -0.0009161
    -0.000917029    -0.000952863
     0.000248218    -9.20912e-05
    -0.000183209    -0.000210157
      0.00712029      0.00616048
    -0.000570624    -0.000599176
    -0.000822216    -0.000871394
      0.00362954      0.00422666
    -0.000757385    -0.000824808
    -0.000636417    -0.000675658
       0.0174527       0.0186535
    -0.000550932    -0.000564582
    -0.000859083    -0.000899872
      0.00678918      0.00720444
      0.00317721      0.00227918
      -0.0011069     -0.00119282
    -0.000367277    -0.000508334
     0.000730276     0.000362664
      0.00745415      0.00715938
    -0.000341048    -0.000536174
     -7.8117e-05    -0.000115488
     -0.00101029      -0.0011932
    -0.000653213    -0.000767679
    -0.000367159    -0.000296726
       0.0016302     0.000679558
      0.00142923      0.00145483
       0.0109416      0.00933155
    -0.000604975    -0.000641461
    -0.000697311    -0.000851383
      0.00718583       0.0075904
    -0.000523436    -0.000734028
      0.00440379      0.00435858
      0.00032083      0.00011288
      0.00137415       0.0017423
      0.00102163     0.000871063
      0.00317606      0.00356814
    -0.000720392    -0.000773746
    -0.000218557    -0.000655571
    -0.000778323    -0.000918866
     0.000641672      0.00056499
     -0.00073602    -0.000794694
      0.00348719      0.00385334
    -0.000570628    -0.000663095
    -0.000642959    -0.000664805
    -0.000360689    -0.000516192
    -0.000922002     -0.00103356
    -0.000557712    -0.000707678
    -0.000671386    -0.000715346
    -0.000743891    -0.000838986
    -0.000385193    -0.000378619
    -0.000654078    -0.000748635
      0.00413437      0.00448838
       0.0106157       0.0104538
      0.00137495      0.00152167
    -0.000716248    -0.000765407
     0.000590673     0.000531807
    -0.000673075    -0.000654469
     0.000305902    -0.000331079
    -0.000489697    -0.000495584
    -0.000821592    -0.000898958
      0.00198933      0.00114868
    -0.000614083    -0.000685832
      0.00480223      0.00426852
      0.00284329      0.00199515
    -0.000315912    -0.000306449
    -0.000692148    -0.000759693
    -0.000878418     -0.00104148
    -0.000195089    -7.35016e-05
    -0.000751196    -0.000802881
    -0.000645639    -0.000702458
     0.000325684     4.11005e-05
    -0.000612499    -0.000631967
    -0.000672393    -0.000706274
    -0.000615696    -0.000654677
    -0.000206233    -0.000339148
    -0.000124347    -0.000308153
      0.00652825      0.00785897
    -0.000781884    -0.000822606
    -0.000427934     -0.00055354
    -0.000589381    -0.000623237
    -0.000832629    -0.000769053
     0.000904804     0.000598174
     -0.00034007     -0.00033208
      0.00176783      0.00198913
      0.00393762      0.00281588
         0.00195      0.00119694
       0.0022484      0.00146609
       -0.000656    -0.000694108
      0.00360067      0.00392949
      0.00775948      0.00765079
    -0.000785421    -0.000965358
     -0.00107654     -0.00117567
    -0.000262269    -0.000669228
     -0.00085607    -0.000963298
      0.00337967      0.00349235
    -0.000917042    -0.000997511
      0.00664006       0.0061735
     0.000792627      0.00080907
    -0.000601282    -0.000647082
      0.00117109      0.00158471
    -0.000684243    -0.000732074
    -0.000643897    -0.000687065
    -0.000812392    -0.000867896
      0.00319846      0.00402092
     -0.00120141     -0.00132924
    -0.000494587    -0.000775775
      0.00384353      0.00291399
     0.000692321     0.000758221
    -0.000475142    -0.000715642
     -0.00034558    -0.000334083
     -0.00055003    -0.000834933
    -0.000372809    -0.000618564
    -0.000836526     -0.00109452
    -0.000858953    -0.000898819
    -0.000686095    -0.000797417
     -0.00059929    -0.000748165
      0.00115633      0.00125232
    -0.000698202     -0.00083993
    -0.000960758     -0.00100233
    -0.000378361    -0.000602325
    -0.000954718     -0.00100853
    -0.000571269    -0.000600046
    -0.000850621    -0.000878108
    -0.000662008    -0.000740494
     -0.00082268    -0.000965256
    -0.000620608    -0.000641963
    -0.000403327    -0.000423392
      0.00142131      0.00124231
    -0.000411415     -0.00040383
     0.000666776     0.000438315
    -0.000881577    -0.000956894
      0.00576272       0.0051972
    -0.000783462    -0.000860184
    -0.000881187    -0.000920368
     -0.00056981      -0.0005914
    -0.000809775    -0.000861854
      0.00142247     0.000908447
     0.000207609    -0.000313277
     0.000727945     0.000711428
    -0.000655111    -0.000689393
    -0.000614074    -0.000638269
     0.000662326     0.000530579
      0.00437411      0.00497069
      0.00295228      0.00371978
       0.0027781      0.00252968
      0.00585054      0.00519051
       0.0116832        0.010754
    -0.000618126    -0.000725105
     0.000558391     0.000165334
    -0.000796217    -0.000911124
     0.000743675     0.000479279
    -0.000703201    -0.000866477
     0.000702438     0.000128704
    -0.000909237     -0.00100782
     -0.00077723    -0.000816714
     0.000594015     2.49246e-05
      0.00151249      0.00147908
    -0.000834519     -0.00103828
    -0.000478484    -0.000496739
       0.0069171      0.00647702
    -0.000778295    -0.000953437
    -0.000827839    -0.000858813
      0.00446687      0.00319128
      0.00486625      0.00543968
       0.0028486        0.002745
      0.00141529      0.00166586
    -0.000661054    -0.000687977
    -0.000442156    -0.000441345
     -0.00107942     -0.00114049
    -0.000856684    -0.000892717
      0.00134605      0.00191669
    -0.000658775    -0.000685794
      0.00201968      0.00189157
    -0.000522491    -0.000540463
    -0.000802644    -0.000915372
      0.00278344      0.00233893
    -0.000530128    -0.000529734
       0.0052787      0.00414806
     -9.8441e-05    -0.000107032
    -0.000627847    -0.000656189
       0.0068651      0.00660672
    -0.000597925    -0.000628317
     -0.00112135     -0.00126128
      0.00381609      0.00437616
      0.00696417      0.00724139
    -0.000372392    -0.000424086
    -0.000757191    -0.000860258
     0.000579493     0.000717185
    -0.000642396    -0.000802519
       0.0020139      0.00214512
     -0.00056496    -0.000593497
    -0.000880392    -0.000918863
    -0.000868318    -0.000980536
    -0.000728894     -0.00085775
      0.00330515      0.00365249
    -0.000827717    -0.000935588
    -0.000729458    -0.000824175
      0.00355947      0.00257911
      0.00692549      0.00652713
    -0.000554366    -0.000581623
      0.00105841      0.00137774
    -0.000648666     -0.00069652
    -0.000462741    -0.000464152
    -0.000644496    -0.000701592
     0.000766501     0.000713783
    -0.000519831    -0.000672393
    -0.000799086    -0.000920005
    -0.000812341    -0.000889921
       0.0121358       0.0135838
    -0.000516104    -0.000659183
    -0.000891079    -0.000948096
     -0.00061393    -0.000641838
      0.00566973      0.00522722
     0.000238985     0.000297477
      0.00798293      0.00812036
       0.0128647       0.0143048
     0.000538014      0.00010237
      0.00550486       0.0051926
      0.00556966      0.00645064
    -0.000793589    -0.000887091
    -0.000887941    -0.000931457
      0.00157953      0.00172476
      0.00143544      0.00103854
    -0.000586226    -0.000615525
    -0.000681773    -0.000879025
      0.00679132      0.00555547
    -0.000434651    -0.000667925
    -0.000766738    -0.000823262
      0.00139504     0.000579301
    -0.000707663    -0.000748746
    -0.000620663    -0.000673713
      0.00327992      0.00380224
      0.00663825      0.00623872
     -0.00059751    -0.000610485
      0.00109131     0.000822663
    -0.000576322    -0.000585373
     0.000444464     0.000673779
    -0.000790902     -0.00080857
    -0.000780969    -0.000818145
      0.00010318     -0.00025732
    -0.000268404    -0.000334249
    -0.000620815    -0.000674442
     0.000201646     0.000527178
    -0.000832363    -0.000868297
      0.00445897      0.00423134
     0.000376876     0.000418032
    -0.000701374    -0.000751819
    -0.000663244    -0.000770656
    -0.000737542    -0.000937754
    -0.000478652    -0.000481103
    -0.000815784    -0.000931095
     -0.00045894    -0.000435745
     0.000883276     0.000927176
    -0.000527696    -0.000534873
      0.00218539      0.00210201
    -0.000280984    -0.000729842
    -0.000433754    -0.000430424
     0.000144058     0.000170291
      0.00174353      0.00162282
    -0.000971886     -0.00103493
    -0.000665226    -0.000928679
     -0.00025135    -0.000593352
    -0.000749097    -0.000916921
     -0.00052053    -0.000537307
    -0.000923929    -0.000993822
    -0.000617767    -0.000659005
     0.000860221     0.000686726
      0.00157372      0.00214857
    -0.000771923    -0.000902183
    -0.000781707     -0.00104784
    -0.000514815    -0.000530948
    -0.000731241    -0.000864164
     -0.00105073     -0.00109807
    -0.000660476    -0.000699651
    -0.000989868     -0.00104196
    -0.000589088    -0.000661519
      0.00123394     0.000969064
    -0.000569234    -0.000601158
    -0.000901042    -0.000972018
    -0.000494789    -0.000506276
    -0.000926266    -0.000984831
    -0.000462244    -0.000474236
       0.0036274      0.00246142
    -0.000833658    -0.000952246
    -0.000891157    -0.000986978
    -0.000611186    -0.000680574
    -0.000687228    -0.000667885
     0.000480398     -2.8544e-05
      0.00526511       0.0053443
     -0.00056935    -0.000587216
     0.000146712    -0.000346056
    -0.000505988    -0.000526752
    -0.000335555     -0.00034587
    -0.000508969    -0.000554127
    -0.000729538    -0.000816998
    -0.000675308    -0.000732849
       0.0032297      0.00384451
      0.00155649      0.00149916
       0.0037506      0.00422652
     -0.00097151     -0.00111725
       0.0151948       0.0134368
      0.00204554      0.00130167
        0.015829       0.0141833
    -0.000868512    -0.000959952
    -0.000587713    -0.000620423
    -0.000743678    -0.000837089
    -0.000528991    -0.000548815
    -0.000555359    -0.000568922
    -0.000501627    -0.000551229
    -0.000831798     -0.00086138
    -0.000222983     -0.00018698
    -0.000810247    -0.000861483
    -0.000564642    -0.000571905
     -0.00076274    -0.000805786
      0.00574828      0.00530026
    -0.000899177    -0.000957697
    -0.000759345    -0.000779992
     0.000480902     0.000232596
      0.00443638      0.00344779
      0.00140611      0.00215759
    -0.000778148    -0.000915537
     0.000962606     0.000809995
    -0.000791324    -0.000887757
    -0.000585588    -0.000606409
    -0.000111948    -0.000251361
    -0.000941945        -0.00094
    -0.000557783    -0.000788256
    -0.000713488     -0.00100364
    -0.000593865    -0.000675298
    -0.000380489    -0.000563612
    -0.000596523    -0.000687939
      0.00173195      0.00138119
    -0.000709118    -0.000755233
    -0.000275041    -0.000422195
     -0.00072273    -0.000821697
    -0.000660092     -0.00068147
     -0.00104586     -0.00109066
     -0.00044272    -0.000515018
      0.00405586      0.00396996
     0.000208967    -0.000321343
     -0.00072845    -0.000773597
    -0.000856545    -0.000921215
      0.00177308      0.00153925
    -0.000848049    -0.000886835
    -0.000745733     -0.00107737
    -0.000620494    -0.000689761
     0.000933635     0.000917808
    -0.000673554    -0.000748883
     -0.00074912    -0.000773043
    -0.000256129     -0.00073115
      0.00232358       0.0034678
    -0.000385676    -0.000490685
    -0.000526068    -0.000545894
    -0.000560786    -0.000839385
      -0.0010381      -0.0011039
     -0.00106968     -0.00117071
    -0.000572991    -0.000587207
    -0.000905326    -0.000982148
       0.0103893      0.00969308
      0.00256681       0.0020699
    -0.000784693    -0.000821834
     0.000610874      0.00025264
    -0.000109884    -0.000143466
    -0.000929169    -0.000976267
     -0.00084415     -0.00112237
      0.00281834      0.00232926
    -0.000833575    -0.000869101
    -0.000987319     -0.00106015
     -0.00104809     -0.00112603
      0.00238111      0.00260078
    -0.000834328    -0.000939739
    -0.000567699    -0.000601803
      0.00270929      0.00315234
    -0.000541788    -0.000634527
    -0.000664508     -0.00104928
    -0.000599404    -0.000768183
      -0.0008478    -0.000881875
    -0.000972529     -0.00114787
    -0.000690509    -0.000805408
    -0.000454289    -0.000459744
      -0.0007272    -0.000705152
     -0.00111733     -0.00114461
      0.00269538      0.00226373
    -0.000118938    -0.000313387
    -0.000414459    -0.000625321
    -0.000448851    -0.000492318
    -0.000694427    -0.000722194
    -0.000636294    -0.000680704
      0.00582847      0.00551056
    -0.000247519    -0.000342215
    -0.000719942    -0.000736066
      0.00663426      0.00709196
    -0.000642414    -0.000699583
      0.00984004      0.00860827
    -0.000932136     -0.00103128
    -0.000770143    -0.000933706
    -0.000585987    -0.000619056
    -0.000808468    -0.000871469
      0.00966039       0.0116952
     0.000213171     0.000189238
      0.00226425      0.00276111
    -0.000437188    -0.000436282
    -0.000983879     -0.00104373
     -0.00059691     -0.00062919
     0.000983397     0.000283185
    -0.000670699    -0.000745121
      0.00683157      0.00586158
    -0.000655356     -0.00068092
    -0.000714202    -0.000834433
       -0.000774     -0.00083183
     -0.00108169     -0.00114164
      0.00825387      0.00717708
      0.00106178      0.00127824
    -0.000598811    -0.000758416
    -0.000623223    -0.000680434
    -0.000907557     -0.00104749
      0.00389086      0.00341405
    -0.000664894    -0.000722453
      0.00102711       0.0014109
       0.0051846      0.00475948
    -0.000502438    -0.000519324
    -0.000755085    -0.000855781
      0.00248914        0.002352
    -0.000754184    -0.000795405
     -0.00100888     -0.00117447
    -0.000579024    -0.000688885
     -0.00124313     -0.00135607
    -0.000517916    -0.000718085
      0.00297627      0.00266971
    -0.000891547    -0.000937021
      0.00525416      0.00548639
      0.00342435      0.00339192
    -0.000540749    -0.000499493
     0.000688528     0.000428394
      0.00401605      0.00295497
     -0.00069024    -0.000814826
     -0.00061764    -0.000800009
    -0.000806195    -0.000928095
    -0.000946517     -0.00098459
      0.00384662      0.00389423
    -0.000865474     -0.00092829
        0.003123      0.00292667
    -0.000495489    -0.000506005
      0.00162137      0.00158214
    -0.000104617    -6.79644e-05
    -0.000225192    -0.000286218
    -0.000761328    -0.000978028
      0.00166672      0.00209396
    -0.000661522     -0.00111286
    -0.000705048    -0.000780547
       0.0119834       0.0114086
     0.000890355      0.00101394
    -0.000622418    -0.000649968
    -0.000605832    -0.000628097
    -0.000595852    -0.000651153
    -0.000644635    -0.000756435
      0.00223758      0.00244267
     0.000491445     0.000660849
    -0.000636282    -0.000654571
    -0.000442502    -0.000439462
     -0.00060012    -0.000624744
      0.00289426      0.00361539
    -0.000697693    -0.000755074
    -0.000618982    -0.000650864
    -0.000377115    -0.000605011
     0.000698441    -4.39256e-05
    -0.000737646    -0.000768722
     -0.00061133    -0.000617514
    -0.000587551    -0.000617666
      0.00157082      0.00131755
    -0.000560674    -0.000767022
    -0.000885995     -0.00100426
      0.00586439      0.00637253
    -0.000587206    -0.000635834
    -0.000690568    -0.000893998
      0.00311612      0.00281164
       0.0016321      0.00130492
     0.000232854     3.10759e-05
      0.00552546      0.00544162
    -0.000656024    -0.000714146
    -0.000689063    -0.000995047
       0.0125401       0.0114745
      0.00199154       0.0016949
    -0.000617797    -0.000669595
    -0.000820227    -0.000890773
      0.00364019      0.00309881
     0.000544688     0.000153567
    -0.000675427    -0.000745128
      0.00998272      0.00938744
    -0.000967321     -0.00105079
      0.00450853       0.0039498
    -0.000818545    -0.000983316
     0.000730244     0.000295895
    -0.000103138    -0.000403984
        -0.00113     -0.00119516
      0.00511337      0.00374934
      0.00737996        0.008337
     -0.00062798    -0.000661889
     -0.00085146    -0.000879427
     0.000538444      0.00047261
     0.000260343     0.000166593
      0.00802126       0.0072039
    -0.000462888    -0.000461898
     0.000210655    -0.000159736
        0.003102      0.00271605
    -0.000692777    -0.000732309
    -0.000635135    -0.000668385
       0.0111512        0.010199
      0.00128473      0.00118198
    -0.000650426    -0.000674053
    -0.000432062    -0.000663413
    -0.000595798    -0.000769613
    -0.000687009    -0.000857564
    -0.000940099    -0.000949495
      0.00483628      0.00560433
    -0.000945674     -0.00107147
      0.00286636      0.00233906
      0.00794395      0.00672781
    -0.000107076     0.000192607
    -0.000706991    -0.000790078
       0.0051559      0.00574436
     0.000132018    -5.14157e-05
      0.00047507     0.000639305
    -0.000565715    -0.000601079
    -0.000854384     -0.00096622
     -0.00118493     -0.00126224
    -0.000898065    -0.000951125
      0.00537707      0.00518764
      0.00153318      0.00152926
     -0.00058707    -0.000610176
      0.00026843     -0.00026667
     0.000915072      0.00153365
       0.0103016      0.00859402
    -0.000454094    -0.000469227
      0.00610552       0.0065166
    -0.000418993    -0.000403399
      0.00321545      0.00412567
    -0.000928245    -0.000998187
    -0.000514203    -0.000536087
     0.000724994     0.000611142
    -0.000440976    -0.000473179
      0.00163263     0.000929678
     -0.00070665    -0.000766707
    -0.000643438    -0.000782429
    -0.000589549    -0.000629801
    -0.000698998    -0.000793483
    -0.000538812    -0.000575213
    -0.000724891    -0.000820019
    -0.000769159    -0.000867951
    -0.000752323    -0.000841986
    -0.000803253    -0.000920465
    -0.000849779    -0.000931768
      0.00247586      0.00269339
     0.000673609     0.000486051
    -0.000785204    -0.000881501
     0.000191571    -7.35134e-05
      0.00397622      0.00377403
      0.00134052     0.000244299
    -0.000743379    -0.000908315
    -0.000925967      -0.0010828
    -0.000556463    -0.000576881
      0.00297531      0.00292573
    -0.000544486    -0.000562443
    -0.000354502    -0.000432999
    -0.000809052    -0.000886295
    -0.000594519    -0.000619538
    -0.000624539    -0.000662102
      0.00135171      0.00113698
     0.000538429      0.00068845
    -0.000342322    -0.000668613
      0.00174181      0.00193298
     0.000573167     0.000245197
    -0.000960089    -0.000990178
      0.00235592      0.00211864
    -0.000663004    -0.000727968
      0.00314028      0.00312403
    -0.000569078    -0.000914319
    -0.000442576    -0.000579793
     0.000881565     0.000992951
    -0.000474378    -0.000481259
     -0.00049261    -0.000505317
    -0.000523157    -0.000533477
    -0.000807215    -0.000983822
    -0.000944003     -0.00103504
    -0.000624699    -0.000661372
     -0.00051676    -0.000636256
      0.00547831      0.00521808
      0.00533286       0.0063038
    -0.000261713    -0.000281994
    -0.000719744    -0.000822305
       0.0108433       0.0102519
    -0.000267679     -0.00029285
     0.000712935     4.98073e-05
      0.00355357      0.00270472
    -0.000741526    -0.000822562
      0.00169017      0.00170497
    -0.000584234    -0.000600659
    -0.000477374    -0.000484018
      0.00555262      0.00446085
    -0.000529679    -0.000656602
     0.000525823     0.000195164
    -0.000994096     -0.00104797
     0.000971898      0.00103533
     0.000342631    -2.85242e-05
      0.00632901      0.00520513
    -0.000568175    -0.000872648
     -0.00072209    -0.000817427
     -0.00113614     -0.00121616
    -0.000598069      -0.0006539
    -0.000734464    -0.000857815
    -0.000774257    -0.000821287
     0.000738342     0.000209486
    -0.000922341    -0.000952392
    -0.000923505     -0.00104073
      -0.0009423     -0.00101644
      0.00733492      0.00627629
     -0.00114668     -0.00127034
     0.000962455      0.00081115
    -0.000430324    -0.000425451
    -0.000590799    -0.000603492
    -0.000608331    -0.000927059
     -0.00060999       -0.000645
      0.00070781     0.000392618
    -0.000629071    -0.000666646
    -0.000403698    -0.000507508
      0.00226246      0.00148522
    -0.000746792    -0.000805522
      0.00818538       0.0065287
     -9.3162e-05    -0.000369519
    -0.000475137    -0.000534333
    -0.000513911    -0.000528096
    -0.000377564    -0.000480742
     0.000318526      5.0153e-05
      0.00364733      0.00461618
    -0.000717769     -0.00078071
      0.00318922      0.00389068
      0.00534453      0.00414217
      0.00383465      0.00462204
    -0.000555897     -0.00058567
    -0.000574271    -0.000623475
    -0.000874634    -0.000926775
    -0.000243261    -0.000615637
    -0.000306291    -0.000622936
    -0.000685379     -0.00077736
      0.00415281       0.0051685
    -0.000619372    -0.000658842
      0.00223751      0.00137782
    -0.000785617    -0.000918727
     -0.00064014    -0.000689029
    -0.000497289    -0.000505542
    -0.000563651    -0.000562928
       0.0174619       0.0163491
    -0.000375862    -0.000493284
     -0.00069809     -0.00078014
    -0.000536171    -0.000621519
     0.000332419      0.00024114
    -0.000355346     -0.00063961
       0.0031705      0.00383588
      0.00244798      0.00297643
    -0.000814543    -0.000973457
    -0.000673673    -0.000753268
    -0.000333487    -0.000395854
     0.000659877      0.00082818
    -0.000601735    -0.000632117
     -0.00075335    -0.000840033
      0.00146744     0.000956526
      0.00170977      0.00122284
    -0.000503152    -0.000519354
     -0.00078372    -0.000852772
    -0.000655748     -0.00070421
    -0.000385699    -0.000421626
    -0.000702426    -0.000876426
     0.000201506     8.91208e-05
    -0.000957809     -0.00101731
      0.00140796      0.00139128
    -0.000567812    -0.000600131
    -0.000757472    -0.000859694
      0.00653693      0.00614025
    -0.000524198    -0.000594588
    -0.000689758    -0.000767175
     0.000221163     0.000266093
      0.00222638      0.00277158
    -0.000630362    -0.000898154
    -0.000558092    -0.000570495
     0.000475319     0.000659995
    -0.000461435    -0.000463709
    -0.000443327    -0.000449781
    -0.000612942    -0.000655034
      0.00362668       0.0038534
     0.000926471     0.000721216
    -0.000638612    -0.000677202
     0.000458962     0.000673248
    -0.000719555    -0.000790994
    -0.000414172    -0.000351594
      0.00070244     0.000158982
    -0.000805279    -0.000853368
    -0.000893097    -0.000922762
    -0.000665355    -0.000723367
    -0.000416191    -0.000588664
     -0.00071418    -0.000809149
      0.00211796      0.00250954
     0.000577813     0.000108346
    -0.000809528    -0.000870604
     -0.00105605      -0.0011907
    -0.000300202     -0.00070982
      0.00432375      0.00485093
    -0.000167041    -0.000249632
      0.00316001      0.00184546
      0.00128638     0.000995795
      0.00121955     0.000911162
      0.00200034      0.00166787
    -0.000669648    -0.000725721
     -0.00113305     -0.00121111
    -0.000512229     -0.00050096
     -0.00106844     -0.00115707
    -0.000683234    -0.000698805
      0.00129405      0.00109035
    -0.000855606     -0.00095904
    -0.000786136    -0.000848089
    -0.000680024     -0.00111496
    -0.000835841     -0.00103724
    -0.000628957    -0.000698524
    -0.000708196    -0.000803814
    -0.000490303    -0.000496411
      0.00310259      0.00273247
       0.0126464       0.0114087
     -0.00022992    -0.000755549
    -0.000885221     -0.00091967
    -0.000832736     -0.00104966
    -0.000477777    -0.000593806
     0.000867261      0.00100892
    -0.000764894    -0.000838063
    -0.000670476    -0.000713052
    -0.000794672    -0.000830929
    -0.000797702    -0.000857508
    -0.000699956    -0.000749884
    -0.000495035    -0.000542733
       8.023e-05    -0.000447775
       0.0045044      0.00329879
      0.00401326      0.00337602
      0.00695056      0.00635578
      0.00171395      0.00231077
      0.00153127      0.00178772
    -0.000994641     -0.00106627
    -0.000792176    -0.000901045
    -0.000576785    -0.000592451
    -0.000932423     -0.00095777
    -0.000723136     -0.00078147
    -0.000756244    -0.000774831
      -0.0006889    -0.000716516
    -0.000257731    -0.000685302
       0.0145767       0.0156431
    -0.000641405     -0.00068225
     -0.00101755     -0.00113602
    -0.000499878    -0.000508169
     0.000905007     0.000904229
    -0.000457761    -0.000624504
    -0.000425349    -0.000696644
     0.000408804     0.000463091
    -0.000656072     -0.00069752
      0.00085685     0.000318433
    -0.000651534    -0.000764667
     -0.00066803    -0.000748056
    -0.000699571    -0.000833301
      0.00201654        0.001583
      0.00315448      0.00258326
    -0.000723819    -0.000791746
    -0.000761655    -0.000829951
     -0.00064528    -0.000654604
    -0.000443105    -0.000452643
    -0.000475842    -0.000826666
      0.00551879      0.00668959
      0.00586399        0.006291
    -0.000527527    -0.000629983
    -0.000146603    -0.000430015
    -0.000857234    -0.000974619
    -0.000922143     -0.00101456
     0.000277115     0.000387088
    -0.000620554    -0.000645825
     -0.00098443      -0.0011161
    -0.000715658    -0.000829545
    -0.000737815    -0.000823636
    -0.000288577    -0.000616092
    -0.000370479    -0.000581126
     -0.00079461    -0.000827694
     -0.00071548    -0.000744601
      0.00420805      0.00490834
    -0.000604422    -0.000721274
    -0.000845411    -0.000906832
    -0.000554427    -0.000582892
     -0.00055011    -0.000764679
    -0.000109077    -0.000700555
    -0.000510355    -0.000680432
    -0.000945612      -0.0010827
    -0.000524677    -0.000605391
    -0.000671016    -0.000861644
    -0.000979096     -0.00113517
    -0.000467695    -0.000477464
      0.00305975       0.0025985
       0.0197439       0.0184699
     -0.00104662     -0.00114776
    -0.000637148    -0.000772234
    -0.000846488    -0.000977132
      0.00474585      0.00403112
      0.00310198      0.00200221
      0.00241903      0.00234666
      0.00677167      0.00599498
    -0.000738556    -0.000771569
     0.000999639     0.000680456
     0.000202732     7.71109e-05
      0.00069313     0.000558594
     -0.00112143     -0.00132308
    -0.000664997    -0.000767825
      0.00177202      0.00188745
    -0.000722989    -0.000790797
    -0.000672989    -0.000706047
    -0.000762327    -0.000847637
      0.00677194      0.00645517
    -0.000668686    -0.000700208
      0.00039032     0.000136907
    -0.000579784    -0.000704877
    -0.000115055    -0.000413619
     -0.00060875    -0.000653596
    -0.000287539    -0.000551355
     -0.00064713    -0.000731647
     -0.00127592     -0.00134827
     -0.00105047     -0.00111333
    -0.000501669    -0.000512974
    -0.000663651    -0.000777363
    -0.000984075     -0.00117674
    -0.000734287    -0.000820534
      0.00105572     0.000876045
    -0.000382766    -0.000824122
    -0.000624482    -0.000661851
     0.000663276     0.000499115
      0.00159404      0.00134697
    -0.000134054    -0.000359218
      0.00548225      0.00519589
      0.00125198     0.000836781
    -0.000406753    -0.000433281
     -0.00043079    -0.000372853
      0.00220355       0.0022651
      0.00367554      0.00290073
    -0.000716095    -0.000748942
    -0.000733073    -0.000779726
    -0.000721436    -0.000969148
    -0.000280987    -0.000413381
      0.00408342      0.00343137
     -0.00065831    -0.000747282
    -0.000229844    -0.000588526
      0.00116135     0.000902156
    -0.000625307    -0.000627615
    -0.000810725    -0.000758401
    -0.000652581    -0.000689321
    -0.000709713    -0.000798087
    -0.000549668      -0.0005882
    -0.000713049    -0.000816321
    -0.000723206    -0.000871646
    -0.000572011    -0.000596018
       0.0034652      0.00396739
      -0.0010401     -0.00107907
    -0.000935579    -0.000968071
      0.00640306      0.00699154
     -0.00022674    -0.000100357
     -0.00101886     -0.00112294
      0.00216487      0.00241711
     -6.5696e-05    -0.000224393
    -0.000687542    -0.000788034
      0.00214285      0.00198996
     -0.00106876     -0.00112922
    -0.000702543     -0.00078909
      0.00305904      0.00313216
     0.000127279     -0.00015207
      8.9116e-05    -0.000366907
     -0.00029907    -0.000538958
     0.000805045      0.00026401
       0.0006476     0.000261098
    -0.000717067    -0.000799495
    -0.000837408    -0.000969493
     -0.00099606     -0.00102665
